[-0.41609349846839905,-0.4176802933216095,-0.42018941044807434,-0.4183848798274994,-0.4199438989162445,-0.4192245304584503,-0.41946977376937866,-0.419215589761734,-0.42217379808425903,-0.41997987031936646,-0.4219945967197418,-0.4187752306461334,-0.42339932918548584,-0.41798698902130127,-0.4192237854003906,-0.418029248714447,-0.4164683520793915,-0.4172360897064209,-0.4180249273777008,-0.4149271547794342,-0.41159695386886597,-0.4117122292518616,-0.4121086001396179,-0.41190630197525024,-0.4117875397205353,-0.4114838242530823,-0.4127017557621002,-0.4076966643333435]
[-0.4189973771572113,-0.41932931542396545,-0.4215810298919678,-0.41994524002075195,-0.42101845145225525,-0.41901853680610657,-0.4191625714302063,-0.4184223413467407,-0.41985884308815,-0.41789156198501587,-0.42069554328918457,-0.4160812497138977,-0.4208371639251709,-0.4158329367637634,-0.41551947593688965,-0.4164929687976837,-0.41560959815979004,-0.4138842225074768,-0.41817229986190796,-0.41448652744293213,-0.4127611517906189,-0.412056028842926,-0.4136362075805664,-0.4154735207557678,-0.4146519601345062,-0.41487136483192444,-0.41718432307243347,-0.41310498118400574]
[-0.42077842354774475,-0.41979745030403137,-0.4218541979789734,-0.42049601674079895,-0.4211629331111908,-0.4198710322380066,-0.4200138747692108,-0.4190751910209656,-0.4201038181781769,-0.4188695549964905,-0.4199885129928589,-0.4173164963722229,-0.41569432616233826,-0.4139630198478699,-0.41465434432029724,-0.4141266345977783,-0.40824586153030396,-0.4135831296443939,-0.41674500703811646,-0.40987756848335266,-0.4131396412849426,-0.4146139323711395,-0.41609761118888855,-0.4143356680870056,-0.4153110980987549,-0.416023850440979,-0.4186907410621643,-0.41609278321266174]
[-0.4209437072277069,-0.4196806252002716,-0.42067742347717285,-0.41967108845710754,-0.4208758771419525,-0.4192468225955963,-0.41973555088043213,-0.41924935579299927,-0.4190171957015991,-0.41711822152137756,-0.4140152037143707,-0.40669795870780945,-0.40860071778297424,-0.442888468503952,-0.5391477346420288,-0.5356279611587524,-0.42294633388519287,-0.405000239610672,-0.4093113839626312,-0.40647098422050476,-0.41566863656044006,-0.4128257632255554,-0.4179953932762146,-0.41598930954933167,-0.4171486794948578,-0.41602230072021484,-0.4179256558418274,-0.4152761697769165]
[-0.4205774664878845,-0.4200192391872406,-0.42083531618118286,-0.41992777585983276,-0.42106592655181885,-0.41929036378860474,-0.4198968708515167,-0.4183465242385864,-0.4190158247947693,-0.41465428471565247,-0.3993180990219116,-0.3262740671634674,-0.01083415001630783,2.1864280700683594,2.1871869564056396,1.6694527864456177,-0.07662396132946014,-0.34559696912765503,-0.4016931653022766,-0.4036712050437927,-0.4064984917640686,-0.4107750654220581,-0.41706550121307373,-0.4153089225292206,-0.4183013439178467,-0.4174264073371887,-0.41910862922668457,-0.41742900013923645]
[-0.4212043583393097,-0.42059287428855896,-0.4204499125480652,-0.4201323390007019,-0.4209451675415039,-0.4192921221256256,-0.4197066128253937,-0.4187968075275421,-0.41669994592666626,-0.4142746329307556,-0.25623705983161926,1.459372878074646,3.2679944038391113,2.043473720550537,2.834259271621704,3.425356149673462,2.1054325103759766,1.2027928829193115,-0.41332975029945374,-0.41188156604766846,-0.3986147344112396,-0.4111730456352234,-0.41564247012138367,-0.4176711440086365,-0.41901692748069763,-0.418558269739151,-0.41827669739723206,-0.4170050323009491]
[-0.4215950667858124,-0.42013847827911377,-0.42033588886260986,-0.4194912314414978,-0.42050233483314514,-0.41985100507736206,-0.4193240702152252,-0.41766420006752014,-0.4154866337776184,-0.4151900112628937,0.11214743554592133,2.407182455062866,2.6271743774414062,2.023660659790039,1.787135124206543,2.604538917541504,2.8376617431640625,3.003283977508545,1.80890953540802,-0.34526437520980835,-0.3870350420475006,-0.4088665544986725,-0.4134223759174347,-0.4158388376235962,-0.41841599345207214,-0.4180862307548523,-0.4193069636821747,-0.41806286573410034]
[-0.42174768447875977,-0.4202474355697632,-0.42040687799453735,-0.4193122386932373,-0.419921338558197,-0.4192158877849579,-0.41925156116485596,-0.41854119300842285,-0.4127226769924164,-0.41318050026893616,0.8656710386276245,2.787820816040039,2.3403449058532715,2.378523588180542,0.8029364347457886,1.170310616493225,2.4241292476654053,2.5121524333953857,2.959242820739746,1.4394584894180298,-0.3948749601840973,-0.40757811069488525,-0.41188621520996094,-0.4180000424385071,-0.41921466588974,-0.41882213950157166,-0.41911834478378296,-0.4172804057598114]
[-0.42137181758880615,-0.42037132382392883,-0.42052310705184937,-0.41959714889526367,-0.419548898935318,-0.4197104573249817,-0.41837528347969055,-0.417158305644989,-0.4079476594924927,-0.13165438175201416,2.626227378845215,2.5975444316864014,2.261121988296509,1.6387375593185425,-0.40384936332702637,-0.424783855676651,0.2783360183238983,2.0452189445495605,2.936598062515259,2.39085054397583,-0.3996254801750183,-0.4044436514377594,-0.41193151473999023,-0.4165611267089844,-0.4190652370452881,-0.41866335272789,-0.4196973741054535,-0.4183051884174347]
[-0.42115068435668945,-0.42040756344795227,-0.4202522039413452,-0.4194299876689911,-0.41951069235801697,-0.4193131625652313,-0.4188961386680603,-0.4186321496963501,-0.387249618768692,1.0325043201446533,3.0901811122894287,2.9670026302337646,2.1081252098083496,-0.3673919141292572,-0.39579683542251587,-0.43331679701805115,-0.1418834924697876,1.7916983366012573,2.896573305130005,2.1168768405914307,-0.39795544743537903,-0.4011448621749878,-0.4125496745109558,-0.4179531931877136,-0.41999727487564087,-0.41964566707611084,-0.4195060133934021,-0.41775447130203247]
[-0.42145803570747375,-0.4205791652202606,-0.42034676671028137,-0.4195157289505005,-0.4187251329421997,-0.41783151030540466,-0.41702133417129517,-0.4148438572883606,-0.2661229372024536,2.1079156398773193,2.970991611480713,2.2325422763824463,1.667212724685669,-0.39432913064956665,-0.3873496949672699,-0.47209131717681885,0.2334350347518921,2.375566005706787,2.8963623046875,2.026919364929199,-0.3858829438686371,-0.39979982376098633,-0.4139898419380188,-0.4190194010734558,-0.42034587264060974,-0.41971686482429504,-0.419858455657959,-0.41831475496292114]
[-0.42089709639549255,-0.4206130802631378,-0.4198191463947296,-0.4201104938983917,-0.4188573360443115,-0.4173063635826111,-0.4143991768360138,-0.4096384644508362,-0.162379190325737,2.3361430168151855,2.6128506660461426,2.5996932983398438,1.3084375858306885,-0.41953688859939575,-0.38862675428390503,-0.4075219929218292,1.7696442604064941,2.7533047199249268,2.7392807006835938,1.8427350521087646,-0.3854297697544098,-0.3977724015712738,-0.4161002039909363,-0.41942253708839417,-0.4206097722053528,-0.41987505555152893,-0.4198846220970154,-0.4172831177711487]
[-0.4212441146373749,-0.4207002818584442,-0.4194953739643097,-0.4192591905593872,-0.4181053340435028,-0.4174116849899292,-0.410701185464859,-0.37211793661117554,0.9466191530227661,2.8200008869171143,3.105057716369629,3.032149314880371,1.5969781875610352,-0.39995303750038147,-0.4070420265197754,0.6353710889816284,3.163487434387207,3.0743472576141357,2.8723089694976807,1.4123337268829346,-0.395973265171051,-0.4012063145637512,-0.4186594784259796,-0.4195062816143036,-0.42040202021598816,-0.41961440443992615,-0.4204747676849365,-0.41860371828079224]
[-0.4211634695529938,-0.42037874460220337,-0.4189593195915222,-0.41913360357284546,-0.4184548556804657,-0.4168669879436493,-0.41097983717918396,-0.14164651930332184,2.2015089988708496,2.5489630699157715,2.6558187007904053,2.028846263885498,2.2736268043518066,1.3109151124954224,0.9685500860214233,2.5049889087677,3.1311748027801514,2.4258899688720703,2.763859510421753,0.28274932503700256,-0.39692264795303345,-0.406608909368515,-0.41861119866371155,-0.4202450215816498,-0.4206351637840271,-0.4197215437889099,-0.42034223675727844,-0.41864901781082153]
[-0.42106330394744873,-0.41938143968582153,-0.41938936710357666,-0.4191145598888397,-0.41945168375968933,-0.41572305560112,-0.40737271308898926,-0.3112434148788452,2.0805392265319824,2.7099578380584717,2.323295831680298,2.912769079208374,2.640913724899292,2.8258895874023438,2.7840659618377686,3.2916336059570312,2.5372612476348877,2.4701602458953857,2.64975643157959,0.46918585896492004,-0.3939141035079956,-0.40437552332878113,-0.41825929284095764,-0.4200561046600342,-0.4202969968318939,-0.4189392626285553,-0.4206784665584564,-0.41894441843032837]
[-0.4201052486896515,-0.4192693829536438,-0.41966158151626587,-0.4185546636581421,-0.41830727458000183,-0.4164314866065979,-0.4133016765117645,-0.39094892144203186,1.5029175281524658,3.008225917816162,3.1070964336395264,3.1961331367492676,3.012808322906494,3.2020859718322754,2.584282398223877,2.600877046585083,3.169536590576172,2.8236966133117676,2.638105869293213,1.0751029253005981,-0.39032360911369324,-0.4045036733150482,-0.41561979055404663,-0.41987255215644836,-0.4206227958202362,-0.4191088378429413,-0.4203871786594391,-0.4181569218635559]
[-0.41994962096214294,-0.41891494393348694,-0.4192062020301819,-0.41821855306625366,-0.4175592064857483,-0.41460511088371277,-0.41621091961860657,-0.4126712679862976,-0.20485466718673706,0.3680599629878998,1.6267122030258179,1.6264652013778687,1.6097122430801392,1.9405808448791504,2.0434629917144775,1.9903879165649414,2.83858323097229,3.0490505695343018,2.6913394927978516,1.4223414659500122,-0.3836665749549866,-0.4007613956928253,-0.4146740138530731,-0.41838276386260986,-0.4198138117790222,-0.4187759459018707,-0.4206090271472931,-0.4188520610332489]
[-0.4194490611553192,-0.41851457953453064,-0.41881489753723145,-0.41871970891952515,-0.4172663688659668,-0.41509291529655457,-0.41644057631492615,-0.41005003452301025,-0.38834163546562195,-0.32236814498901367,-0.35872185230255127,-0.37110811471939087,-0.33481359481811523,-0.2556036114692688,0.1474267840385437,1.7564153671264648,2.281933069229126,2.86624813079834,3.376221179962158,1.6676981449127197,-0.39082321524620056,-0.3991733193397522,-0.41281428933143616,-0.4171020984649658,-0.4195939600467682,-0.41914406418800354,-0.41943395137786865,-0.41832321882247925]
[-0.41926077008247375,-0.41903555393218994,-0.41907116770744324,-0.41695594787597656,-0.41693025827407837,-0.4152035713195801,-0.41639336943626404,-0.41353562474250793,-0.4040023386478424,-0.4031624495983124,-0.4114750325679779,-0.4201386868953705,-0.40287595987319946,-0.39061322808265686,-0.38620465993881226,-0.45631226897239685,1.1866344213485718,2.6826653480529785,3.1180615425109863,1.984137773513794,-0.37345585227012634,-0.39634039998054504,-0.41478052735328674,-0.41743260622024536,-0.41916823387145996,-0.4189136326313019,-0.41966214776039124,-0.4180043637752533]
[-0.41923987865448,-0.4173775613307953,-0.41835251450538635,-0.41741329431533813,-0.418329656124115,-0.41626009345054626,-0.41742560267448425,-0.41356706619262695,-0.40534791350364685,-0.41053271293640137,-0.41175010800361633,-0.40357720851898193,-0.40675607323646545,-0.4138129949569702,-0.37329763174057007,-0.5177742838859558,1.750838279724121,3.104557991027832,2.9990763664245605,1.7217824459075928,-0.36738598346710205,-0.3952227234840393,-0.4121246635913849,-0.4181266129016876,-0.41883862018585205,-0.419392853975296,-0.4206610918045044,-0.418713241815567]
[-0.4197920858860016,-0.41757887601852417,-0.4189514219760895,-0.41768336296081543,-0.4184195399284363,-0.4147357940673828,-0.4173789620399475,-0.4129476845264435,-0.412115216255188,-0.4088171720504761,-0.41335177421569824,-0.4129355251789093,-0.4115629196166992,-0.4140912890434265,-0.35572344064712524,-0.5023853182792664,1.180234432220459,2.5325145721435547,3.111760377883911,1.969536542892456,-0.37979835271835327,-0.39503127336502075,-0.41318395733833313,-0.41786766052246094,-0.41866809129714966,-0.41787001490592957,-0.4214053750038147,-0.41910770535469055]
[-0.41946032643318176,-0.41811925172805786,-0.41913971304893494,-0.4181901812553406,-0.41930270195007324,-0.4157065451145172,-0.4155445098876953,-0.41354450583457947,-0.4157145321369171,-0.41395655274391174,-0.4182593524456024,-0.41331252455711365,-0.4117794930934906,-0.4146232306957245,-0.34005892276763916,-0.4770515263080597,0.7349460124969482,0.7667261362075806,3.247039318084717,2.0353007316589355,-0.3792349398136139,-0.3979012966156006,-0.41260796785354614,-0.4182620942592621,-0.4205458462238312,-0.41867128014564514,-0.4213608503341675,-0.41883930563926697]
[-0.42077571153640747,-0.41837507486343384,-0.4194437265396118,-0.41849344968795776,-0.4192425012588501,-0.4136548638343811,-0.4160160422325134,-0.41506943106651306,-0.4184156656265259,-0.4119275212287903,-0.4197608232498169,-0.41400420665740967,-0.41403669118881226,-0.4055543541908264,-0.13504616916179657,1.9602749347686768,1.2187092304229736,1.3575778007507324,2.9318854808807373,1.9691863059997559,-0.36207297444343567,-0.3982427716255188,-0.4128207266330719,-0.41952621936798096,-0.41966021060943604,-0.4181470274925232,-0.4203895926475525,-0.4184524416923523]
[-0.4205687642097473,-0.41930869221687317,-0.4193410277366638,-0.4192114472389221,-0.4181675314903259,-0.4166925549507141,-0.41641077399253845,-0.4137135446071625,-0.41572150588035583,-0.41160210967063904,-0.4189126789569855,-0.4090416431427002,-0.4102494716644287,-0.2553785741329193,0.8150174617767334,1.712201714515686,2.3273308277130127,2.8551406860351562,2.485463857650757,1.717318058013916,-0.3667997419834137,-0.3965224027633667,-0.41597944498062134,-0.42005881667137146,-0.4201788008213043,-0.4191683530807495,-0.41991856694221497,-0.4180907607078552]
[-0.4200742244720459,-0.4180307388305664,-0.42063161730766296,-0.4190770983695984,-0.4190782904624939,-0.4154064953327179,-0.416824609041214,-0.4130952060222626,-0.4153940975666046,-0.4168742895126343,-0.42111456394195557,-0.41340819001197815,-0.4173731803894043,-0.36351728439331055,-0.3668960630893707,-0.27555397152900696,2.1809189319610596,2.9022128582000732,3.0009818077087402,1.7728826999664307,-0.40212321281433105,-0.39893803000450134,-0.4186500012874603,-0.41870608925819397,-0.41924238204956055,-0.4178936183452606,-0.42006421089172363,-0.41758304834365845]
[-0.42093977332115173,-0.4189499020576477,-0.4203653931617737,-0.41841086745262146,-0.4188673496246338,-0.4173704981803894,-0.4168431758880615,-0.4147794246673584,-0.41312375664711,-0.41585415601730347,-0.41716140508651733,-0.4235624670982361,-0.4122312366962433,-0.39360010623931885,-0.36230647563934326,-0.3531486392021179,0.05332711338996887,-0.11693742871284485,2.7851312160491943,1.0696241855621338,-0.4131024181842804,-0.4032316505908966,-0.42082205414772034,-0.42040833830833435,-0.41961947083473206,-0.41833993792533875,-0.4191734492778778,-0.4171876311302185]
[-0.42140305042266846,-0.41847097873687744,-0.42082807421684265,-0.4174744486808777,-0.4186527729034424,-0.4166073203086853,-0.4166731834411621,-0.4139229655265808,-0.414169043302536,-0.41645970940589905,-0.41449448466300964,-0.41704294085502625,-0.4152979552745819,-0.4054938554763794,-0.37362638115882874,-0.4287148118019104,-0.472965270280838,-0.2868426740169525,1.4973644018173218,-0.19268882274627686,-0.4117307662963867,-0.4090701639652252,-0.4206046164035797,-0.4198339581489563,-0.4193572402000427,-0.4167904257774353,-0.41830185055732727,-0.4153667390346527]
[-0.4202962815761566,-0.418796181678772,-0.41704753041267395,-0.4147833585739136,-0.42016667127609253,-0.4195552468299866,-0.41733822226524353,-0.4164021909236908,-0.41666311025619507,-0.4174167513847351,-0.41477981209754944,-0.4200877547264099,-0.4152405560016632,-0.4091480076313019,-0.38340383768081665,-0.4069545269012451,-0.3907385766506195,-0.3489646911621094,-0.3471754491329193,-0.409020334482193,-0.4038386642932892,-0.40899190306663513,-0.41499441862106323,-0.41359928250312805,-0.4161004424095154,-0.41549405455589294,-0.41700536012649536,-0.41213610768318176]
