[-0.4173758924007416,-0.41953712701797485,-0.42021143436431885,-0.4180445969104767,-0.42001429200172424,-0.4193308651447296,-0.420900821685791,-0.42083922028541565,-0.42113354802131653,-0.4195217490196228,-0.4198616147041321,-0.4177780747413635,-0.41913753747940063,-0.4161626398563385,-0.4194805920124054,-0.4179259240627289,-0.41819292306900024,-0.41697099804878235,-0.4193865954875946,-0.4197237193584442,-0.42342543601989746,-0.42137354612350464,-0.42532119154930115,-0.4210946559906006,-0.4256262183189392,-0.42972058057785034,-0.4496583640575409,-0.4776751697063446]
[-0.420317679643631,-0.42118188738822937,-0.41949090361595154,-0.41880306601524353,-0.4195280969142914,-0.4185716211795807,-0.42110806703567505,-0.41881802678108215,-0.41901516914367676,-0.41855669021606445,-0.41894781589508057,-0.4161176085472107,-0.41638806462287903,-0.4152613580226898,-0.41851910948753357,-0.41604599356651306,-0.41697826981544495,-0.4153788685798645,-0.416261225938797,-0.4164581000804901,-0.42044830322265625,-0.4174927771091461,-0.4195493459701538,-0.4180539548397064,-0.4198526442050934,-0.42444437742233276,-0.426774799823761,-0.4412568211555481]
[-0.42096036672592163,-0.42047005891799927,-0.4189414083957672,-0.41713300347328186,-0.41925957798957825,-0.41879981756210327,-0.42191797494888306,-0.4191746115684509,-0.4205084443092346,-0.4188249111175537,-0.41843003034591675,-0.41678598523139954,-0.4174986779689789,-0.4178026616573334,-0.4164295494556427,-0.41602712869644165,-0.4177752733230591,-0.4175405502319336,-0.4179268777370453,-0.41798096895217896,-0.41901957988739014,-0.41652193665504456,-0.4111766815185547,-0.4185260534286499,-0.420204758644104,-0.42752161622047424,-0.4233250617980957,-0.42776623368263245]
[-0.4209669828414917,-0.4199512004852295,-0.4180606007575989,-0.41730523109436035,-0.4199167788028717,-0.41910916566848755,-0.42189615964889526,-0.4184582531452179,-0.42001837491989136,-0.4181622862815857,-0.4205723702907562,-0.4163632094860077,-0.41733062267303467,-0.41481342911720276,-0.41676798462867737,-0.41343802213668823,-0.4178870618343353,-0.4167204201221466,-0.4191436171531677,-0.41770127415657043,-0.41668376326560974,-0.4083852767944336,-0.4044611155986786,-0.4006187617778778,-0.40792116522789,-0.4131709337234497,-0.4145887792110443,-0.4229903817176819]
[-0.42080163955688477,-0.41959187388420105,-0.4185788035392761,-0.4172651171684265,-0.41953951120376587,-0.4174077808856964,-0.42007288336753845,-0.41787081956863403,-0.4177854359149933,-0.42008593678474426,-0.4163079261779785,-0.41406911611557007,-0.41467738151550293,-0.41748887300491333,-0.41717201471328735,-0.41038426756858826,-0.41262301802635193,-0.4100732207298279,-0.4114179015159607,-0.40668365359306335,-0.3888229429721832,-0.39604663848876953,-0.3705679476261139,-0.3547123074531555,-0.428414523601532,-0.3882524371147156,-0.41290804743766785,-0.412653386592865]
[-0.4204346537590027,-0.4192729890346527,-0.41872769594192505,-0.4176017940044403,-0.41946911811828613,-0.41800710558891296,-0.41986873745918274,-0.4175666570663452,-0.41415631771087646,-0.4188027083873749,-0.41653475165367126,-0.3968590199947357,-0.39893707633018494,-0.4224822521209717,-0.3997565805912018,-0.4138840138912201,-0.40750452876091003,-0.40257301926612854,-0.39585697650909424,-0.3583286702632904,-0.18573994934558868,2.0895376205444336,3.407245635986328,2.519007444381714,1.1773611307144165,-0.03308630734682083,-0.4013272225856781,-0.41340371966362]
[-0.42082956433296204,-0.4195460081100464,-0.41901129484176636,-0.41773566603660583,-0.4187062978744507,-0.4167083501815796,-0.4193301796913147,-0.41519585251808167,-0.40106746554374695,-0.2951294481754303,0.04169759154319763,-0.27856308221817017,0.08905209600925446,-0.34317654371261597,-0.47052913904190063,-0.39176300168037415,-0.49327000975608826,-0.3464009761810303,-0.1082083061337471,1.1084152460098267,2.41922926902771,2.4845993518829346,3.1590960025787354,3.885702133178711,2.1537888050079346,-0.005217984318733215,-0.4076142907142639,-0.417794793844223]
[-0.41926681995391846,-0.41899165511131287,-0.4193503260612488,-0.41784581542015076,-0.4191231429576874,-0.41794806718826294,-0.41571682691574097,-0.41128313541412354,-0.30179542303085327,1.7165794372558594,3.1570050716400146,2.84694242477417,2.5347468852996826,2.3166728019714355,1.7332388162612915,2.5966148376464844,1.3654450178146362,1.9790935516357422,2.104966640472412,2.9702913761138916,2.853660821914673,2.1996641159057617,2.388007640838623,1.3689956665039062,-0.3091905117034912,-0.36900120973587036,-0.41089579463005066,-0.4121616780757904]
[-0.4197992980480194,-0.4193624258041382,-0.41823408007621765,-0.41642847657203674,-0.41671013832092285,-0.4123390316963196,-0.4060530364513397,-0.3372759521007538,1.1494959592819214,2.875340700149536,3.465146064758301,1.605736255645752,1.5420252084732056,2.8824803829193115,3.302020311355591,2.6393654346466064,2.9338159561157227,3.2133262157440186,3.104626178741455,3.1329314708709717,2.1742560863494873,0.5783387422561646,1.7126989364624023,1.3870106935501099,-0.3910803198814392,-0.39180970191955566,-0.4119616150856018,-0.41290268301963806]
[-0.41998621821403503,-0.41813912987709045,-0.4176022708415985,-0.41673508286476135,-0.41531774401664734,-0.41155073046684265,-0.4338699281215668,1.3393839597702026,3.1777637004852295,1.9743545055389404,1.7732064723968506,-0.3694838881492615,-0.27098554372787476,-0.05785936862230301,3.0456931591033936,2.1278672218322754,2.865403413772583,1.702002763748169,3.0937278270721436,2.024061441421509,2.3688433170318604,3.1742262840270996,2.424905300140381,0.4471580684185028,-0.38545894622802734,-0.3980576694011688,-0.4071143567562103,-0.41367307305336]
[-0.4205999970436096,-0.4183822572231293,-0.4168547987937927,-0.4141268730163574,-0.4092535972595215,-0.3808742165565491,-0.35472410917282104,1.9075472354888916,2.6084299087524414,1.2730196714401245,-0.06021173298358917,-0.5499283671379089,-0.40630120038986206,0.2576789855957031,2.083097457885742,1.0670421123504639,1.5227247476577759,2.566025495529175,3.1232504844665527,2.204275608062744,2.1687424182891846,2.0146570205688477,0.6218236684799194,-0.37511739134788513,-0.3867965340614319,-0.40879037976264954,-0.4130353629589081,-0.4179801940917969]
[-0.4198939800262451,-0.4188019335269928,-0.41581791639328003,-0.41627663373947144,-0.40221866965293884,-0.020602978765964508,1.4159704446792603,2.625380277633667,2.3461008071899414,1.6600956916809082,1.3206692934036255,1.1474170684814453,1.6337040662765503,2.6203999519348145,3.0487382411956787,3.1898486614227295,2.280764102935791,2.9107275009155273,2.715752601623535,2.722325563430786,1.703933596611023,-0.37650471925735474,-0.38915765285491943,-0.3925296664237976,-0.40102455019950867,-0.41057005524635315,-0.41454175114631653,-0.41483384370803833]
[-0.41931337118148804,-0.41744741797447205,-0.41357582807540894,-0.4132174253463745,-0.39458784461021423,1.3013312816619873,1.7802660465240479,2.7419302463531494,2.0366454124450684,2.475395679473877,2.8899643421173096,3.252417802810669,3.4780967235565186,2.9058074951171875,2.3502249717712402,3.153475046157837,1.8419228792190552,3.1183388233184814,2.0748655796051025,2.1994400024414062,-0.17572084069252014,-0.38737791776657104,-0.4048333466053009,-0.4070103168487549,-0.41461893916130066,-0.4138248562812805,-0.41854509711265564,-0.4179650545120239]
[-0.41984131932258606,-0.4184977412223816,-0.4140591323375702,-0.41747328639030457,0.6423677206039429,2.518707036972046,2.3554413318634033,2.0636510848999023,2.649995803833008,3.3133890628814697,3.0280752182006836,2.5517427921295166,2.4553050994873047,1.8094180822372437,1.9561243057250977,1.8807053565979004,1.3037039041519165,2.3479769229888916,3.014066696166992,1.9737803936004639,-0.3888545036315918,-0.38176268339157104,-0.40610677003860474,-0.41368526220321655,-0.41916149854660034,-0.4174324870109558,-0.41965433955192566,-0.41857680678367615]
[-0.4197745621204376,-0.41789257526397705,-0.4139670133590698,-0.24246323108673096,2.3147013187408447,3.620150327682495,3.183642625808716,2.1424741744995117,2.602907180786133,1.6389319896697998,0.14708024263381958,0.017694324254989624,-0.14343294501304626,-0.34602969884872437,-0.4395941197872162,-0.4216800928115845,-0.2350909262895584,2.053109884262085,2.8670477867126465,2.355320930480957,-0.376753568649292,-0.3929767608642578,-0.41232797503471375,-0.4155424237251282,-0.41806498169898987,-0.4198887050151825,-0.42066818475723267,-0.41937127709388733]
[-0.4181578457355499,-0.41660141944885254,-0.4188041388988495,-0.2790096402168274,0.5884462594985962,1.958216905593872,0.39992979168891907,0.8641225099563599,0.044038325548172,-0.3612963855266571,-0.38216572999954224,-0.37433627247810364,-0.3959386646747589,-0.3995598256587982,-0.39060986042022705,-0.38206183910369873,-0.551861047744751,0.928749680519104,2.1539463996887207,2.3438804149627686,-0.376375287771225,-0.39766809344291687,-0.41411736607551575,-0.4174712002277374,-0.42095232009887695,-0.42063066363334656,-0.4209499955177307,-0.41979214549064636]
[-0.41751983761787415,-0.41679877042770386,-0.41880902647972107,-0.38461899757385254,-0.4477861821651459,-0.4053802490234375,-0.40732166171073914,-0.378983736038208,-0.39488500356674194,-0.4097147583961487,-0.40725192427635193,-0.40202197432518005,-0.41201314330101013,-0.4047699272632599,-0.38978978991508484,-0.39246904850006104,-0.7205089330673218,1.251873254776001,2.799072742462158,1.5747485160827637,-0.39506396651268005,-0.3988979458808899,-0.4179149866104126,-0.41856417059898376,-0.42180773615837097,-0.4198745787143707,-0.4217619001865387,-0.42050278186798096]
[-0.4186590909957886,-0.41725224256515503,-0.41660043597221375,-0.4100710153579712,-0.40718069672584534,-0.41139018535614014,-0.40155598521232605,-0.39613765478134155,-0.4044126272201538,-0.4005497097969055,-0.40380871295928955,-0.41059187054634094,-0.41453462839126587,-0.4132222831249237,-0.39675116539001465,-0.38057318329811096,0.09637388586997986,2.6258885860443115,2.556581735610962,-0.3145841956138611,-0.40182074904441833,-0.40632492303848267,-0.42017215490341187,-0.42004549503326416,-0.421582967042923,-0.41986626386642456,-0.42109155654907227,-0.42162707448005676]
[-0.4199765920639038,-0.41716763377189636,-0.41619908809661865,-0.41498252749443054,-0.42134588956832886,-0.4202023148536682,-0.4177533984184265,-0.41110649704933167,-0.4166659712791443,-0.412696897983551,-0.41604703664779663,-0.4178766906261444,-0.41449877619743347,-0.41281750798225403,-0.4675951302051544,0.542940616607666,2.4994254112243652,2.6568429470062256,0.5452824831008911,-0.3566274642944336,-0.4085935354232788,-0.411984920501709,-0.4202945828437805,-0.4195495843887329,-0.4206746816635132,-0.4200035333633423,-0.4226591885089874,-0.4211895167827606]
[-0.4174076318740845,-0.4174745976924896,-0.4192076027393341,-0.4182485044002533,-0.4209117293357849,-0.42064571380615234,-0.41926220059394836,-0.4176323413848877,-0.41753336787223816,-0.4164137840270996,-0.419097363948822,-0.4210206866264343,-0.4076749384403229,-0.373544842004776,0.48620250821113586,2.8878684043884277,2.4300968647003174,1.3383365869522095,-0.38211143016815186,-0.3963793218135834,-0.41285717487335205,-0.41628435254096985,-0.4224575459957123,-0.4202415645122528,-0.42050430178642273,-0.4190577566623688,-0.42148369550704956,-0.421416699886322]
[-0.41875067353248596,-0.4169842600822449,-0.4184555411338806,-0.4170415997505188,-0.41719573736190796,-0.41487884521484375,-0.4168678820133209,-0.41623222827911377,-0.4138101637363434,-0.4167817234992981,-0.42044511437416077,-0.40529248118400574,-0.2169797122478485,1.1113362312316895,2.178741216659546,3.0744073390960693,0.7631896734237671,-0.29564759135246277,-0.3992498517036438,-0.4031393229961395,-0.41302379965782166,-0.41569557785987854,-0.42098915576934814,-0.4194721281528473,-0.4208794832229614,-0.41983726620674133,-0.42131879925727844,-0.42223942279815674]
[-0.4189711809158325,-0.4172652065753937,-0.4181511402130127,-0.41594675183296204,-0.41607972979545593,-0.4146333336830139,-0.41611945629119873,-0.4138389527797699,-0.41763266921043396,-0.41796860098838806,-0.4153394103050232,-0.24302268028259277,1.7263621091842651,3.021116018295288,1.9270999431610107,0.9347811937332153,-0.3914467692375183,-0.3878178894519806,-0.40390342473983765,-0.4083949327468872,-0.41416481137275696,-0.41631394624710083,-0.4201921224594116,-0.4187517464160919,-0.4195796847343445,-0.4194493293762207,-0.4213588237762451,-0.42193135619163513]
[-0.42144083976745605,-0.4199182391166687,-0.4181296229362488,-0.41679129004478455,-0.41575682163238525,-0.4145863950252533,-0.4167769253253937,-0.4155465066432953,-0.4158017337322235,-0.4157838225364685,-0.32990729808807373,1.0192281007766724,2.240311861038208,2.5287973880767822,0.3416280150413513,-0.35798460245132446,-0.41423487663269043,-0.4034647047519684,-0.40783417224884033,-0.4087626338005066,-0.41679877042770386,-0.41674545407295227,-0.4192727506160736,-0.41918036341667175,-0.41980627179145813,-0.4196329712867737,-0.4212237298488617,-0.42079493403434753]
[-0.42079398036003113,-0.4198959767818451,-0.4186462163925171,-0.4167209267616272,-0.41536378860473633,-0.4136653542518616,-0.414658784866333,-0.415666788816452,-0.41246798634529114,-0.4120561182498932,-0.3102492392063141,0.7925325632095337,0.6134588718414307,-0.3138948082923889,-0.4007686674594879,-0.413474440574646,-0.4186485707759857,-0.4072722792625427,-0.41149279475212097,-0.41293808817863464,-0.4174972176551819,-0.41744235157966614,-0.41879916191101074,-0.4191691279411316,-0.41971635818481445,-0.420041561126709,-0.4212351441383362,-0.42040008306503296]
[-0.4203201234340668,-0.41869550943374634,-0.4195731580257416,-0.41723549365997314,-0.4166806638240814,-0.41412368416786194,-0.4156256914138794,-0.41679832339286804,-0.41453784704208374,-0.40993162989616394,-0.3657965064048767,-0.37400808930397034,-0.4150424003601074,-0.4055456519126892,-0.4170447289943695,-0.4074878394603729,-0.4146377444267273,-0.4112074077129364,-0.4121779501438141,-0.4152786135673523,-0.4177877902984619,-0.4172016978263855,-0.4181743860244751,-0.41886070370674133,-0.4201415181159973,-0.419083833694458,-0.421261727809906,-0.4207214117050171]
[-0.4210982918739319,-0.42025360465049744,-0.42077264189720154,-0.41705453395843506,-0.41747093200683594,-0.4152853488922119,-0.4181751310825348,-0.41868478059768677,-0.41232559084892273,-0.41277652978897095,-0.3812011182308197,-0.3985486924648285,-0.4160305857658386,-0.41386547684669495,-0.4119735062122345,-0.40789687633514404,-0.41448700428009033,-0.41492757201194763,-0.4146251976490021,-0.4166322946548462,-0.4162079691886902,-0.4164986312389374,-0.41898593306541443,-0.41891002655029297,-0.42125824093818665,-0.41982463002204895,-0.4209364354610443,-0.42002999782562256]
[-0.42132291197776794,-0.41999438405036926,-0.42159777879714966,-0.4175923466682434,-0.41874516010284424,-0.41468265652656555,-0.41626307368278503,-0.4147488474845886,-0.4137110710144043,-0.4146069586277008,-0.40574342012405396,-0.4121064841747284,-0.4154244661331177,-0.4186783730983734,-0.4237334430217743,-0.4145907759666443,-0.4145788550376892,-0.41377970576286316,-0.4138737916946411,-0.41295576095581055,-0.4159128665924072,-0.41570764780044556,-0.41948381066322327,-0.41774600744247437,-0.420078843832016,-0.41821685433387756,-0.4196493923664093,-0.41915422677993774]
[-0.4204980731010437,-0.4221513867378235,-0.4214220345020294,-0.4203994572162628,-0.41958993673324585,-0.41557472944259644,-0.4155178666114807,-0.4152854382991791,-0.4151916205883026,-0.4135642945766449,-0.41194427013397217,-0.4049132764339447,-0.41351187229156494,-0.41579270362854004,-0.4206855297088623,-0.4154067933559418,-0.4141705334186554,-0.41396504640579224,-0.4130168855190277,-0.411238431930542,-0.4137273132801056,-0.4185405671596527,-0.41870492696762085,-0.4185671806335449,-0.4206945300102234,-0.42013218998908997,-0.41957196593284607,-0.41814595460891724]
