[-0.41736310720443726,-0.4187406599521637,-0.419685035943985,-0.4183678925037384,-0.41979554295539856,-0.4189082384109497,-0.42067888379096985,-0.4195908308029175,-0.4228411614894867,-0.4198613464832306,-0.4233631193637848,-0.41825076937675476,-0.4226880669593811,-0.41885191202163696,-0.4187222123146057,-0.4169093668460846,-0.41517624258995056,-0.4046935439109802,-0.050167880952358246,0.14804813265800476,-0.40811392664909363,-0.40635445713996887,-0.40804731845855713,-0.4130779206752777,-0.41208741068840027,-0.41309642791748047,-0.41370782256126404,-0.408478319644928]
[-0.4201149046421051,-0.4201819598674774,-0.4204581379890442,-0.4188881814479828,-0.42001110315322876,-0.41811639070510864,-0.4202911853790283,-0.41918545961380005,-0.4209136962890625,-0.4180468022823334,-0.4197963774204254,-0.41705551743507385,-0.41941019892692566,-0.4155283570289612,-0.4152516722679138,-0.4151042699813843,-0.4165693521499634,-0.40354999899864197,-0.3881574273109436,-0.4151040315628052,-0.4063146412372589,-0.4085842967033386,-0.4133491516113281,-0.41669151186943054,-0.41579750180244446,-0.4165336489677429,-0.4174765944480896,-0.4145832657814026]
[-0.42108967900276184,-0.4202023148536682,-0.4200842082500458,-0.41844427585601807,-0.41910287737846375,-0.4182542562484741,-0.4211997985839844,-0.419401079416275,-0.4220512807369232,-0.42052289843559265,-0.4186389148235321,-0.41806453466415405,-0.4195657968521118,-0.42564865946769714,-0.4151251018047333,-0.41507765650749207,-0.4172413945198059,-0.4133584797382355,-0.40832144021987915,-0.4117636978626251,-0.4113602340221405,-0.41251716017723083,-0.4150920808315277,-0.4147697389125824,-0.41582849621772766,-0.41644832491874695,-0.41861093044281006,-0.41712048649787903]
[-0.421188086271286,-0.42022573947906494,-0.42024606466293335,-0.41843563318252563,-0.41888463497161865,-0.41811373829841614,-0.419840008020401,-0.4184187948703766,-0.422214537858963,-0.41829580068588257,-0.4161016643047333,-0.40286603569984436,-0.400759756565094,-0.4265483617782593,-0.40219902992248535,-0.422159880399704,-0.41630542278289795,-0.41594573855400085,-0.41218096017837524,-0.4110253155231476,-0.4158780872821808,-0.41337326169013977,-0.41704443097114563,-0.41565316915512085,-0.41677194833755493,-0.4156595766544342,-0.4187833070755005,-0.41650837659835815]
[-0.4207254648208618,-0.4197830259799957,-0.4198378026485443,-0.4189545214176178,-0.4190691411495209,-0.4182524085044861,-0.4202288091182709,-0.41657835245132446,-0.4117703139781952,-0.41292059421539307,-0.39459866285324097,-0.39728087186813354,-0.21402926743030548,-0.13460347056388855,-0.3440028429031372,-0.31765449047088623,-0.39258673787117004,-0.28970080614089966,-0.3821803629398346,-0.406069278717041,-0.4081661105155945,-0.413476824760437,-0.41684356331825256,-0.4151952266693115,-0.4164704382419586,-0.4160785973072052,-0.41903501749038696,-0.41832783818244934]
[-0.4202631711959839,-0.41983330249786377,-0.41978657245635986,-0.4188596308231354,-0.41859889030456543,-0.4185079336166382,-0.4180939495563507,-0.416063129901886,-0.40439847111701965,-0.2799743413925171,1.9365880489349365,2.440810441970825,3.394996404647827,2.4076972007751465,2.166220188140869,2.303778886795044,2.110476016998291,1.9181253910064697,-0.18460536003112793,-0.3982870578765869,-0.4023813009262085,-0.41201701760292053,-0.4170014560222626,-0.41562503576278687,-0.41770732402801514,-0.41716980934143066,-0.41765734553337097,-0.4184971749782562]
[-0.4211008846759796,-0.41965755820274353,-0.4197254180908203,-0.4180842638015747,-0.4187818467617035,-0.41822749376296997,-0.4138945937156677,-0.40856868028640747,-0.2380446344614029,1.7024253606796265,3.057847738265991,1.9413204193115234,3.0214755535125732,2.964970111846924,2.5161209106445312,2.5284786224365234,2.330551862716675,2.546865701675415,1.4358041286468506,-0.39538848400115967,-0.4047015905380249,-0.40987393260002136,-0.41489529609680176,-0.4156997501850128,-0.4170786440372467,-0.41663438081741333,-0.41823846101760864,-0.41966986656188965]
[-0.42169564962387085,-0.42033621668815613,-0.41964179277420044,-0.4186399579048157,-0.4191475510597229,-0.4177354872226715,-0.41653862595558167,-0.31621700525283813,1.1719995737075806,2.9045615196228027,2.9861366748809814,2.435720682144165,2.5573532581329346,2.1351499557495117,-0.06085715442895889,0.15630006790161133,1.129069447517395,2.734459400177002,2.126689910888672,-0.38434168696403503,-0.4000449776649475,-0.41207748651504517,-0.41547849774360657,-0.41601550579071045,-0.4176090657711029,-0.4173993766307831,-0.4188246726989746,-0.4204811155796051]
[-0.42166799306869507,-0.41946539282798767,-0.41918376088142395,-0.4182097613811493,-0.4181762933731079,-0.41799142956733704,-0.42672887444496155,0.1648753583431244,1.4049187898635864,2.9176266193389893,2.66654109954834,1.0737475156784058,-0.5598210096359253,-0.344062864780426,-0.3583546280860901,-0.6517544984817505,0.02211296558380127,2.0043575763702393,2.4384870529174805,-0.3635554313659668,-0.4046023190021515,-0.4125043749809265,-0.41617658734321594,-0.41468411684036255,-0.4181005358695984,-0.4173981547355652,-0.4187767803668976,-0.41968053579330444]
[-0.42214053869247437,-0.4199906587600708,-0.4186803996562958,-0.4182652533054352,-0.4183862805366516,-0.4152180552482605,-0.4157629907131195,-0.3805302083492279,0.10932469367980957,0.9798511266708374,0.3934309184551239,-0.4089052081108093,-0.4076805114746094,-0.4764769375324249,-0.3930860459804535,-0.6446000337600708,0.4924713671207428,2.578065872192383,2.0901906490325928,-0.36544671654701233,-0.39965444803237915,-0.4101391136646271,-0.4170091450214386,-0.4158555269241333,-0.41753068566322327,-0.4170396029949188,-0.4193037748336792,-0.4199373126029968]
[-0.4216192662715912,-0.42000895738601685,-0.4193713963031769,-0.41858917474746704,-0.41861453652381897,-0.41611146926879883,-0.4111863076686859,-0.4090551733970642,-0.3956550061702728,-0.35193371772766113,-0.4068073332309723,-0.4808739721775055,-0.4295315146446228,-0.4277786910533905,-0.3792286217212677,-0.36318349838256836,1.9518787860870361,2.8938302993774414,1.4641526937484741,-0.37867772579193115,-0.38853660225868225,-0.408304899930954,-0.41548940539360046,-0.41745883226394653,-0.41807401180267334,-0.417394757270813,-0.42113521695137024,-0.4195537865161896]
[-0.4215928614139557,-0.41998857259750366,-0.4186936616897583,-0.4185992181301117,-0.4188040792942047,-0.41649383306503296,-0.41124796867370605,-0.4095408320426941,-0.39916178584098816,-0.39627712965011597,0.2427302598953247,0.43640318512916565,-0.4162672162055969,0.014188319444656372,1.1543242931365967,2.368346691131592,2.881493330001831,2.678816795349121,0.6683900356292725,-0.3676554560661316,-0.39198121428489685,-0.40639787912368774,-0.41327545046806335,-0.41743847727775574,-0.41772890090942383,-0.41720014810562134,-0.41984835267066956,-0.41925373673439026]
[-0.4206702411174774,-0.4190535545349121,-0.4196569621562958,-0.4173850417137146,-0.4191974401473999,-0.4146629273891449,-0.41606777906417847,-0.41661131381988525,-0.41603201627731323,-0.4217422306537628,2.215829849243164,3.1800692081451416,2.7059454917907715,2.976654529571533,2.137352466583252,2.4029479026794434,2.2251267433166504,2.297358751296997,0.40348121523857117,-0.3440229296684265,-0.3974990248680115,-0.4063894748687744,-0.4091618061065674,-0.41582125425338745,-0.41648125648498535,-0.41763415932655334,-0.42022114992141724,-0.41972941160202026]
[-0.4207930564880371,-0.4198625981807709,-0.41974717378616333,-0.4174570143222809,-0.41915854811668396,-0.41713497042655945,-0.4183860719203949,-0.4134427309036255,-0.41783514618873596,-0.4117187559604645,1.1175782680511475,2.249269723892212,2.4973950386047363,2.41585111618042,2.348660945892334,2.4737820625305176,2.511768341064453,2.9274990558624268,2.7593934535980225,1.418311595916748,-0.36707329750061035,-0.3986794054508209,-0.40491706132888794,-0.41455453634262085,-0.4177927076816559,-0.4170408546924591,-0.4198667109012604,-0.4189181327819824]
[-0.4203762412071228,-0.41855794191360474,-0.418486624956131,-0.4171448051929474,-0.41891202330589294,-0.41607362031936646,-0.4178929030895233,-0.41364622116088867,-0.4199313521385193,-0.4144030511379242,-0.4075181484222412,-0.22457736730575562,0.46586087346076965,0.665042519569397,0.392255038022995,0.9467654228210449,1.762930154800415,2.7434310913085938,3.113788604736328,2.775312900543213,0.9612411260604858,-0.39304837584495544,-0.4098217189311981,-0.40828976035118103,-0.4175412952899933,-0.41707348823547363,-0.4186175465583801,-0.4192509949207306]
[-0.4207409620285034,-0.41869425773620605,-0.418031245470047,-0.41710546612739563,-0.42026999592781067,-0.4173066318035126,-0.4187372326850891,-0.4163888394832611,-0.4212903678417206,-0.41471067070961,-0.4294603765010834,-0.4129142463207245,-0.34485840797424316,-0.35063424706459045,-0.3195107579231262,-0.27338796854019165,-0.28938525915145874,-0.03343933820724487,1.3581528663635254,2.473334550857544,2.2685697078704834,-0.2924519181251526,-0.41234228014945984,-0.4091014564037323,-0.41546186804771423,-0.4173104166984558,-0.41835862398147583,-0.4179959297180176]
[-0.42035046219825745,-0.41882002353668213,-0.4193679392337799,-0.41779935359954834,-0.42107152938842773,-0.41853833198547363,-0.4188254177570343,-0.4167315363883972,-0.4203895926475525,-0.4183523654937744,-0.4292048215866089,-0.41165831685066223,-0.4051748812198639,-0.4087843596935272,-0.3841255307197571,-0.3808497190475464,-0.42433610558509827,-0.47212842106819153,0.8385841846466064,2.5559003353118896,2.3165130615234375,-0.36438536643981934,-0.4074808955192566,-0.4097927212715149,-0.4182857573032379,-0.4166387915611267,-0.419853538274765,-0.41967999935150146]
[-0.4192729592323303,-0.4188249707221985,-0.4196353852748871,-0.41886821389198303,-0.4215978682041168,-0.41982537508010864,-0.4179912805557251,-0.41578763723373413,-0.4209664762020111,-0.41705504059791565,-0.4189046025276184,-0.4135342240333557,-0.41267505288124084,-0.4096677601337433,-0.39575424790382385,-0.39533939957618713,-0.4191168248653412,-0.3356878161430359,1.7123278379440308,2.5827460289001465,2.0262880325317383,-0.3642383813858032,-0.40830323100090027,-0.41389626264572144,-0.4169018268585205,-0.41812700033187866,-0.41955941915512085,-0.4207690358161926]
[-0.4197923541069031,-0.41978687047958374,-0.4180685877799988,-0.4181620478630066,-0.4192952513694763,-0.42192530632019043,-0.4208362102508545,-0.42170023918151855,-0.4257688522338867,-0.42704257369041443,-0.42942196130752563,-0.41902366280555725,-0.42161986231803894,-0.413729727268219,-0.4099935293197632,-0.40632936358451843,-0.4910992383956909,1.2290984392166138,2.570737600326538,2.762986660003662,0.5695875883102417,-0.37801849842071533,-0.4097816050052643,-0.41651222109794617,-0.4161869287490845,-0.41856271028518677,-0.4207703471183777,-0.4201497435569763]
[-0.41790536046028137,-0.4187392294406891,-0.41795554757118225,-0.4206138253211975,-0.41623151302337646,-0.4112504720687866,-0.40583863854408264,-0.39935803413391113,-0.41702938079833984,-0.4130018949508667,-0.40538716316223145,-0.40658053755760193,-0.41214442253112793,-0.3948056995868683,-0.39693713188171387,-0.39834028482437134,0.4977993071079254,2.5186526775360107,2.5819015502929688,1.4784106016159058,-0.36042189598083496,-0.393770307302475,-0.4110221862792969,-0.416808158159256,-0.41764962673187256,-0.4187876582145691,-0.4202992916107178,-0.4207664430141449]
[-0.41771265864372253,-0.41929638385772705,-0.4158853590488434,-0.41307196021080017,-0.4174114167690277,-0.3382070064544678,-0.2724350094795227,-0.09714314341545105,-0.15681347250938416,-0.35522499680519104,-0.38573792576789856,-0.3483145236968994,-0.3936893343925476,-0.385414183139801,-0.1544957160949707,1.9804868698120117,2.6989660263061523,2.85341215133667,1.6868940591812134,-0.32365548610687256,-0.40145736932754517,-0.40632951259613037,-0.4159078598022461,-0.41633784770965576,-0.4200109541416168,-0.42002207040786743,-0.42118266224861145,-0.4203472435474396]
[-0.4193513095378876,-0.4179324209690094,-0.41612112522125244,-0.42843547463417053,0.5887507200241089,2.5477135181427,2.9062514305114746,3.02072811126709,2.479588508605957,2.044687032699585,1.1977312564849854,1.0990335941314697,0.42825236916542053,1.9177827835083008,2.5892670154571533,2.8305113315582275,2.4397079944610596,2.166950225830078,0.053919121623039246,-0.39627984166145325,-0.40910211205482483,-0.41367805004119873,-0.418194055557251,-0.41788098216056824,-0.4197106957435608,-0.4189237356185913,-0.4207600951194763,-0.4204501211643219]
[-0.4216161370277405,-0.41748046875,-0.43378323316574097,-0.03085431456565857,1.6389997005462646,2.0572192668914795,3.706299066543579,3.1083033084869385,2.8869075775146484,2.7372872829437256,2.4762911796569824,3.1892411708831787,2.4734199047088623,3.6466901302337646,3.263113021850586,3.4452266693115234,2.0353102684020996,0.08419637382030487,-0.39441946148872375,-0.4075312614440918,-0.41515329480171204,-0.41398686170578003,-0.41827869415283203,-0.41736313700675964,-0.4200291931629181,-0.41909050941467285,-0.42007800936698914,-0.42068013548851013]
[-0.4206724166870117,-0.41850078105926514,-0.2727731168270111,1.9427893161773682,2.31449556350708,2.65916109085083,3.636507987976074,2.2893307209014893,3.5053484439849854,2.1476755142211914,2.6374106407165527,3.2486305236816406,3.0332353115081787,3.1610801219940186,1.9229726791381836,1.6354429721832275,-0.3441879451274872,-0.4050951600074768,-0.4016610085964203,-0.4079989492893219,-0.41433581709861755,-0.41636964678764343,-0.4184911549091339,-0.4186730980873108,-0.41943231225013733,-0.4193236827850342,-0.42025890946388245,-0.4195522665977478]
[-0.4197613298892975,-0.41885340213775635,0.022932738065719604,0.9823023080825806,0.09420861303806305,0.46349212527275085,0.5760791301727295,-0.6519968509674072,1.231939435005188,1.0606766939163208,2.827495574951172,1.86873459815979,1.0915532112121582,-0.38375452160835266,-0.34474828839302063,-0.4048822224140167,-0.41656821966171265,-0.41211873292922974,-0.4128035008907318,-0.4081237316131592,-0.4160533547401428,-0.4160451591014862,-0.41781365871429443,-0.4176890552043915,-0.41925185918807983,-0.4182959198951721,-0.42016729712486267,-0.4203045070171356]
[-0.41932475566864014,-0.41520440578460693,-0.40686360001564026,-0.379085510969162,-0.3358176052570343,-0.3024159073829651,-0.34210431575775146,-0.4425724148750305,-0.2960822582244873,-0.2508699893951416,0.4535246789455414,-0.42456814646720886,-0.3786413371562958,-0.37121108174324036,-0.39011743664741516,-0.409063458442688,-0.39860889315605164,-0.40788960456848145,-0.4140143394470215,-0.4128492474555969,-0.4152289032936096,-0.4163799285888672,-0.41690534353256226,-0.4181967079639435,-0.4197843372821808,-0.419723242521286,-0.4189569354057312,-0.4185953736305237]
[-0.4208531677722931,-0.41575413942337036,-0.4181786775588989,-0.4028037190437317,-0.40662720799446106,-0.38956230878829956,-0.40243473649024963,-0.39404094219207764,-0.37774011492729187,-0.3852904140949249,-0.4345383644104004,-0.4038083851337433,-0.3973938226699829,-0.39026764035224915,-0.3998429775238037,-0.4049966335296631,-0.3998682498931885,-0.40944352746009827,-0.4163927733898163,-0.4118611514568329,-0.41445714235305786,-0.41522926092147827,-0.4175635278224945,-0.4170563817024231,-0.4192095100879669,-0.4173346161842346,-0.4194253385066986,-0.4178542494773865]
[-0.4195536971092224,-0.41861963272094727,-0.41654112935066223,-0.40189963579177856,-0.4160884618759155,-0.4147960841655731,-0.4016852378845215,-0.3996599614620209,-0.39587393403053284,-0.4218921661376953,-0.40685221552848816,-0.402249813079834,-0.4035692811012268,-0.4052629768848419,-0.4071398973464966,-0.40779465436935425,-0.4083198010921478,-0.4121169149875641,-0.4163721203804016,-0.4156097173690796,-0.4173717200756073,-0.4180973172187805,-0.4184676706790924,-0.4185996651649475,-0.42085975408554077,-0.42001497745513916,-0.41961726546287537,-0.41664183139801025]
