[0.26163074374198914,0.19600671529769897,-0.39960977435112,-0.4117714464664459,-0.41754230856895447,-0.41669052839279175,-0.4179591238498688,-0.41691192984580994,-0.42126137018203735,-0.41918811202049255,-0.4190448522567749,-0.4174747169017792,-0.42068618535995483,-0.4157833158969879,-0.41879385709762573,-0.41668957471847534,-0.4181966781616211,-0.4181683361530304,-0.417271226644516,-0.4166334569454193,-0.4202134311199188,-0.417934387922287,-0.42071855068206787,-0.4181547462940216,-0.41885465383529663,-0.41808629035949707,-0.41731300950050354,-0.41360530257225037]
[0.36721041798591614,-0.2768979072570801,-0.40836432576179504,-0.41438034176826477,-0.4203373193740845,-0.4159606099128723,-0.4170072078704834,-0.416139155626297,-0.4187442660331726,-0.41716063022613525,-0.41778329014778137,-0.4147564470767975,-0.4187926650047302,-0.4146936237812042,-0.4156196117401123,-0.4147516191005707,-0.41615888476371765,-0.4153565466403961,-0.41782906651496887,-0.41483303904533386,-0.41720086336135864,-0.41612374782562256,-0.4182789921760559,-0.41739165782928467,-0.41885530948638916,-0.41887012124061584,-0.4192396104335785,-0.41710931062698364]
[1.2680139541625977,0.22446748614311218,-0.41341036558151245,-0.41445207595825195,-0.4184472858905792,-0.41707533597946167,-0.4180833697319031,-0.41706129908561707,-0.4195021986961365,-0.4189048409461975,-0.4179576337337494,-0.417772114276886,-0.41945505142211914,-0.41716283559799194,-0.41371461749076843,-0.4128122627735138,-0.41396692395210266,-0.4151751697063446,-0.4191756844520569,-0.4163237512111664,-0.4182223677635193,-0.4168381094932556,-0.4182058274745941,-0.4163442552089691,-0.4172332286834717,-0.41916728019714355,-0.41977381706237793,-0.4183695614337921]
[0.7280973196029663,-0.3168841600418091,-0.4104466140270233,-0.4172811210155487,-0.42061588168144226,-0.41920119524002075,-0.4182964861392975,-0.41879045963287354,-0.4190528392791748,-0.41829878091812134,-0.4202795624732971,-0.4169040024280548,-0.4187396764755249,-0.41696417331695557,-0.41232430934906006,-0.4138503968715668,-0.4154798090457916,-0.4154298007488251,-0.4208720326423645,-0.4166225790977478,-0.41771814227104187,-0.41675639152526855,-0.4182460606098175,-0.4170963168144226,-0.41850611567497253,-0.4186372458934784,-0.4197461009025574,-0.4176355004310608]
[-0.24856707453727722,-0.40472277998924255,-0.4150756001472473,-0.41557544469833374,-0.41987136006355286,-0.41764891147613525,-0.4190482497215271,-0.416938453912735,-0.4182622730731964,-0.416133314371109,-0.41495010256767273,-0.41128772497177124,-0.41565361618995667,-0.41192755103111267,-0.409993976354599,-0.40784505009651184,-0.4081815183162689,-0.41013070940971375,-0.41485342383384705,-0.4115810990333557,-0.41342970728874207,-0.41426077485084534,-0.4173468053340912,-0.4168861508369446,-0.4186546802520752,-0.4181748926639557,-0.42054399847984314,-0.41873982548713684]
[-0.40125107765197754,-0.4122982919216156,-0.4157687723636627,-0.4170198142528534,-0.419249951839447,-0.41801461577415466,-0.41720765829086304,-0.41801270842552185,-0.4174378216266632,-0.4160194993019104,-0.43136394023895264,-0.39430832862854004,-0.3582417964935303,-0.38962018489837646,-0.40599608421325684,-0.39626798033714294,-0.4085444509983063,-0.43560004234313965,-0.42670178413391113,-0.40745267271995544,-0.40976083278656006,-0.4136785566806793,-0.41707226634025574,-0.417386531829834,-0.41949620842933655,-0.41910532116889954,-0.41982653737068176,-0.41969069838523865]
[-0.41487058997154236,-0.4158231019973755,-0.4172500967979431,-0.4183901250362396,-0.41833755373954773,-0.4176253080368042,-0.41790318489074707,-0.41557711362838745,-0.41809219121932983,-0.4135642647743225,0.47428616881370544,2.0864217281341553,2.5330374240875244,1.5413919687271118,-0.10268767178058624,-0.058718737214803696,-0.37255942821502686,-0.011605709791183472,-0.3619083762168884,-0.4147412180900574,-0.40602290630340576,-0.4096633195877075,-0.4160964787006378,-0.41620317101478577,-0.4192904829978943,-0.41920727491378784,-0.4203949570655823,-0.4201468229293823]
[-0.4211481213569641,-0.41666606068611145,-0.41878950595855713,-0.41797909140586853,-0.41831833124160767,-0.4185919761657715,-0.4171820282936096,-0.4143812954425812,-0.4119032919406891,-0.19562608003616333,1.6996043920516968,2.2989742755889893,1.2266663312911987,0.026291951537132263,-0.283471941947937,0.4038316309452057,1.0948163270950317,2.4870970249176025,1.2223639488220215,-0.3982793092727661,-0.40418463945388794,-0.4083508551120758,-0.41786840558052063,-0.41822168231010437,-0.4204099774360657,-0.41918641328811646,-0.42054134607315063,-0.4212489426136017]
[-0.42042723298072815,-0.41708245873451233,-0.41962042450904846,-0.4184562563896179,-0.41863733530044556,-0.4179593622684479,-0.41532325744628906,-0.4140956997871399,-0.2928246259689331,1.674662709236145,2.283029317855835,0.47492626309394836,-0.4122958481311798,-0.4167289137840271,-0.3624767065048218,-0.40985503792762756,0.30965152382850647,2.89334774017334,2.149613380432129,-0.38544756174087524,-0.39929714798927307,-0.40742227435112,-0.41653913259506226,-0.41699352860450745,-0.4179692268371582,-0.41854166984558105,-0.4209175705909729,-0.42093226313591003]
[-0.4209374785423279,-0.4183576703071594,-0.4179726839065552,-0.41795822978019714,-0.4189983606338501,-0.417819619178772,-0.4162432849407196,-0.41715899109840393,1.0042366981506348,2.615396738052368,0.931618332862854,-0.3796214461326599,-0.4041091799736023,-0.4021858870983124,-0.3984658122062683,-0.4456622302532196,0.23964476585388184,2.5683422088623047,2.5596165657043457,-0.3686460852622986,-0.39409229159355164,-0.4057631194591522,-0.41536033153533936,-0.4162940979003906,-0.4186795651912689,-0.4194028675556183,-0.4202185571193695,-0.42112526297569275]
[-0.42008545994758606,-0.41764581203460693,-0.4181399643421173,-0.4173174202442169,-0.4193306267261505,-0.4179714620113373,-0.4118393659591675,-0.35048365592956543,1.4744253158569336,0.6834903955459595,-0.41033926606178284,-0.4066390097141266,-0.4057752192020416,-0.4033627510070801,-0.4020352363586426,-0.48596465587615967,1.1135931015014648,2.3782958984375,2.46513295173645,-0.3706648051738739,-0.3931067883968353,-0.4057769775390625,-0.41515403985977173,-0.4160809814929962,-0.41858646273612976,-0.4189482629299164,-0.4198939800262451,-0.419981986284256]
[-0.4194813668727875,-0.41769856214523315,-0.4180614650249481,-0.4177473485469818,-0.4191538095474243,-0.418872594833374,-0.43677082657814026,-0.27959156036376953,-0.36175888776779175,-0.39883339405059814,-0.4079338610172272,-0.4073234796524048,-0.4100012183189392,-0.4081931710243225,-0.39043763279914856,-0.5004571676254272,2.1380932331085205,2.724271535873413,2.32684588432312,-0.3645894527435303,-0.39496853947639465,-0.40894651412963867,-0.41596147418022156,-0.41670849919319153,-0.41896986961364746,-0.4189918637275696,-0.41996490955352783,-0.41974711418151855]
[-0.42006996273994446,-0.41879019141197205,-0.41666457056999207,-0.41655969619750977,-0.4124401807785034,-0.2156076282262802,0.5944916009902954,0.746051549911499,-0.4221983253955841,-0.3963022530078888,-0.40109050273895264,-0.40396252274513245,-0.4117303788661957,-0.4112061858177185,-0.38406968116760254,-0.2696884274482727,3.0400443077087402,2.7247653007507324,1.611899971961975,-0.3678324818611145,-0.39854273200035095,-0.4095860421657562,-0.41726329922676086,-0.417175829410553,-0.4190426766872406,-0.41803884506225586,-0.42100954055786133,-0.42002376914024353]
[-0.41944432258605957,-0.4181405305862427,-0.41627103090286255,-0.4161427319049835,-0.35353896021842957,1.024070143699646,2.5845746994018555,1.7722030878067017,-0.4579258859157562,-0.4330277740955353,-0.40862104296684265,-0.41207456588745117,-0.4120592474937439,-0.4188549220561981,-0.22229890525341034,1.8756977319717407,2.9118480682373047,1.6114472150802612,-0.32456958293914795,-0.37964263558387756,-0.4019118547439575,-0.4115343391895294,-0.4184519350528717,-0.41803231835365295,-0.41896507143974304,-0.41760683059692383,-0.4208613634109497,-0.42071327567100525]
[-0.4184833765029907,-0.41736721992492676,-0.41454899311065674,-0.4134675860404968,-0.361270010471344,0.4541631042957306,2.29399037361145,2.697580099105835,0.7354120016098022,-0.34721237421035767,-0.40333595871925354,-0.3475083112716675,-0.30969518423080444,0.0372936874628067,1.8541475534439087,3.07429575920105,3.0028436183929443,0.9357305765151978,-0.34999895095825195,-0.39098700881004333,-0.4084009826183319,-0.41363832354545593,-0.4171769320964813,-0.41726040840148926,-0.4186922013759613,-0.41832002997398376,-0.42162463068962097,-0.4209553003311157]
[-0.419042706489563,-0.4164642095565796,-0.41494840383529663,-0.41407477855682373,-0.3943028450012207,-0.3784169554710388,-0.11618492007255554,1.7189412117004395,2.104757308959961,2.008436918258667,0.9300278425216675,1.7921192646026611,2.551398515701294,3.2263057231903076,2.6205945014953613,2.2335188388824463,2.0970277786254883,-0.30059802532196045,-0.3897693157196045,-0.4026922583580017,-0.41254082322120667,-0.4141205847263336,-0.4163432717323303,-0.4179615378379822,-0.41908374428749084,-0.4185098111629486,-0.4211008846759796,-0.4205266833305359]
[-0.41976043581962585,-0.4175036549568176,-0.4162766635417938,-0.4141758680343628,-0.4036330580711365,-0.40629735589027405,-0.4270310401916504,-0.4026639461517334,0.3016941249370575,1.9962818622589111,2.7752833366394043,2.90224027633667,3.4054057598114014,2.206775665283203,2.0591790676116943,2.16394305229187,0.9735475778579712,-0.37545186281204224,-0.3949788212776184,-0.41024938225746155,-0.41467273235321045,-0.4148116409778595,-0.41694405674934387,-0.4161340296268463,-0.42009422183036804,-0.41898229718208313,-0.4222363829612732,-0.4208812117576599]
[-0.41964560747146606,-0.4179503917694092,-0.4174375534057617,-0.41422438621520996,-0.4098499119281769,-0.41321268677711487,-0.4250763952732086,-0.3987582325935364,-0.38375744223594666,-0.34129494428634644,1.3255598545074463,1.791683554649353,2.571213483810425,1.5577279329299927,2.6517865657806396,1.9085824489593506,0.5293384790420532,-0.37063780426979065,-0.40041792392730713,-0.41124796867370605,-0.4160274863243103,-0.41552111506462097,-0.41803231835365295,-0.4173901379108429,-0.41869205236434937,-0.41978028416633606,-0.42202264070510864,-0.42090702056884766]
[-0.41886305809020996,-0.4184640645980835,-0.4171339273452759,-0.4146146774291992,-0.41426095366477966,-0.41321882605552673,-0.4189903438091278,-0.41893112659454346,-0.4013124704360962,-0.4191463887691498,-0.4309839904308319,0.2183963656425476,1.451629877090454,1.373732328414917,2.6276581287384033,2.3442904949188232,-0.2826795279979706,-0.38743579387664795,-0.4032629728317261,-0.4102519452571869,-0.41383928060531616,-0.41447722911834717,-0.4174523651599884,-0.4161619544029236,-0.4195324778556824,-0.41881993412971497,-0.4210352301597595,-0.4214068353176117]
[-0.4190766215324402,-0.41736918687820435,-0.4186830222606659,-0.4163380563259125,-0.4172217845916748,-0.41578301787376404,-0.41464927792549133,-0.41248974204063416,-0.40671011805534363,-0.409971684217453,-0.41400575637817383,-0.3732612729072571,0.7932413816452026,2.8089983463287354,2.2575714588165283,2.4139909744262695,-0.3773476183414459,-0.38957762718200684,-0.4036600887775421,-0.4125477075576782,-0.415598064661026,-0.41547828912734985,-0.41703447699546814,-0.41773855686187744,-0.4189779758453369,-0.419760525226593,-0.4214651882648468,-0.41954419016838074]
[-0.41943350434303284,-0.4168006479740143,-0.4174042046070099,-0.41541168093681335,-0.4167573153972626,-0.4146915376186371,-0.41400250792503357,-0.41163745522499084,-0.4135143458843231,-0.4120948910713196,-0.4110605716705322,-0.4065313935279846,0.6703453063964844,2.994575262069702,2.279878854751587,2.216963291168213,-0.39029935002326965,-0.39294517040252686,-0.40617960691452026,-0.4142780005931854,-0.41387420892715454,-0.4143711030483246,-0.41824206709861755,-0.4159427285194397,-0.4187799394130707,-0.419104665517807,-0.4201536774635315,-0.42019352316856384]
[-0.4190880358219147,-0.4168529808521271,-0.41786816716194153,-0.41599029302597046,-0.4178200960159302,-0.4155022203922272,-0.41662681102752686,-0.41388052701950073,-0.4133131802082062,-0.40900105237960815,-0.41497617959976196,-0.4065290689468384,0.9448119401931763,2.820247173309326,2.97967529296875,2.4571926593780518,-0.3795353174209595,-0.3970002233982086,-0.406085342168808,-0.4142012298107147,-0.41650381684303284,-0.41565296053886414,-0.419185072183609,-0.41743043065071106,-0.41906827688217163,-0.4189147353172302,-0.42012086510658264,-0.4189077317714691]
[-0.4202554523944855,-0.4172089695930481,-0.4172731935977936,-0.4161514639854431,-0.41773003339767456,-0.4152969419956207,-0.4166097342967987,-0.4148816466331482,-0.4137069582939148,-0.4141940176486969,-0.4236225485801697,-0.4093352258205414,-0.20123830437660217,2.53208589553833,3.3795995712280273,2.033719539642334,-0.37586039304733276,-0.3970481753349304,-0.4059534966945648,-0.4108508229255676,-0.416341632604599,-0.414305180311203,-0.41865649819374084,-0.4174205958843231,-0.41964006423950195,-0.4183633327484131,-0.4197172224521637,-0.4181050956249237]
[-0.4188236594200134,-0.4176013469696045,-0.4169463813304901,-0.4178730249404907,-0.4186140298843384,-0.41705387830734253,-0.4167931079864502,-0.417789101600647,-0.4148455262184143,-0.4141438603401184,-0.41710516810417175,-0.40890929102897644,-0.5185121297836304,0.4537217915058136,2.285961627960205,1.9000144004821777,-0.3949344754219055,-0.41012051701545715,-0.4118537902832031,-0.41359996795654297,-0.41747137904167175,-0.4160554111003876,-0.418204128742218,-0.41753026843070984,-0.4187222123146057,-0.41812843084335327,-0.4182153344154358,-0.4175378680229187]
[-0.41818422079086304,-0.41628631949424744,-0.4176550507545471,-0.41680222749710083,-0.41779741644859314,-0.4154113233089447,-0.4179520606994629,-0.4163261651992798,-0.41808387637138367,-0.41694962978363037,-0.41730400919914246,-0.4103842079639435,-0.4369247555732727,-0.46738865971565247,-0.08333514630794525,0.12927000224590302,-0.4111676514148712,-0.4117467999458313,-0.41318848729133606,-0.41561442613601685,-0.41781991720199585,-0.41522863507270813,-0.4187048673629761,-0.41719239950180054,-0.41857579350471497,-0.4175341725349426,-0.4184229075908661,-0.41918718814849854]
[-0.4175095558166504,-0.41751211881637573,-0.41819581389427185,-0.41892898082733154,-0.4186088442802429,-0.4183860719203949,-0.4189300239086151,-0.4202306866645813,-0.4205988645553589,-0.41821807622909546,-0.4187133014202118,-0.4143446981906891,-0.39900362491607666,-0.40050235390663147,-0.4808569848537445,-0.4215562641620636,-0.40663886070251465,-0.40718522667884827,-0.41267070174217224,-0.41616347432136536,-0.41674503684043884,-0.41704636812210083,-0.41863083839416504,-0.41721412539482117,-0.41862326860427856,-0.41738632321357727,-0.4190256595611572,-0.4178842604160309]
[-0.41874781250953674,-0.4158085882663727,-0.4182180166244507,-0.41792842745780945,-0.41880255937576294,-0.4173239469528198,-0.4187163710594177,-0.4199499487876892,-0.42115405201911926,-0.4185647666454315,-0.41797327995300293,-0.4181367754936218,-0.41732341051101685,-0.42330023646354675,-0.40998128056526184,-0.40971839427948,-0.41151878237724304,-0.4135628640651703,-0.41434943675994873,-0.4152911305427551,-0.41723787784576416,-0.41618335247039795,-0.4194600284099579,-0.41691115498542786,-0.4191315472126007,-0.41631537675857544,-0.41813525557518005,-0.41564416885375977]
[-0.41760119795799255,-0.4175286591053009,-0.41921287775039673,-0.41973385214805603,-0.4201700687408447,-0.4184046983718872,-0.4208705425262451,-0.42185261845588684,-0.4214429259300232,-0.42044177651405334,-0.42047810554504395,-0.42232435941696167,-0.42037028074264526,-0.4114833176136017,-0.4102645814418793,-0.41008806228637695,-0.4117007851600647,-0.4096123278141022,-0.4108371436595917,-0.4137224555015564,-0.41541728377342224,-0.4169731140136719,-0.41831547021865845,-0.4174942672252655,-0.419539213180542,-0.41661587357521057,-0.418728232383728,-0.4129641354084015]
