[-0.41705575585365295,-0.4183283746242523,-0.41880130767822266,-0.4187079668045044,-0.4198143780231476,-0.41994935274124146,-0.42096567153930664,-0.41789522767066956,-0.42049896717071533,-0.41976115107536316,-0.42249202728271484,-0.41946545243263245,-0.4235401451587677,-0.42058002948760986,-0.423957884311676,-0.4183434545993805,-0.4278883934020996,-0.4216946065425873,-0.4226381778717041,-0.429470419883728,-0.4288375973701477,-0.40705057978630066,-0.4298734664916992,-0.3866772949695587,-0.46252456307411194,0.12606342136859894,0.9866338968276978,0.4310018718242645]
[-0.4194926917552948,-0.420423299074173,-0.4194110333919525,-0.4195702075958252,-0.4202350676059723,-0.41937822103500366,-0.42010465264320374,-0.4186508059501648,-0.41989055275917053,-0.4190477430820465,-0.41939204931259155,-0.41621848940849304,-0.41939863562583923,-0.4164104759693146,-0.4167361259460449,-0.4139522314071655,-0.42332905530929565,-0.4371897876262665,-0.4363466501235962,-0.4360519051551819,-0.41928747296333313,-0.40218204259872437,-0.3980541527271271,-0.3987022042274475,-0.4084431529045105,-0.365012526512146,0.11159135401248932,-0.37917447090148926]
[-0.4205513894557953,-0.4201427698135376,-0.41985949873924255,-0.4196130931377411,-0.42090708017349243,-0.41979795694351196,-0.42130348086357117,-0.41955363750457764,-0.41955801844596863,-0.41961127519607544,-0.41871553659439087,-0.42018261551856995,-0.4215086102485657,-0.42349764704704285,-0.4146181344985962,-0.43217048048973083,-0.4777420163154602,-0.5008615255355835,-0.5019397139549255,-0.4088960587978363,-0.400002658367157,-0.4186158776283264,-0.40718141198158264,-0.40407881140708923,-0.40138745307922363,-0.4005630612373352,-0.41601189970970154,-0.4067949652671814]
[-0.4214954674243927,-0.4203801453113556,-0.42001157999038696,-0.4195300340652466,-0.42064833641052246,-0.41924792528152466,-0.42088764905929565,-0.4190717041492462,-0.41850560903549194,-0.418694406747818,-0.4199848175048828,-0.4216793477535248,-0.4212684631347656,-0.3992953300476074,-0.40909573435783386,-0.4877559542655945,-0.5157159566879272,0.16210052371025085,-0.18303146958351135,-0.4715256989002228,-0.4360448122024536,-0.4078976511955261,-0.3910861015319824,-0.4096343517303467,-0.4071664810180664,-0.4144570529460907,-0.4096807539463043,-0.41009172797203064]
[-0.4204966127872467,-0.41997256875038147,-0.419471800327301,-0.4183116853237152,-0.42050889134407043,-0.41846007108688354,-0.42120254039764404,-0.418986439704895,-0.41832655668258667,-0.41840362548828125,-0.4152487814426422,-0.41737017035484314,-0.4014226198196411,-0.4362935721874237,0.3541366159915924,3.063655138015747,2.4405603408813477,3.6351544857025146,2.8385469913482666,1.71884286403656,0.6939845085144043,-0.33639785647392273,-0.3770737946033478,-0.4029197692871094,-0.40821710228919983,-0.4116438031196594,-0.4113081693649292,-0.41571685671806335]
[-0.4206337332725525,-0.41977453231811523,-0.41940468549728394,-0.41879379749298096,-0.4198653995990753,-0.41836753487586975,-0.4207892417907715,-0.42013221979141235,-0.41770052909851074,-0.4176763594150543,-0.4145399332046509,-0.4155409634113312,0.5120824575424194,2.1442506313323975,3.2256956100463867,2.68780779838562,2.3514511585235596,2.519413471221924,2.945411205291748,2.2164523601531982,2.762542963027954,2.014531373977661,-0.1479235589504242,-0.3463156223297119,-0.4037184715270996,-0.40928351879119873,-0.4145732522010803,-0.4166681468486786]
[-0.4209074378013611,-0.4189123809337616,-0.4194208085536957,-0.41835668683052063,-0.4189019501209259,-0.41751328110694885,-0.41912227869033813,-0.4166080057621002,-0.41637668013572693,-0.41346922516822815,-0.3968181908130646,-0.11350160837173462,2.5922250747680664,2.7634079456329346,2.707319736480713,2.066962480545044,2.545869827270508,2.4361319541931152,2.6921117305755615,3.2702317237854004,2.4510016441345215,2.4344375133514404,1.4911452531814575,0.4132278859615326,-0.4108313024044037,-0.41511258482933044,-0.4195573627948761,-0.417998731136322]
[-0.42154860496520996,-0.4188883304595947,-0.4199772775173187,-0.41841399669647217,-0.41855278611183167,-0.41730841994285583,-0.41766032576560974,-0.41629859805107117,-0.4181249141693115,-0.4108259081840515,-0.09689382463693619,2.699774742126465,2.866931200027466,2.339056968688965,0.8665771484375,-0.19841012358665466,0.3121791481971741,1.1519724130630493,0.8945127725601196,2.7035701274871826,2.549748182296753,2.7006397247314453,1.516058087348938,-0.35496047139167786,-0.40716832876205444,-0.41406598687171936,-0.4199870526790619,-0.41892892122268677]
[-0.4220174252986908,-0.42026761174201965,-0.41986605525016785,-0.4179448187351227,-0.4186317026615143,-0.41584935784339905,-0.4179064631462097,-0.4164188504219055,-0.41794252395629883,-0.416470468044281,1.4197322130203247,2.3776259422302246,1.48092782497406,0.5625628232955933,-0.4690999388694763,-0.4455520510673523,-0.4268761873245239,-0.44171765446662903,-0.6482089757919312,-0.08898131549358368,0.6482375860214233,1.4243223667144775,-0.06876428425312042,-0.37799400091171265,-0.4105577766895294,-0.41751447319984436,-0.42073357105255127,-0.4193354845046997]
[-0.42176294326782227,-0.4198260009288788,-0.4190155565738678,-0.41793787479400635,-0.419406533241272,-0.41718006134033203,-0.41850218176841736,-0.41455769538879395,-0.41744327545166016,-0.4106086492538452,-0.3231758177280426,0.6506253480911255,-0.44521796703338623,-0.3759240210056305,-0.4139651656150818,-0.4134177267551422,-0.4041285216808319,-0.3867548704147339,-0.5042277574539185,-0.4603988826274872,-0.4045120179653168,-0.3750501871109009,-0.3633750081062317,-0.39820095896720886,-0.41438376903533936,-0.41525137424468994,-0.4185848832130432,-0.41842910647392273]
[-0.42105960845947266,-0.4193290174007416,-0.4196552038192749,-0.41834697127342224,-0.4187487065792084,-0.4154442548751831,-0.4174184799194336,-0.4161125421524048,-0.4104262590408325,-0.41946566104888916,-0.4726214110851288,-0.3978298306465149,-0.4222385883331299,-0.46976742148399353,-0.4203101694583893,-0.4416734576225281,-0.42427346110343933,-0.3808956444263458,-0.44005706906318665,-0.40266525745391846,-0.36848658323287964,-0.3839499056339264,-0.4005133807659149,-0.4129104018211365,-0.41439810395240784,-0.4168601930141449,-0.42151737213134766,-0.4189229905605316]
[-0.42038995027542114,-0.41936126351356506,-0.41839414834976196,-0.41861894726753235,-0.4183988571166992,-0.41705331206321716,-0.4144703447818756,-0.4139218032360077,-0.3374340236186981,0.39518359303474426,0.32601839303970337,0.21621346473693848,0.13082462549209595,1.2828031778335571,0.9746922254562378,1.3062305450439453,1.2898751497268677,1.8773857355117798,1.1106611490249634,-0.3246697187423706,-0.3920521140098572,-0.3847298324108124,-0.4039202332496643,-0.4137333333492279,-0.4159002900123596,-0.41708746552467346,-0.41989728808403015,-0.4191491901874542]
[-0.42075830698013306,-0.41974344849586487,-0.41772183775901794,-0.4184321165084839,-0.4168357849121094,-0.414262056350708,-0.403298944234848,-0.3779425621032715,1.611819863319397,2.244539260864258,2.4685957431793213,2.678675889968872,2.9547994136810303,2.9762375354766846,2.6125030517578125,2.825509548187256,2.8600783348083496,2.79510235786438,2.2832226753234863,0.9894657135009766,-0.41506820917129517,-0.3986794352531433,-0.4041944742202759,-0.40939757227897644,-0.4136274755001068,-0.4172920882701874,-0.4202779531478882,-0.4182274341583252]
[-0.42045891284942627,-0.4191237688064575,-0.41691330075263977,-0.4184536635875702,-0.41768863797187805,-0.4137623608112335,-0.4038517475128174,0.05853891372680664,3.299346923828125,2.6993658542633057,2.438737630844116,1.9597313404083252,2.1730916500091553,2.838705062866211,2.557784080505371,2.950580358505249,2.444636344909668,2.4523069858551025,2.790180206298828,2.450160026550293,1.0252140760421753,-0.3785048723220825,-0.4008709788322449,-0.406533807516098,-0.4120313227176666,-0.4163808524608612,-0.42042165994644165,-0.4179789125919342]
[-0.42013487219810486,-0.4189589023590088,-0.41627809405326843,-0.4151356518268585,-0.4188978374004364,-0.4160510301589966,-0.4157868027687073,0.6161478757858276,2.844907760620117,2.49727463722229,2.3108839988708496,2.5293023586273193,3.0035715103149414,2.160377025604248,1.1354680061340332,0.7088762521743774,0.859411358833313,1.9725685119628906,2.9618728160858154,3.2181103229522705,2.633883476257324,0.8044356107711792,-0.3788585960865021,-0.3967348635196686,-0.4117177724838257,-0.4164493978023529,-0.41927480697631836,-0.4183218479156494]
[-0.42010533809661865,-0.4195707142353058,-0.41626954078674316,-0.41655975580215454,-0.41762396693229675,-0.414431631565094,-0.4149394631385803,-0.1281680166721344,0.6052994728088379,0.26416921615600586,-0.201002299785614,-0.2558910846710205,-0.2919851541519165,-0.24740619957447052,-0.25942403078079224,-0.2859368622303009,-0.24345755577087402,-0.2710840702056885,1.0657153129577637,2.1916656494140625,3.129091262817383,1.9745380878448486,-0.33361613750457764,-0.3925020396709442,-0.4120393991470337,-0.4169621467590332,-0.4179569184780121,-0.4169689416885376]
[-0.42096376419067383,-0.4185277223587036,-0.4151693880558014,-0.4167565703392029,-0.41580793261528015,-0.4170304834842682,-0.41099825501441956,-0.41078391671180725,-0.4199047386646271,-0.42564263939857483,-0.40494275093078613,-0.4003732204437256,-0.39564263820648193,-0.40331822633743286,-0.385465145111084,-0.3800855576992035,-0.37515726685523987,-0.42259320616722107,-0.23903658986091614,1.8631141185760498,2.3011677265167236,2.7556710243225098,0.15813028812408447,-0.3707011342048645,-0.41005653142929077,-0.41502371430397034,-0.4187755882740021,-0.4176560938358307]
[-0.4210174083709717,-0.4176883399486542,-0.4144240915775299,-0.4170451760292053,-0.41628578305244446,-0.42013245820999146,-0.4050396680831909,-0.40602225065231323,-0.4098297953605652,-0.4008355140686035,-0.4092406630516052,-0.4096289575099945,-0.40762537717819214,-0.4027053415775299,-0.40119120478630066,-0.40835538506507874,-0.395114541053772,-0.42515474557876587,-0.06638075411319733,2.178478717803955,2.41902232170105,2.176649570465088,-0.19313398003578186,-0.3790135383605957,-0.4121982455253601,-0.41595980525016785,-0.41809985041618347,-0.4182262122631073]
[-0.42018967866897583,-0.417953222990036,-0.415990948677063,-0.4153623580932617,-0.41539061069488525,-0.3932894468307495,-0.40729621052742004,-0.4114571511745453,-0.41600239276885986,-0.4122830331325531,-0.41572216153144836,-0.41182026267051697,-0.41147351264953613,-0.4061952233314514,-0.4101093113422394,-0.41805511713027954,-0.3822079002857208,-0.39603814482688904,1.1165498495101929,2.3061559200286865,2.9555959701538086,1.6191462278366089,-0.31865257024765015,-0.3902375102043152,-0.41244614124298096,-0.41710174083709717,-0.4193406105041504,-0.4190334677696228]
[-0.4183570444583893,-0.4165855944156647,-0.4163542091846466,-0.41627857089042664,-0.41871851682662964,-0.2218826711177826,-0.3553887903690338,-0.3831555247306824,-0.40553948283195496,-0.4112491309642792,-0.41752588748931885,-0.41327768564224243,-0.4183431565761566,-0.4103040099143982,-0.4155166745185852,-0.4095056354999542,-0.39037421345710754,0.15245163440704346,2.660240650177002,2.529634475708008,2.960085868835449,-0.18558689951896667,-0.378952294588089,-0.401984840631485,-0.4156229496002197,-0.41749194264411926,-0.4201996624469757,-0.42059263586997986]
[-0.4180831015110016,-0.4156131446361542,-0.41542312502861023,-0.41160714626312256,-0.28551965951919556,1.2198565006256104,0.33084291219711304,-0.37347543239593506,-0.3807874023914337,-0.3700988292694092,-0.40409258008003235,-0.402059942483902,-0.3831247091293335,-0.39609330892562866,-0.3948249816894531,-0.3478270173072815,0.22617578506469727,1.7051246166229248,3.2036538124084473,2.569509983062744,1.4699265956878662,-0.3206980228424072,-0.3969527781009674,-0.4086071252822876,-0.4158845543861389,-0.41789865493774414,-0.4213637709617615,-0.42125511169433594]
[-0.41731107234954834,-0.41926485300064087,-0.4158666431903839,-0.40912947058677673,-0.2191086709499359,2.0088160037994385,2.7733869552612305,1.3695666790008545,-0.13584016263484955,-0.39471009373664856,-0.43172743916511536,-0.3687831163406372,-0.3412324786186218,-0.06537433713674545,0.09241056442260742,1.291623830795288,2.00825572013855,2.5475375652313232,3.2168593406677246,2.178223133087158,-0.01226045936346054,-0.3835979104042053,-0.40359386801719666,-0.4130375385284424,-0.4176647961139679,-0.4180123209953308,-0.4212019741535187,-0.42170366644859314]
[-0.4184058904647827,-0.41906002163887024,-0.4169735908508301,-0.41511520743370056,-0.3965706527233124,0.037853583693504333,3.5074195861816406,3.8976073265075684,4.323355674743652,4.314029693603516,3.2049176692962646,3.592196226119995,2.9099206924438477,3.3746540546417236,2.339036703109741,2.8968629837036133,2.501755714416504,2.862982988357544,2.384864330291748,0.4445258677005768,-0.3682331442832947,-0.397263765335083,-0.4095696210861206,-0.4159240424633026,-0.4202479422092438,-0.4185605049133301,-0.42036643624305725,-0.4215126633644104]
[-0.41814151406288147,-0.418198823928833,-0.41711148619651794,-0.4155510365962982,-0.42188334465026855,-0.3852989077568054,1.285420298576355,1.685058832168579,2.383226156234741,2.2298104763031006,1.926788568496704,2.8041653633117676,2.974064350128174,3.232466697692871,2.8156533241271973,3.0563414096832275,2.7795369625091553,2.2954800128936768,0.37466704845428467,-0.29631638526916504,-0.39568307995796204,-0.40585532784461975,-0.4176541864871979,-0.4183187186717987,-0.4214959740638733,-0.41956907510757446,-0.42085859179496765,-0.4212721884250641]
[-0.41890478134155273,-0.4189699590206146,-0.4203558564186096,-0.4177597463130951,-0.4234139323234558,-0.44192710518836975,-0.5289771556854248,-0.37442824244499207,-0.4283926486968994,-0.36724501848220825,-0.13348396122455597,0.6685203313827515,0.18291708827018738,1.115217685699463,1.9253618717193604,2.3046658039093018,2.4331841468811035,1.23818039894104,-0.40331488847732544,-0.38029685616493225,-0.40750983357429504,-0.4110981822013855,-0.41866394877433777,-0.4168708026409149,-0.4209318161010742,-0.4195047616958618,-0.4208357334136963,-0.42036864161491394]
[-0.4215095639228821,-0.41986608505249023,-0.41973361372947693,-0.414721816778183,-0.4143625795841217,-0.42369258403778076,-0.43685632944107056,-0.4282270669937134,-0.41628527641296387,-0.3955049216747284,-0.3691619038581848,-0.40868374705314636,-0.38335222005844116,-0.3443666696548462,1.0526676177978516,2.920771360397339,0.5585707426071167,-0.47871625423431396,-0.3799129128456116,-0.3963688313961029,-0.4049191474914551,-0.41441038250923157,-0.4213906526565552,-0.41979607939720154,-0.41958966851234436,-0.4187466502189636,-0.41971728205680847,-0.42054829001426697]
[-0.4229208827018738,-0.41904911398887634,-0.41811317205429077,-0.4152050018310547,-0.41838040947914124,-0.4106922745704651,-0.41501131653785706,-0.4075535833835602,-0.4142357110977173,-0.4008762240409851,-0.40105900168418884,-0.40968790650367737,-0.38479140400886536,-0.4022657871246338,-0.46229809522628784,-0.38458138704299927,-0.3851318657398224,-0.3943166136741638,-0.3920148015022278,-0.39890551567077637,-0.40918344259262085,-0.41591206192970276,-0.4185596704483032,-0.41746410727500916,-0.41921573877334595,-0.4163113534450531,-0.4194042682647705,-0.418712854385376]
[-0.4207518398761749,-0.4219895601272583,-0.42006275057792664,-0.41970351338386536,-0.4230611026287079,-0.4155430495738983,-0.41179659962654114,-0.40923386812210083,-0.40967297554016113,-0.41487643122673035,-0.40516212582588196,-0.4027806222438812,-0.3882919251918793,-0.40350115299224854,-0.4539855122566223,-0.4132278263568878,-0.39304715394973755,-0.3859217166900635,-0.4097968339920044,-0.4096933603286743,-0.4136779010295868,-0.4165911376476288,-0.4180202782154083,-0.41923701763153076,-0.41860100626945496,-0.41601303219795227,-0.4185641407966614,-0.414855420589447]
