[-0.4175412058830261,-0.41828811168670654,-0.41902393102645874,-0.4179301857948303,-0.419965922832489,-0.41916248202323914,-0.42005226016044617,-0.4176667332649231,-0.4189634621143341,-0.41820797324180603,-0.42031344771385193,-0.41302815079689026,-0.4238073527812958,-0.4160464406013489,-0.41603201627731323,-0.4100232422351837,-0.4090098440647125,-0.4117740988731384,-0.41045936942100525,-0.4035767614841461,-0.40822094678878784,-0.4099545478820801,-0.40883520245552063,-0.4081660807132721,-0.41287195682525635,-0.4119296073913574,-0.4139249324798584,-0.40876564383506775]
[-0.4208574891090393,-0.42034071683883667,-0.42047473788261414,-0.41960176825523376,-0.4211712181568146,-0.41940903663635254,-0.41929829120635986,-0.4179530143737793,-0.41889306902885437,-0.416015625,-0.4177801311016083,-0.4120555520057678,-0.4182172417640686,-0.41492795944213867,-0.4153119921684265,-0.41147857904434204,-0.41441014409065247,-0.4038377106189728,-0.40740108489990234,-0.3987300992012024,-0.40486979484558105,-0.40657174587249756,-0.41197437047958374,-0.41396385431289673,-0.41511330008506775,-0.4156380891799927,-0.41876569390296936,-0.4138305187225342]
[-0.42063507437705994,-0.42043161392211914,-0.42065247893333435,-0.41979512572288513,-0.42052510380744934,-0.4196140468120575,-0.41984859108924866,-0.4180653989315033,-0.4195244014263153,-0.415924072265625,-0.41775426268577576,-0.4102506637573242,-0.4043257236480713,-0.44303029775619507,-0.4444441497325897,-0.39285075664520264,-0.4438972771167755,-0.326968789100647,-0.321165531873703,-0.37131166458129883,-0.40492549538612366,-0.4081514775753021,-0.41581735014915466,-0.41288334131240845,-0.416301965713501,-0.417675644159317,-0.4200975298881531,-0.41761812567710876]
[-0.42184504866600037,-0.42103973031044006,-0.42072317004203796,-0.41974449157714844,-0.4209953844547272,-0.4196307957172394,-0.4197885990142822,-0.4179129898548126,-0.41922101378440857,-0.41555115580558777,-0.40842384099960327,-0.3996308445930481,-0.4102243185043335,-0.16760766506195068,0.1464463472366333,0.7858271598815918,1.7015578746795654,1.5808796882629395,-0.36878830194473267,-0.3842985928058624,-0.40640583634376526,-0.4074476361274719,-0.41761264204978943,-0.4154609143733978,-0.4181689918041229,-0.4163542687892914,-0.4199294447898865,-0.4174356758594513]
[-0.42098918557167053,-0.42041388154029846,-0.4207884967327118,-0.41930845379829407,-0.4209093451499939,-0.4187799096107483,-0.41881677508354187,-0.4168904721736908,-0.4181838929653168,-0.41249075531959534,-0.3930470049381256,-0.3541695177555084,0.5273406505584717,3.07914137840271,2.4335896968841553,4.416960716247559,1.318334698677063,-0.35926228761672974,-0.3817816376686096,-0.4032703638076782,-0.40689224004745483,-0.41140422224998474,-0.41811031103134155,-0.415327787399292,-0.4201579988002777,-0.418779581785202,-0.4199839234352112,-0.4195801615715027]
[-0.4213339686393738,-0.42136457562446594,-0.42106032371520996,-0.42025503516197205,-0.4204999804496765,-0.4184803068637848,-0.41863882541656494,-0.4174545407295227,-0.4167466163635254,-0.41151511669158936,-0.41176244616508484,1.0542025566101074,3.082350254058838,1.2279114723205566,1.4932923316955566,2.5365591049194336,0.27475953102111816,-0.3634796142578125,-0.3921871781349182,-0.4048976004123688,-0.41235050559043884,-0.41368368268013,-0.4184849262237549,-0.4177023470401764,-0.41966795921325684,-0.4182932376861572,-0.41939952969551086,-0.41883864998817444]
[-0.42153245210647583,-0.4200620949268341,-0.41983652114868164,-0.4189002513885498,-0.4206034243106842,-0.41862988471984863,-0.41842395067214966,-0.4171018898487091,-0.41519051790237427,-0.4131213426589966,-0.4007585942745209,1.1538093090057373,3.2318460941314697,1.349249005317688,1.4020593166351318,1.6280311346054077,-0.2928703725337982,-0.3903351426124573,-0.39908385276794434,-0.40654122829437256,-0.41699886322021484,-0.4144483804702759,-0.4188140034675598,-0.41754448413848877,-0.4191414415836334,-0.418805867433548,-0.42060863971710205,-0.4203425347805023]
[-0.42154932022094727,-0.4206184148788452,-0.42053744196891785,-0.4196926951408386,-0.4201444983482361,-0.41853803396224976,-0.4184928238391876,-0.4182860851287842,-0.41507261991500854,-0.41362789273262024,-0.3388652801513672,1.5748610496520996,2.6261117458343506,3.057803153991699,1.9919049739837646,0.5158298015594482,-0.3632141351699829,-0.38613206148147583,-0.40230876207351685,-0.4104926288127899,-0.4165964722633362,-0.41752076148986816,-0.4190692901611328,-0.4181358516216278,-0.41919243335723877,-0.4191400706768036,-0.4203301668167114,-0.419648140668869]
[-0.42097434401512146,-0.41982150077819824,-0.42028161883354187,-0.4197039008140564,-0.41988062858581543,-0.41815322637557983,-0.418413370847702,-0.4170757532119751,-0.4132934808731079,-0.412476509809494,-0.25019025802612305,2.0821399688720703,2.19775652885437,3.3755087852478027,3.078641176223755,1.214355707168579,-0.35509753227233887,-0.39893290400505066,-0.4045338034629822,-0.4084326922893524,-0.41411781311035156,-0.41596171259880066,-0.4178575873374939,-0.4172246754169464,-0.41933730244636536,-0.41910532116889954,-0.41976696252822876,-0.4187637269496918]
[-0.420671671628952,-0.41971683502197266,-0.41942787170410156,-0.4192935824394226,-0.4192156493663788,-0.4183630645275116,-0.4185720384120941,-0.41647860407829285,-0.41326120495796204,-0.40445131063461304,0.16940101981163025,2.6369898319244385,2.5927798748016357,1.8733488321304321,2.674398183822632,1.526763677597046,-0.033736906945705414,-0.39144930243492126,-0.4117136299610138,-0.40615248680114746,-0.4163565933704376,-0.41761815547943115,-0.41806840896606445,-0.417621374130249,-0.42000144720077515,-0.4198128879070282,-0.42151471972465515,-0.41815805435180664]
[-0.4208908677101135,-0.41955503821372986,-0.419709712266922,-0.4192166030406952,-0.41962912678718567,-0.4188259541988373,-0.41720229387283325,-0.41628891229629517,-0.4151569902896881,-0.4010487496852875,0.9545959234237671,2.3007395267486572,2.834031105041504,2.328162670135498,2.1077146530151367,1.154296636581421,0.9895309209823608,0.3805074989795685,-0.39190322160720825,-0.41718462109565735,-0.4124605655670166,-0.4146232008934021,-0.41718199849128723,-0.41881677508354187,-0.4205321669578552,-0.418999046087265,-0.42141059041023254,-0.4183410108089447]
[-0.42026910185813904,-0.4197580814361572,-0.41957715153694153,-0.41846001148223877,-0.41911888122558594,-0.41899171471595764,-0.4176498353481293,-0.41389551758766174,-0.41300156712532043,-0.29467839002609253,1.4711040258407593,2.5592503547668457,2.670193910598755,1.8355587720870972,0.18158963322639465,-0.3079541325569153,1.2061930894851685,1.327785611152649,-0.2713578939437866,-0.40713417530059814,-0.39364030957221985,-0.41054052114486694,-0.40954288840293884,-0.41637149453163147,-0.41860219836235046,-0.4165950119495392,-0.4196796715259552,-0.4167056083679199]
[-0.42036694288253784,-0.41978031396865845,-0.41835471987724304,-0.41788145899772644,-0.41806837916374207,-0.4163825809955597,-0.4165469706058502,-0.41287651658058167,-0.4122198522090912,0.6407243013381958,2.610687732696533,2.297809600830078,2.9247076511383057,1.2673630714416504,-0.04230499267578125,0.5698667764663696,3.160712242126465,2.348067045211792,1.3645744323730469,-0.27466145157814026,-0.34189164638519287,-0.4075358211994171,-0.4056434631347656,-0.4070171117782593,-0.4173331558704376,-0.41698914766311646,-0.4195059835910797,-0.41700756549835205]
[-0.42050620913505554,-0.41868430376052856,-0.41754117608070374,-0.41822177171707153,-0.417964369058609,-0.41705557703971863,-0.4138687551021576,-0.40252700448036194,-0.18133950233459473,2.212965250015259,2.8748998641967773,2.38921856880188,3.1430728435516357,1.049957036972046,1.8750905990600586,2.1717236042022705,3.6404669284820557,2.238699197769165,2.9205307960510254,3.164041519165039,1.8329206705093384,0.05111636221408844,-0.40949368476867676,-0.40103864669799805,-0.4131784439086914,-0.4157331883907318,-0.4183324873447418,-0.4166050851345062]
[-0.4200337529182434,-0.41846004128456116,-0.4175845682621002,-0.41670534014701843,-0.41766151785850525,-0.41351771354675293,-0.40522313117980957,-0.34904584288597107,1.7068934440612793,2.4823098182678223,2.74094295501709,2.737684726715088,2.1483659744262695,1.9795150756835938,3.0472331047058105,3.122377634048462,2.5712852478027344,2.217296600341797,2.5692176818847656,2.968909978866577,3.1301381587982178,1.2489478588104248,-0.3968205451965332,-0.39730289578437805,-0.4136674106121063,-0.4136555790901184,-0.419773131608963,-0.418262243270874]
[-0.41950511932373047,-0.41862112283706665,-0.41724494099617004,-0.4175153970718384,-0.41728150844573975,-0.4148360788822174,-0.37926116585731506,0.7339903116226196,3.2569830417633057,2.4592056274414062,3.2351126670837402,2.514605760574341,2.1058249473571777,2.645787477493286,3.07564115524292,2.9622559547424316,3.2646617889404297,2.5692405700683594,2.0804336071014404,2.5037460327148438,2.6014926433563232,1.7455395460128784,-0.38769012689590454,-0.4009011685848236,-0.41013699769973755,-0.41439706087112427,-0.4176708459854126,-0.41801783442497253]
[-0.4188533425331116,-0.41827642917633057,-0.41734081506729126,-0.4170863628387451,-0.417598694562912,-0.41566935181617737,-0.2135380506515503,2.1430118083953857,3.386807918548584,2.0675294399261475,3.364259958267212,2.6681699752807617,2.8742942810058594,2.1942074298858643,2.8562686443328857,1.2880687713623047,1.8991811275482178,2.618147850036621,2.204352855682373,2.3211193084716797,2.2318804264068604,1.9251017570495605,-0.09436306357383728,-0.3989233076572418,-0.4142811894416809,-0.4154248535633087,-0.42129766941070557,-0.4225725531578064]
[-0.4191592335700989,-0.41842910647392273,-0.4172098636627197,-0.41702428460121155,-0.41761645674705505,-0.4147862493991852,-0.18745674192905426,2.1641697883605957,3.2871134281158447,3.5325498580932617,2.6639955043792725,1.439146637916565,1.7168891429901123,1.6436632871627808,1.2665363550186157,-0.1966131031513214,-0.41453981399536133,0.1474425494670868,2.545051336288452,2.9247682094573975,2.5187251567840576,1.8416619300842285,0.2574574649333954,-0.4046623110771179,-0.41423726081848145,-0.4152212142944336,-0.4193686544895172,-0.4213888347148895]
[-0.41987144947052,-0.41766634583473206,-0.4177692234516144,-0.4157029986381531,-0.41724568605422974,-0.4143242835998535,-0.13766111433506012,2.350673198699951,3.3228237628936768,1.8220667839050293,-0.16429881751537323,-0.3528774380683899,-0.3870284855365753,-0.31839293241500854,-0.4130931496620178,-0.38528087735176086,-0.394928902387619,-0.3498823046684265,2.2392184734344482,3.1171200275421143,2.7174365520477295,2.287487268447876,0.051995739340782166,-0.3999927043914795,-0.4107828140258789,-0.4171063303947449,-0.42229586839675903,-0.4221390187740326]
[-0.4187076985836029,-0.4173169732093811,-0.417145699262619,-0.41553178429603577,-0.4174594283103943,-0.4120977222919464,-0.26188477873802185,1.5697230100631714,1.684146761894226,-0.35628727078437805,-0.4042094647884369,-0.4054873585700989,-0.39014166593551636,-0.40721502900123596,-0.399612158536911,-0.3851885497570038,-0.39097458124160767,1.2480369806289673,2.011179208755493,2.707145929336548,2.6137819290161133,1.1595723628997803,-0.3563602566719055,-0.4006717801094055,-0.4119231402873993,-0.4184410572052002,-0.42008158564567566,-0.4204806685447693]
[-0.419007271528244,-0.4169493615627289,-0.41625064611434937,-0.4144101142883301,-0.4151792824268341,-0.4144577980041504,-0.4112628400325775,-0.11931191384792328,-0.07040299475193024,-0.41862431168556213,-0.41698652505874634,-0.40801602602005005,-0.4168289303779602,-0.4082691967487335,-0.38935932517051697,-0.3945080637931824,-0.3422818183898926,1.8623502254486084,2.4378867149353027,2.3885533809661865,1.7404030561447144,0.2016189992427826,-0.3888137936592102,-0.40227094292640686,-0.415863037109375,-0.4178202152252197,-0.42305007576942444,-0.4205675721168518]
[-0.4179183840751648,-0.4166915714740753,-0.4168061912059784,-0.41477110981941223,-0.4146329462528229,-0.412347674369812,-0.4097292125225067,-0.41593846678733826,0.3340677320957184,-0.40548962354660034,-0.43676042556762695,-0.48777371644973755,-0.44604596495628357,-0.42484036087989807,-0.36387741565704346,-0.5632875561714172,0.5672906637191772,1.3368804454803467,2.622731924057007,2.153798818588257,0.9567756652832031,-0.36323171854019165,-0.4030033349990845,-0.4111262559890747,-0.41529256105422974,-0.4201061725616455,-0.4224680960178375,-0.4214417040348053]
[-0.41942691802978516,-0.4172796905040741,-0.41798150539398193,-0.41574448347091675,-0.41576918959617615,-0.41244226694107056,-0.4166032373905182,-0.4263754189014435,0.0655951052904129,0.9384924173355103,-0.0738193541765213,0.889533519744873,0.7073221206665039,-0.21994543075561523,0.06251884996891022,2.1511971950531006,1.8851568698883057,2.0791115760803223,2.512197732925415,1.2769358158111572,-0.3495371341705322,-0.3953402042388916,-0.41079241037368774,-0.4153357744216919,-0.41417279839515686,-0.4188988208770752,-0.42242857813835144,-0.42206546664237976]
[-0.41965657472610474,-0.41707396507263184,-0.4175027012825012,-0.41612520813941956,-0.4166997969150543,-0.4172104597091675,-0.4133870303630829,-0.42421025037765503,-0.4626096189022064,-0.3336029052734375,0.6268167495727539,3.287309169769287,3.397190809249878,3.051729440689087,2.5836408138275146,2.6238338947296143,2.186171054840088,2.694917678833008,1.2041875123977661,-0.2736112177371979,-0.3888997435569763,-0.4068795144557953,-0.41711869835853577,-0.4161645770072937,-0.418827086687088,-0.41858625411987305,-0.41909971833229065,-0.41900190711021423]
[-0.41937360167503357,-0.41718247532844543,-0.4178924858570099,-0.4157629609107971,-0.4172509014606476,-0.4152601659297943,-0.41539624333381653,-0.4179396629333496,-0.4164247214794159,-0.44146963953971863,-0.4159736931324005,0.680500864982605,1.0476120710372925,0.4415709674358368,0.42986997961997986,0.7958488464355469,0.38935956358909607,-0.03542299568653107,-0.3972199857234955,-0.3800874650478363,-0.402593195438385,-0.40605565905570984,-0.4158307909965515,-0.41209959983825684,-0.4183960258960724,-0.4147091507911682,-0.4197009205818176,-0.4197525978088379]
[-0.4197734296321869,-0.41819044947624207,-0.41840460896492004,-0.4161674678325653,-0.4169287383556366,-0.4150059223175049,-0.41914382576942444,-0.41519615054130554,-0.41663452982902527,-0.4134456217288971,-0.46880432963371277,-0.5316960215568542,-0.39821088314056396,-0.34200453758239746,-0.3515799939632416,-0.3733573257923126,-0.42061087489128113,-0.5194015502929688,-0.3973550498485565,-0.3952256143093109,-0.4016426205635071,-0.4079793691635132,-0.4180856943130493,-0.41598182916641235,-0.417020708322525,-0.41655662655830383,-0.41859954595565796,-0.4183749854564667]
[-0.4203782379627228,-0.4177265167236328,-0.42007312178611755,-0.41602668166160583,-0.4181100130081177,-0.4159179925918579,-0.4183480441570282,-0.41209715604782104,-0.4195900559425354,-0.414762407541275,-0.4400646686553955,-0.42883434891700745,-0.4056312143802643,-0.38492217659950256,-0.3762359917163849,-0.3924843668937683,-0.40405794978141785,-0.39850306510925293,-0.40940427780151367,-0.40005648136138916,-0.4074239432811737,-0.4093429744243622,-0.41528406739234924,-0.41382890939712524,-0.4177536368370056,-0.41743481159210205,-0.4197370707988739,-0.41782864928245544]
[-0.41978102922439575,-0.4194492697715759,-0.420504629611969,-0.41881775856018066,-0.4204012453556061,-0.4159500002861023,-0.4164871573448181,-0.4134279787540436,-0.41723841428756714,-0.41770222783088684,-0.4230901002883911,-0.41944295167922974,-0.4081420600414276,-0.4120682179927826,-0.39782753586769104,-0.3938063085079193,-0.40174999833106995,-0.3991287052631378,-0.4100314974784851,-0.4141789972782135,-0.4124232232570648,-0.40550923347473145,-0.41163891553878784,-0.4118388295173645,-0.413627028465271,-0.41437941789627075,-0.41600316762924194,-0.41404440999031067]
