[-0.41735073924064636,-0.4197218418121338,-0.42003318667411804,-0.41873565316200256,-0.42022839188575745,-0.4190210700035095,-0.41929399967193604,-0.4205324649810791,-0.4200729727745056,-0.41730985045433044,-0.4196014106273651,-0.4185643792152405,-0.4178301990032196,-0.41600170731544495,-0.4190705120563507,-0.41501596570014954,-0.4177614450454712,-0.41507431864738464,-0.418596476316452,-0.4161156117916107,-0.420428067445755,-0.4181649386882782,-0.42126700282096863,-0.4200723469257355,-0.4256708025932312,-0.42620667815208435,-0.4328193664550781,-0.44300031661987305]
[-0.41889166831970215,-0.42060837149620056,-0.4201173484325409,-0.4187794029712677,-0.4196230173110962,-0.41927677392959595,-0.4187634587287903,-0.4179004728794098,-0.41937223076820374,-0.4166833162307739,-0.41734179854393005,-0.4150078594684601,-0.4157470762729645,-0.41410964727401733,-0.4157487452030182,-0.41203537583351135,-0.41553112864494324,-0.4131898283958435,-0.4147205054759979,-0.41159263253211975,-0.4147385358810425,-0.4144320785999298,-0.4169013798236847,-0.41712862253189087,-0.420531302690506,-0.4248841106891632,-0.41984111070632935,-0.4308738708496094]
[-0.42133358120918274,-0.4201141595840454,-0.4198113679885864,-0.4189996123313904,-0.42005300521850586,-0.42019519209861755,-0.4177526533603668,-0.4194551408290863,-0.418723464012146,-0.41721004247665405,-0.41704168915748596,-0.4157276451587677,-0.416280597448349,-0.4149850010871887,-0.41338232159614563,-0.41269028186798096,-0.4143137037754059,-0.41026806831359863,-0.41394782066345215,-0.411739319562912,-0.41517066955566406,-0.4127559959888458,-0.41222721338272095,-0.41645583510398865,-0.41545528173446655,-0.4201139211654663,-0.4184625744819641,-0.42022716999053955]
[-0.42059266567230225,-0.42044058442115784,-0.42013952136039734,-0.41818565130233765,-0.4204925000667572,-0.41969481110572815,-0.4136877954006195,-0.4174584746360779,-0.4164736866950989,-0.4120563566684723,-0.4146271049976349,-0.4150565266609192,-0.4153693616390228,-0.4090903103351593,-0.41066521406173706,-0.413826048374176,-0.41580915451049805,-0.4153285622596741,-0.41694319248199463,-0.4175700843334198,-0.4144860804080963,-0.41412556171417236,-0.41263389587402344,-0.41631317138671875,-0.41518136858940125,-0.41810664534568787,-0.4180789291858673,-0.42095696926116943]
[-0.4192947745323181,-0.4187539219856262,-0.417384535074234,-0.4162999093532562,-0.45584753155708313,-0.3788147568702698,-0.3794825077056885,-0.41363492608070374,-0.40837186574935913,-0.39718225598335266,-0.4076555669307709,-0.4179493486881256,-0.4155082702636719,-0.4116562008857727,-0.41373252868652344,-0.4093121886253357,-0.4114638566970825,-0.4113767147064209,-0.4120500683784485,-0.4096709191799164,-0.40881776809692383,-0.4085931181907654,-0.41255173087120056,-0.41434618830680847,-0.4152025580406189,-0.4148830771446228,-0.4161916673183441,-0.4165309965610504]
[-0.41979876160621643,-0.4186224639415741,-0.41697588562965393,-0.4123346209526062,-0.2722322344779968,0.601172685623169,0.6696542501449585,-0.3845024108886719,-0.43157047033309937,-0.3955662250518799,-0.3906819820404053,-0.40367820858955383,-0.3975852429866791,-0.4205172061920166,-0.42388707399368286,-0.4060405194759369,-0.3929419219493866,-0.3934210538864136,-0.39031291007995605,-0.4035029411315918,-0.4078284800052643,-0.40624645352363586,-0.41299811005592346,-0.4128507077693939,-0.4172026813030243,-0.4150964617729187,-0.4162385165691376,-0.418951153755188]
[-0.42059260606765747,-0.4190247058868408,-0.4188857972621918,-0.37995678186416626,1.5618317127227783,3.1321308612823486,2.397568464279175,2.197221517562866,0.9112201929092407,-0.2898907959461212,-0.26661133766174316,-0.3197917938232422,0.7322341203689575,1.0716474056243896,1.4248228073120117,2.5743675231933594,2.110941171646118,1.8525326251983643,0.06484085321426392,-0.3855062425136566,-0.4039691090583801,-0.3989858627319336,-0.4146944582462311,-0.4144369661808014,-0.41614478826522827,-0.4164673686027527,-0.4168418049812317,-0.41858452558517456]
[-0.4206075072288513,-0.4193798005580902,-0.42022833228111267,-0.2491994947195053,1.7186466455459595,3.6140544414520264,2.5049755573272705,2.7999958992004395,2.5928986072540283,2.4947783946990967,2.40400767326355,2.1205334663391113,3.4708809852600098,2.861686944961548,3.600050926208496,3.122217893600464,3.1433444023132324,2.303713798522949,2.2032053470611572,0.6359949111938477,-0.4051514267921448,-0.39661428332328796,-0.4129211902618408,-0.414118230342865,-0.4157187044620514,-0.4158424139022827,-0.4160301387310028,-0.41853639483451843]
[-0.4202367961406708,-0.42020466923713684,-0.42301687598228455,-0.2856612205505371,0.970894455909729,1.9244203567504883,1.7668397426605225,3.2587857246398926,2.58054780960083,3.2154664993286133,3.2680985927581787,2.700662851333618,2.982517957687378,3.1272308826446533,3.570948600769043,1.8029333353042603,2.2820639610290527,2.0595083236694336,2.818565607070923,1.9146201610565186,-0.4028582274913788,-0.4006803631782532,-0.41499754786491394,-0.41526809334754944,-0.41614970564842224,-0.4164874255657196,-0.41812652349472046,-0.4190833568572998]
[-0.4210189878940582,-0.4186140298843384,-0.4224715530872345,-0.3966539800167084,0.40489527583122253,1.3413972854614258,1.8028758764266968,3.2744569778442383,2.8176612854003906,2.595177173614502,2.2497048377990723,1.8288770914077759,0.8466271162033081,0.6660053730010986,2.470651626586914,1.5276360511779785,1.4656730890274048,1.5473304986953735,2.849362850189209,1.6781795024871826,-0.3850232660770416,-0.4063575267791748,-0.4144172966480255,-0.41496801376342773,-0.41665729880332947,-0.4171734154224396,-0.41810569167137146,-0.41915029287338257]
[-0.42017966508865356,-0.41906723380088806,-0.4156118333339691,-0.4214574992656708,0.36327630281448364,1.5562669038772583,1.2992064952850342,0.10589809715747833,-0.14489144086837769,-0.4141090512275696,-0.3590235710144043,-0.42319685220718384,-0.4302990734577179,-0.46515172719955444,-0.4224715232849121,-0.606077253818512,0.8762706518173218,2.324798107147217,2.811164617538452,0.27627429366111755,-0.3876242935657501,-0.4038696885108948,-0.4125571548938751,-0.41516947746276855,-0.4172402024269104,-0.4178822934627533,-0.41907405853271484,-0.41959521174430847]
[-0.4204801619052887,-0.4193384647369385,-0.4170205593109131,-0.4047151207923889,-0.1300487518310547,-0.044775791466236115,-0.3749317526817322,-0.3865804970264435,-0.4112536907196045,-0.39150339365005493,-0.4010695517063141,-0.4099770784378052,-0.4191490113735199,-0.4072433114051819,-0.39691728353500366,-0.5514582395553589,1.3546955585479736,2.804492473602295,2.56337833404541,-0.35061824321746826,-0.39209577441215515,-0.4055063724517822,-0.41227856278419495,-0.41518887877464294,-0.41815003752708435,-0.41679447889328003,-0.41910117864608765,-0.41889524459838867]
[-0.4192137122154236,-0.4180854558944702,-0.4114820659160614,-0.3213379979133606,0.2717306315898895,-0.3610909879207611,-0.41467687487602234,-0.40044909715652466,-0.40803778171539307,-0.40074723958969116,-0.40565618872642517,-0.40256693959236145,-0.42240163683891296,-0.41587042808532715,-0.3822004497051239,-0.11298839747905731,2.2613604068756104,3.353933811187744,1.1014134883880615,-0.35680875182151794,-0.39482152462005615,-0.4063883423805237,-0.41502252221107483,-0.41533637046813965,-0.41785532236099243,-0.41720420122146606,-0.4186905324459076,-0.4193970859050751]
[-0.4185928404331207,-0.41541385650634766,-0.3677433729171753,0.39511194825172424,1.1025584936141968,-0.35948628187179565,-0.4138139486312866,-0.4007601737976074,-0.4034607708454132,-0.40601542592048645,-0.4083736538887024,-0.4091639220714569,-0.4200364649295807,-0.4129903316497803,-0.16492949426174164,2.204096794128418,3.2101855278015137,2.5291476249694824,0.00600200891494751,-0.37285521626472473,-0.39737844467163086,-0.4102156162261963,-0.4150049388408661,-0.4149182140827179,-0.41824638843536377,-0.41790515184402466,-0.420232892036438,-0.4206129014492035]
[-0.4188912510871887,-0.41670846939086914,-0.37133222818374634,1.0865319967269897,1.3306289911270142,-0.35402941703796387,-0.41877269744873047,-0.4069720208644867,-0.40988689661026,-0.4130551815032959,-0.41993558406829834,-0.41126003861427307,-0.420579195022583,-0.41240304708480835,-0.2758442163467407,2.3387410640716553,3.132373809814453,2.0598223209381104,-0.32201194763183594,-0.38470378518104553,-0.40390294790267944,-0.4116310477256775,-0.41552868485450745,-0.4156979024410248,-0.4188074767589569,-0.417568176984787,-0.4204472005367279,-0.4201350510120392]
[-0.41670361161231995,-0.4144333600997925,-0.3417515158653259,0.7578835487365723,0.3031595051288605,-0.36573877930641174,-0.4147166311740875,-0.41619065403938293,-0.4118870794773102,-0.41522252559661865,-0.41950857639312744,-0.4115622937679291,-0.4196271598339081,-0.4114140570163727,-0.06980683654546738,2.1986656188964844,2.705174446105957,2.294034481048584,-0.355739951133728,-0.3972591161727905,-0.4041999280452728,-0.41285791993141174,-0.41592758893966675,-0.4171736538410187,-0.4181399345397949,-0.4174151122570038,-0.42096877098083496,-0.42074140906333923]
[-0.4163682460784912,-0.4157596826553345,-0.4181726574897766,-0.4450461268424988,-0.3094746172428131,-0.3915179669857025,-0.41674745082855225,-0.40919968485832214,-0.4099910259246826,-0.41339293122291565,-0.41575366258621216,-0.4137837588787079,-0.3976486325263977,-0.4115245044231415,1.4624457359313965,2.7604849338531494,2.734780788421631,0.004255354404449463,-0.3774738013744354,-0.3959551751613617,-0.40894606709480286,-0.4111171364784241,-0.4177284836769104,-0.4174380898475647,-0.4180366098880768,-0.4181920886039734,-0.42026636004447937,-0.42053478956222534]
[-0.416047066450119,-0.41711729764938354,-0.45788899064064026,-0.18299554288387299,-0.13560713827610016,-0.4414431154727936,-0.4116613268852234,-0.40194639563560486,-0.4085421562194824,-0.4155771732330322,-0.4154859185218811,-0.41085299849510193,-0.36620670557022095,-0.13132746517658234,2.916015386581421,2.141801118850708,2.1744680404663086,-0.2860555648803711,-0.3949536681175232,-0.4056493639945984,-0.41460442543029785,-0.4129859507083893,-0.41742196679115295,-0.4176834225654602,-0.416995644569397,-0.4185124337673187,-0.42107921838760376,-0.4199107587337494]
[-0.415076345205307,-0.4046879708766937,-0.5057820081710815,0.6293661594390869,2.677842378616333,0.8014280796051025,-0.3827221095561981,-0.41043514013290405,-0.401857852935791,-0.41345152258872986,-0.4086344242095947,-0.41346275806427,-0.4285022020339966,2.06915020942688,3.0807721614837646,2.5924313068389893,0.2952742576599121,-0.37507227063179016,-0.4035642743110657,-0.4061638116836548,-0.4153362214565277,-0.41331514716148376,-0.41912171244621277,-0.4179205894470215,-0.41848981380462646,-0.41804975271224976,-0.4197515547275543,-0.4198014438152313]
[-0.42385396361351013,-0.02688109129667282,0.6760513782501221,2.0669147968292236,3.1805994510650635,2.5560383796691895,1.070644497871399,-0.36651936173439026,-0.3810088336467743,-0.40468981862068176,-0.4037129580974579,-0.4090547561645508,0.17898383736610413,2.8003125190734863,2.832047700881958,1.8973078727722168,-0.39075303077697754,-0.3900805413722992,-0.4005146324634552,-0.40816354751586914,-0.4164852201938629,-0.41461342573165894,-0.4198663532733917,-0.4181863069534302,-0.41968807578086853,-0.4191420376300812,-0.42004817724227905,-0.4185786247253418]
[-0.37928444147109985,1.0539216995239258,2.0327084064483643,2.7830488681793213,2.561490058898926,2.2355635166168213,2.5765609741210938,-0.1914653480052948,-0.2824397087097168,-0.3820596933364868,-0.39279699325561523,-0.37770748138427734,1.8549751043319702,2.6738860607147217,2.5009384155273438,0.36328089237213135,-0.3797391951084137,-0.38738107681274414,-0.4031897485256195,-0.4104900360107422,-0.41597554087638855,-0.41532647609710693,-0.41904690861701965,-0.4168987572193146,-0.4194472134113312,-0.4187203049659729,-0.41982507705688477,-0.41904568672180176]
[-0.43382927775382996,0.43176767230033875,1.5944122076034546,3.1443076133728027,3.8231632709503174,3.328080654144287,4.0158891677856445,2.1242523193359375,0.17863839864730835,-0.39054983854293823,-0.3895885646343231,0.3408670723438263,3.347965955734253,2.6219682693481445,1.6213195323944092,-0.320989191532135,-0.38036468625068665,-0.40428367257118225,-0.40981176495552063,-0.41193777322769165,-0.4165090322494507,-0.4156624674797058,-0.4189109206199646,-0.4177166223526001,-0.41939911246299744,-0.4190462827682495,-0.4199162721633911,-0.4189656972885132]
[-0.42512425780296326,-0.3078272044658661,0.08931931853294373,1.155963659286499,2.1152687072753906,2.849595546722412,3.967691421508789,3.4980504512786865,2.1364428997039795,1.122045874595642,1.1835370063781738,2.8210947513580322,2.5818309783935547,2.3555209636688232,0.990479588508606,-0.3734496235847473,-0.4037017822265625,-0.41033846139907837,-0.41317158937454224,-0.41246408224105835,-0.41689589619636536,-0.4150441884994507,-0.41930899024009705,-0.41742345690727234,-0.4186849296092987,-0.4188840687274933,-0.4192892014980316,-0.4183640480041504]
[-0.4085597097873688,-0.3779714107513428,-0.36496812105178833,-0.346651554107666,-0.5093604922294617,-0.28502988815307617,3.0430498123168945,3.5857999324798584,4.067907333374023,2.8225979804992676,1.7558039426803589,3.420579195022583,2.469939708709717,2.3132541179656982,-0.41156747937202454,-0.4093071520328522,-0.41034552454948425,-0.41264891624450684,-0.4158599376678467,-0.4154040515422821,-0.4174653887748718,-0.4169062376022339,-0.41942882537841797,-0.4176792800426483,-0.4188164472579956,-0.4189693033695221,-0.4181913733482361,-0.4188517928123474]
[-0.41737738251686096,-0.4106334447860718,-0.4189894199371338,-0.3965110778808594,-0.3902500867843628,-0.5623657703399658,-0.47375595569610596,-0.5476745367050171,1.0604585409164429,1.2017643451690674,2.033128499984741,2.4165220260620117,0.8400106430053711,-0.2981511652469635,-0.4123082458972931,-0.41149649024009705,-0.4118063747882843,-0.4150075912475586,-0.41797253489494324,-0.41615989804267883,-0.4175940155982971,-0.4161020517349243,-0.41823774576187134,-0.4182247519493103,-0.4181583821773529,-0.4176061153411865,-0.4188375473022461,-0.419169157743454]
[-0.41634684801101685,-0.4162036180496216,-0.4117702841758728,-0.39488890767097473,-0.38575151562690735,-0.4114297926425934,-0.42040136456489563,-0.48948490619659424,-0.41235587000846863,-0.3931092619895935,1.2061052322387695,1.030919075012207,-0.3748440146446228,-0.39326077699661255,-0.40526583790779114,-0.407266229391098,-0.4145315885543823,-0.4155033230781555,-0.41566944122314453,-0.41747552156448364,-0.41733163595199585,-0.41688039898872375,-0.41895702481269836,-0.4178123474121094,-0.4184619188308716,-0.4177667498588562,-0.41882285475730896,-0.41952234506607056]
[-0.4198334813117981,-0.4171695113182068,-0.4176667332649231,-0.4130036532878876,-0.4088680148124695,-0.4167915880680084,-0.3941481411457062,-0.4094744324684143,-0.38187500834465027,-0.42212894558906555,-0.29289501905441284,-0.4190943241119385,-0.4018190801143646,-0.404571533203125,-0.40977743268013,-0.41146641969680786,-0.4169037938117981,-0.4148293733596802,-0.41647255420684814,-0.4166361689567566,-0.4188474714756012,-0.4172022044658661,-0.41966381669044495,-0.41864895820617676,-0.4185444116592407,-0.4179712235927582,-0.4188369810581207,-0.41821110248565674]
[-0.4164521098136902,-0.4224262535572052,-0.41997769474983215,-0.419199675321579,-0.4220238924026489,-0.41953104734420776,-0.4078218638896942,-0.4044466018676758,-0.4040555953979492,-0.3864140808582306,-0.38210591673851013,-0.41888195276260376,-0.40436094999313354,-0.4019047021865845,-0.40693044662475586,-0.41359642148017883,-0.4139082431793213,-0.4100964665412903,-0.4145994186401367,-0.4146038889884949,-0.41648951172828674,-0.41913822293281555,-0.4200441837310791,-0.41927289962768555,-0.41937386989593506,-0.41825664043426514,-0.4193207025527954,-0.41810083389282227]
