[-0.41723859310150146,-0.4184277057647705,-0.41990524530410767,-0.41805362701416016,-0.42101845145225525,-0.4202163517475128,-0.4203736484050751,-0.42024901509284973,-0.4208909273147583,-0.41916513442993164,-0.4201781153678894,-0.4182610809803009,-0.4205619990825653,-0.41569310426712036,-0.4187880754470825,-0.41661354899406433,-0.42116081714630127,-0.4190290570259094,-0.42191043496131897,-0.4217042326927185,-0.4226909875869751,-0.4216803014278412,-0.4252433478832245,-0.4218560755252838,-0.43197983503341675,-0.43168115615844727,-0.44836103916168213,-0.48867067694664]
[-0.4181118905544281,-0.4191439151763916,-0.41863271594047546,-0.4178884029388428,-0.4198410212993622,-0.4201413691043854,-0.42062488198280334,-0.4194473922252655,-0.4195467233657837,-0.41788557171821594,-0.4189949631690979,-0.414995938539505,-0.41913902759552,-0.41500863432884216,-0.41609519720077515,-0.4144565463066101,-0.41863298416137695,-0.41555124521255493,-0.41675910353660583,-0.4157840609550476,-0.41991519927978516,-0.4163394272327423,-0.4187479019165039,-0.4166454076766968,-0.41672664880752563,-0.41960781812667847,-0.4271213114261627,-0.43384799361228943]
[-0.4201367199420929,-0.41907089948654175,-0.4189193546772003,-0.41684940457344055,-0.4197099804878235,-0.4181913137435913,-0.4209902584552765,-0.42062386870384216,-0.4207911193370819,-0.4184086322784424,-0.4182874262332916,-0.4166320264339447,-0.4211255609989166,-0.4183198809623718,-0.4153132438659668,-0.41504576802253723,-0.4174080491065979,-0.41630545258522034,-0.41508162021636963,-0.41595256328582764,-0.4208533763885498,-0.4194376468658447,-0.4144402742385864,-0.41726547479629517,-0.41755080223083496,-0.4255114495754242,-0.42083412408828735,-0.4216979444026947]
[-0.4200560748577118,-0.4190797805786133,-0.4186842143535614,-0.41713353991508484,-0.41892313957214355,-0.4195094108581543,-0.41994041204452515,-0.41965028643608093,-0.4198380410671234,-0.41726264357566833,-0.41922903060913086,-0.4162684679031372,-0.42103421688079834,-0.41564056277275085,-0.41902458667755127,-0.4121144115924835,-0.41689303517341614,-0.41448259353637695,-0.41629379987716675,-0.3972839117050171,-0.37055402994155884,-0.37540552020072937,-0.3822075128555298,-0.4087558686733246,-0.4029466211795807,-0.40640395879745483,-0.4143986105918884,-0.42092204093933105]
[-0.4197801649570465,-0.4187428951263428,-0.41892334818840027,-0.4171951413154602,-0.417928010225296,-0.41712191700935364,-0.4199337959289551,-0.4179939329624176,-0.41972649097442627,-0.4188520014286041,-0.4199473559856415,-0.417533814907074,-0.41617822647094727,-0.4164046049118042,-0.4131331145763397,-0.40529853105545044,-0.4050988554954529,-0.3964378833770752,-0.40755584836006165,-0.4521811008453369,-0.5446234345436096,-0.34490686655044556,-0.28047603368759155,-0.30966055393218994,-0.4312238395214081,-0.37371137738227844,-0.4121416211128235,-0.40480372309684753]
[-0.41975945234298706,-0.41839897632598877,-0.4185032248497009,-0.4168264865875244,-0.41940754652023315,-0.41929101943969727,-0.4213683605194092,-0.419447124004364,-0.417531818151474,-0.4160434901714325,-0.41746360063552856,-0.4133349061012268,-0.4074448347091675,-0.41041600704193115,-0.4276899993419647,-0.406070739030838,-0.37801891565322876,-0.3153313994407654,0.7333700656890869,0.9463140964508057,2.551011085510254,3.7073540687561035,3.3187015056610107,2.6351377964019775,1.4193552732467651,0.39586374163627625,-0.4092424213886261,-0.39888158440589905]
[-0.4208166003227234,-0.41876810789108276,-0.4189484119415283,-0.4171880781650543,-0.4174542725086212,-0.4142005443572998,-0.4199276268482208,-0.41991791129112244,-0.4220776855945587,-0.41559869050979614,-0.41447630524635315,-0.40312081575393677,-0.3906709849834442,-0.3156490623950958,0.05643156170845032,0.742151141166687,2.844064235687256,3.5816688537597656,2.669832944869995,2.1368534564971924,2.175666332244873,2.6424200534820557,3.0208187103271484,4.4489312171936035,3.132878541946411,1.5679970979690552,-0.4227524995803833,-0.4103268086910248]
[-0.42013511061668396,-0.4190002679824829,-0.4188397526741028,-0.41675564646720886,-0.4181574285030365,-0.4168819785118103,-0.41914626955986023,-0.41026240587234497,-0.4043685495853424,-0.39734113216400146,-0.2241692841053009,1.3965948820114136,2.6415958404541016,2.600618600845337,2.912442922592163,2.588148593902588,2.359226942062378,2.5941481590270996,2.022998094558716,2.274913787841797,2.838289976119995,1.9595775604248047,1.2813336849212646,-0.27278608083724976,-0.25531503558158875,-0.3978501260280609,-0.40740060806274414,-0.41236478090286255]
[-0.4194367229938507,-0.4184219241142273,-0.41833367943763733,-0.4165709614753723,-0.4144629240036011,-0.4128214418888092,-0.4278069734573364,-0.036456212401390076,1.2835326194763184,2.4779043197631836,3.558438777923584,2.4814906120300293,2.0588138103485107,2.5640311241149902,2.669135570526123,1.5331469774246216,1.890012264251709,2.0041379928588867,2.8349368572235107,2.2599003314971924,1.1956349611282349,-0.6254614591598511,-0.4263385236263275,-0.3877631425857544,-0.3985925018787384,-0.4042356312274933,-0.41340863704681396,-0.4162488281726837]
[-0.4187045097351074,-0.418059378862381,-0.41763103008270264,-0.41647541522979736,-0.41269251704216003,-0.4093770980834961,-0.2266855239868164,2.5671002864837646,2.845054864883423,1.9594933986663818,0.24853655695915222,-0.32090669870376587,-0.45363157987594604,0.10187152028083801,3.582821846008301,1.974186658859253,2.511052131652832,0.09215140342712402,-0.04284283518791199,-0.4694293439388275,-0.38178539276123047,-0.3838508725166321,-0.40606096386909485,-0.39841002225875854,-0.4017784893512726,-0.4072815179824829,-0.4169127345085144,-0.4180401861667633]
[-0.41963598132133484,-0.4186510443687439,-0.4155232608318329,-0.41279396414756775,-0.4068225920200348,-0.051347143948078156,1.479042887687683,2.1760752201080322,2.9052927494049072,0.8213932514190674,-0.503632664680481,-0.42411163449287415,-0.4379516839981079,0.6568375825881958,1.8155100345611572,0.3896547257900238,0.9190150499343872,-0.0250697061419487,-0.3500165343284607,-0.38416677713394165,-0.3847103714942932,-0.3899865746498108,-0.4042174220085144,-0.4077500104904175,-0.40920567512512207,-0.4176439642906189,-0.4223425090312958,-0.4231276214122772]
[-0.41986602544784546,-0.4189455211162567,-0.4161732494831085,-0.41482943296432495,-0.349272221326828,1.605239987373352,2.820193290710449,2.1985039710998535,3.1637532711029053,2.013986587524414,1.0535151958465576,0.6762039661407471,1.7878361940383911,2.4087188243865967,3.0682730674743652,2.9031341075897217,1.4483100175857544,-0.5069891214370728,-0.36897826194763184,-0.3776204288005829,-0.3882044851779938,-0.3957854211330414,-0.4115939736366272,-0.4107380509376526,-0.41487494111061096,-0.41737431287765503,-0.4233914911746979,-0.42109596729278564]
[-0.4187287390232086,-0.4167311489582062,-0.4105696678161621,-0.3963068723678589,-0.32692116498947144,1.756614089012146,2.4347572326660156,2.0959601402282715,2.3673408031463623,2.6234734058380127,3.3913443088531494,3.3037631511688232,2.857968330383301,2.063791513442993,1.2579896450042725,2.098858118057251,1.7048730850219727,-0.2911421060562134,-0.37818610668182373,-0.3974165618419647,-0.4068288803100586,-0.4024427831172943,-0.41272246837615967,-0.41584303975105286,-0.4150083661079407,-0.4176821708679199,-0.4210681915283203,-0.4205656051635742]
[-0.4171862006187439,-0.4137873351573944,-0.4090583026409149,-0.3757151663303375,1.058633804321289,2.817990779876709,2.880560874938965,2.1224024295806885,2.627314567565918,3.3620827198028564,3.6675009727478027,2.7811381816864014,1.9547905921936035,1.4558851718902588,1.4417757987976074,2.0764784812927246,2.2882468700408936,2.5208208560943604,0.30814874172210693,-0.41955694556236267,-0.4196549654006958,-0.3958922326564789,-0.41210395097732544,-0.4177899956703186,-0.41911253333091736,-0.4192539155483246,-0.42232009768486023,-0.419414222240448]
[-0.41895389556884766,-0.4165453314781189,-0.43497174978256226,1.090718150138855,3.2824108600616455,3.5199673175811768,3.2164149284362793,1.939197063446045,2.5604207515716553,0.6681764125823975,-0.6199048757553101,-0.7125695943832397,-0.5231400728225708,-0.4471849799156189,-0.7126141786575317,-0.4350740313529968,-0.3120073974132538,0.2050797939300537,2.787022590637207,0.8193167448043823,-0.39257460832595825,-0.40239861607551575,-0.4086398482322693,-0.41407719254493713,-0.41697579622268677,-0.41803959012031555,-0.4191281199455261,-0.4194704294204712]
[-0.41468319296836853,-0.41168123483657837,-0.16190069913864136,2.6786179542541504,3.01263427734375,3.45263671875,2.2984607219696045,2.6323840618133545,1.4602452516555786,-0.27976280450820923,-0.3612237870693207,-0.3691564202308655,-0.39290881156921387,-0.4033346474170685,-0.3845120370388031,-0.36167362332344055,-0.3411821126937866,-0.45630258321762085,2.5714986324310303,2.820803165435791,-0.3752577304840088,-0.3937780261039734,-0.40836021304130554,-0.41330447793006897,-0.4172526001930237,-0.4179052710533142,-0.4192032217979431,-0.4197351038455963]
[-0.4154367446899414,-0.4168713390827179,-0.3738560378551483,0.08497437834739685,-0.41391676664352417,0.9113873243331909,1.384041666984558,0.546451210975647,-0.36709490418434143,-0.3790320158004761,-0.3911980986595154,-0.3915369212627411,-0.4079427123069763,-0.39153406023979187,-0.38423386216163635,-0.39583736658096313,-0.31833916902542114,-0.4857756197452545,0.616474986076355,3.2808518409729004,0.5673259496688843,-0.34943917393684387,-0.39531075954437256,-0.4102880656719208,-0.4191334545612335,-0.4158424735069275,-0.4199393689632416,-0.4194839596748352]
[-0.4142509400844574,-0.41267886757850647,-0.4156111776828766,-0.38804835081100464,-0.42191949486732483,-0.3121534585952759,-0.41675713658332825,-0.4374806582927704,-0.3967736065387726,-0.38942959904670715,-0.3999592959880829,-0.39780232310295105,-0.41563570499420166,-0.4088434875011444,-0.4050478935241699,-0.3910427987575531,-0.3158966898918152,-0.46296942234039307,1.418500304222107,3.2690961360931396,2.1293370723724365,-0.3650020658969879,-0.4049723744392395,-0.41492125391960144,-0.4170665442943573,-0.41679221391677856,-0.4213689863681793,-0.41993337869644165]
[-0.41824832558631897,-0.4130176901817322,-0.4125276505947113,-0.4006458818912506,-0.43533772230148315,-0.21450689435005188,-0.39807775616645813,-0.43131929636001587,-0.40856748819351196,-0.40103060007095337,-0.4141567051410675,-0.4099384844303131,-0.4225016236305237,-0.41102874279022217,-0.4196336269378662,-0.4114980399608612,-0.27954989671707153,-0.4257587492465973,2.047767162322998,3.381697654724121,1.0026427507400513,-0.3665385842323303,-0.4051618278026581,-0.41384103894233704,-0.41652631759643555,-0.4181361496448517,-0.42179861664772034,-0.42001214623451233]
[-0.4135664701461792,-0.41325631737709045,-0.41447627544403076,-0.4060477912425995,-0.3922198712825775,0.9430029392242432,0.9128252267837524,-0.4076617360115051,-0.39973917603492737,-0.39277586340904236,-0.3925381600856781,-0.3938736319541931,-0.4170486629009247,-0.4276093542575836,-0.43504345417022705,-0.41778403520584106,-0.30185598134994507,0.42488935589790344,2.802090644836426,2.8312854766845703,-0.34958285093307495,-0.3966749906539917,-0.4067363739013672,-0.4162959158420563,-0.4181534945964813,-0.41876426339149475,-0.4220893979072571,-0.42108622193336487]
[-0.41810479760169983,-0.4146256446838379,-0.4178107976913452,-0.4113726317882538,-0.28174567222595215,1.1289223432540894,1.335699200630188,1.5939854383468628,0.7535258531570435,-0.34893834590911865,-0.2575320601463318,-0.40342238545417786,-0.40576520562171936,-0.4019220173358917,-0.4273867905139923,-0.4005660116672516,-0.047991059720516205,1.7209147214889526,2.6072027683258057,-0.22017426788806915,-0.39909031987190247,-0.40807634592056274,-0.4127731919288635,-0.4132608473300934,-0.42059120535850525,-0.4199601709842682,-0.4205865263938904,-0.42126771807670593]
[-0.41795802116394043,-0.4180883765220642,-0.4187268316745758,-0.4119454026222229,-0.3120952248573303,0.27742066979408264,1.4514575004577637,3.002230644226074,3.139247179031372,2.7190053462982178,2.1661181449890137,0.7410730123519897,-0.18758106231689453,-0.3409122824668884,-0.2342759370803833,0.8582050800323486,2.3470067977905273,2.9300246238708496,1.6216435432434082,-0.28365427255630493,-0.4100896418094635,-0.40817710757255554,-0.4148089587688446,-0.4162500500679016,-0.4209156036376953,-0.4196327328681946,-0.42091861367225647,-0.42080068588256836]
[-0.4192799925804138,-0.41848859190940857,-0.41806140542030334,-0.41491761803627014,-0.39027515053749084,-0.4362698197364807,0.4843372404575348,1.540719985961914,2.1062369346618652,2.504563808441162,3.227950096130371,3.5490946769714355,2.4319088459014893,2.1858365535736084,3.074643135070801,3.56443452835083,3.0322885513305664,1.6915795803070068,-0.3821656405925751,-0.3673727214336395,-0.4062559902667999,-0.41148027777671814,-0.41635334491729736,-0.4161909818649292,-0.4210761785507202,-0.41981059312820435,-0.4208747446537018,-0.4195954203605652]
[-0.41834861040115356,-0.4182305335998535,-0.41888025403022766,-0.4147569239139557,-0.4055282473564148,-0.40536874532699585,-0.39346522092819214,-0.36142975091934204,-0.32032328844070435,-0.28946876525878906,0.39053109288215637,0.4314802587032318,1.0456457138061523,1.89925217628479,0.4401448667049408,1.1464921236038208,-0.29161959886550903,-0.40306368470191956,-0.3916085362434387,-0.39805254340171814,-0.4070185124874115,-0.41379019618034363,-0.4194508194923401,-0.4177059233188629,-0.42070823907852173,-0.41939395666122437,-0.420290470123291,-0.41973549127578735]
[-0.4190405011177063,-0.41695019602775574,-0.41812121868133545,-0.41505178809165955,-0.4109276533126831,-0.417798787355423,-0.4345577657222748,-0.4379843771457672,-0.4121313691139221,-0.4113818407058716,-0.47060054540634155,-0.45664358139038086,-0.42084598541259766,-0.43485593795776367,-0.42129871249198914,-0.4100704491138458,-0.36914268136024475,-0.4006407856941223,-0.4088771939277649,-0.39983683824539185,-0.4146197736263275,-0.41388365626335144,-0.4169311821460724,-0.4172205328941345,-0.4206222593784332,-0.41854724287986755,-0.4216139018535614,-0.4193371832370758]
[-0.4203069806098938,-0.41894733905792236,-0.41747376322746277,-0.41302159428596497,-0.41186997294425964,-0.41580930352211,-0.42002633213996887,-0.4265248775482178,-0.4156797528266907,-0.41651853919029236,-0.4312833249568939,-0.4293554127216339,-0.4095527231693268,-0.4065377116203308,-0.4106191396713257,-0.39508694410324097,-0.3819134533405304,-0.3990381360054016,-0.41132253408432007,-0.40680575370788574,-0.4165114760398865,-0.4151220917701721,-0.4170159697532654,-0.4182058274745941,-0.4196372926235199,-0.41964149475097656,-0.4202306270599365,-0.41964948177337646]
[-0.422298401594162,-0.4201122224330902,-0.4184817671775818,-0.4135550856590271,-0.41555091738700867,-0.4107293486595154,-0.41471752524375916,-0.4182175099849701,-0.416921466588974,-0.4129490852355957,-0.4170650243759155,-0.41859981417655945,-0.40807008743286133,-0.4059097468852997,-0.4045219123363495,-0.40672576427459717,-0.4033001959323883,-0.4101206362247467,-0.41758453845977783,-0.41132673621177673,-0.41606178879737854,-0.41373369097709656,-0.41715794801712036,-0.41847893595695496,-0.42060235142707825,-0.41911375522613525,-0.41957810521125793,-0.4188426733016968]
[-0.4224073886871338,-0.4223777949810028,-0.41821300983428955,-0.4144302308559418,-0.4174190163612366,-0.41689908504486084,-0.4161689579486847,-0.4194699823856354,-0.4162602424621582,-0.4174574613571167,-0.41301319003105164,-0.4130523204803467,-0.4171053171157837,-0.41983267664909363,-0.41247013211250305,-0.4078168272972107,-0.4157402813434601,-0.41017794609069824,-0.41584885120391846,-0.4141051173210144,-0.41580137610435486,-0.417978435754776,-0.4193316102027893,-0.4208527207374573,-0.42071208357810974,-0.42172762751579285,-0.42070284485816956,-0.42046958208084106]
