[-0.4163509011268616,-0.4186728298664093,-0.42027077078819275,-0.41861605644226074,-0.42027923464775085,-0.4198122024536133,-0.42044299840927124,-0.41924649477005005,-0.4203023612499237,-0.4190320670604706,-0.4200712740421295,-0.4173264801502228,-0.4206996262073517,-0.4178111255168915,-0.4169999361038208,-0.41632509231567383,-0.4181205630302429,-0.41557028889656067,-0.41598889231681824,-0.4163588285446167,-0.4169189929962158,-0.41740480065345764,-0.41849592328071594,-0.4186490476131439,-0.4195595979690552,-0.417949378490448,-0.4165225028991699,-0.4139275848865509]
[-0.41885021328926086,-0.4195956289768219,-0.4201637804508209,-0.4183504283428192,-0.419576495885849,-0.4194347560405731,-0.42052319645881653,-0.4183555543422699,-0.41982266306877136,-0.4185746908187866,-0.4194467067718506,-0.4180033802986145,-0.4186740815639496,-0.41634389758110046,-0.4162110388278961,-0.4153548777103424,-0.41735342144966125,-0.4140247404575348,-0.41402456164360046,-0.4131159484386444,-0.41529276967048645,-0.416226863861084,-0.4153204560279846,-0.4167284667491913,-0.4189029932022095,-0.4173226058483124,-0.4178398847579956,-0.41736671328544617]
[-0.42106086015701294,-0.41987958550453186,-0.42044493556022644,-0.4196973741054535,-0.4205089211463928,-0.420334130525589,-0.4200970232486725,-0.41889286041259766,-0.4198109209537506,-0.41883721947669983,-0.4182114601135254,-0.4180667996406555,-0.4187231957912445,-0.4178755283355713,-0.4133087992668152,-0.4126845598220825,-0.4136010408401489,-0.41273051500320435,-0.41471627354621887,-0.4144415557384491,-0.4154544770717621,-0.41505667567253113,-0.41521453857421875,-0.4150163233280182,-0.4166288375854492,-0.41729944944381714,-0.4178709089756012,-0.4179159104824066]
[-0.42110875248908997,-0.4201813340187073,-0.4206989109516144,-0.4199332892894745,-0.4201245605945587,-0.4196690618991852,-0.4196249544620514,-0.41842925548553467,-0.41969573497772217,-0.41844967007637024,-0.4193996489048004,-0.4171620309352875,-0.41956615447998047,-0.4147936999797821,-0.41462111473083496,-0.41125383973121643,-0.4157272279262543,-0.4155312180519104,-0.4165034890174866,-0.4160924553871155,-0.4157295227050781,-0.4143845736980438,-0.4150884449481964,-0.4149456024169922,-0.41687703132629395,-0.41653019189834595,-0.41950005292892456,-0.41793105006217957]
[-0.42048874497413635,-0.4198158383369446,-0.41997361183166504,-0.419852614402771,-0.4203247129917145,-0.4186766445636749,-0.4199264347553253,-0.41796553134918213,-0.41925036907196045,-0.4185781478881836,-0.4185226857662201,-0.4176182448863983,-0.4122406244277954,-0.41025859117507935,-0.4113297462463379,-0.40869516134262085,-0.4088556468486786,-0.4077644348144531,-0.4024154543876648,-0.4068504273891449,-0.410054475069046,-0.4120396673679352,-0.41563495993614197,-0.4136064052581787,-0.41599276661872864,-0.41585442423820496,-0.4191513955593109,-0.41906577348709106]
[-0.4209774434566498,-0.4200221300125122,-0.4202808141708374,-0.419708788394928,-0.4203055202960968,-0.4190990924835205,-0.42034921050071716,-0.4189711809158325,-0.41872769594192505,-0.41765710711479187,-0.41664785146713257,-0.4110129773616791,-0.4236063063144684,-0.38822633028030396,-0.429094523191452,-0.3919062316417694,-0.39929813146591187,-0.3963099718093872,-0.39107561111450195,-0.3905879855155945,-0.4106118381023407,-0.4104952812194824,-0.4155566692352295,-0.41507264971733093,-0.41726675629615784,-0.4166564643383026,-0.4188021123409271,-0.41833412647247314]
[-0.421185165643692,-0.42013394832611084,-0.4196643531322479,-0.41937530040740967,-0.4200532138347626,-0.41877058148384094,-0.4197631776332855,-0.41647228598594666,-0.4171765446662903,-0.41523003578186035,-0.41261690855026245,-0.3747946321964264,0.6121053695678711,1.885009527206421,2.404238700866699,3.1362059116363525,2.425527334213257,1.5603419542312622,-0.3882761299610138,-0.382434606552124,-0.4020073711872101,-0.40304696559906006,-0.4137794077396393,-0.4157571494579315,-0.41734743118286133,-0.41727861762046814,-0.41775596141815186,-0.4182146489620209]
[-0.4212641716003418,-0.4202832579612732,-0.4198182225227356,-0.41902801394462585,-0.4197210967540741,-0.41811874508857727,-0.41944795846939087,-0.4170582890510559,-0.4163280129432678,-0.4107661247253418,-0.23384201526641846,1.5051541328430176,2.969578266143799,3.2654552459716797,2.570726156234741,2.6816177368164062,3.331296443939209,2.1520142555236816,1.799065351486206,-0.29178205132484436,-0.39439302682876587,-0.40436577796936035,-0.4124594032764435,-0.41612571477890015,-0.41804713010787964,-0.417761892080307,-0.4186682403087616,-0.4175584018230438]
[-0.42083629965782166,-0.4201160669326782,-0.4197275638580322,-0.4187055826187134,-0.41941794753074646,-0.418551504611969,-0.41948509216308594,-0.4156629145145416,-0.4105081260204315,-0.35579922795295715,1.9147467613220215,2.6791131496429443,2.5299456119537354,3.0400569438934326,2.6169166564941406,1.2137250900268555,1.76439368724823,1.4064191579818726,2.9316017627716064,1.5522992610931396,-0.39464330673217773,-0.4033258259296417,-0.41260480880737305,-0.4129992127418518,-0.41871315240859985,-0.41646066308021545,-0.41795891523361206,-0.4178323447704315]
[-0.4210808277130127,-0.42015764117240906,-0.4201451241970062,-0.4197516441345215,-0.41972044110298157,-0.41870546340942383,-0.4191041886806488,-0.4137611985206604,-0.4208003580570221,0.19041505455970764,2.3212177753448486,2.9399173259735107,1.9427752494812012,0.26704341173171997,0.24301275610923767,-0.11029833555221558,0.46980586647987366,1.6814873218536377,3.3323004245758057,2.0280699729919434,-0.3176001012325287,-0.39957112073898315,-0.41293662786483765,-0.4134733974933624,-0.41771307587623596,-0.41741621494293213,-0.418418824672699,-0.4180903136730194]
[-0.42107242345809937,-0.4202790856361389,-0.42041176557540894,-0.418729305267334,-0.4195328652858734,-0.4184092581272125,-0.41904184222221375,-0.4148261249065399,-0.42474475502967834,0.6756895780563354,2.4722437858581543,1.717563271522522,0.23182639479637146,-0.4473980665206909,-0.4372982084751129,-0.5804303884506226,-0.09841068089008331,2.2561542987823486,2.9198355674743652,2.862830638885498,0.6388788223266602,-0.3787393569946289,-0.4042595624923706,-0.4134978652000427,-0.41889050602912903,-0.4171064794063568,-0.41824761033058167,-0.41819992661476135]
[-0.4208316504955292,-0.4200468063354492,-0.4201674163341522,-0.41962555050849915,-0.41952449083328247,-0.41877833008766174,-0.41811874508857727,-0.4124380052089691,-0.3112046420574188,1.5138198137283325,2.365177869796753,1.5890871286392212,0.17669200897216797,-0.47049465775489807,-0.3969777226448059,-0.4947848916053772,0.7763246297836304,2.672316789627075,2.6817355155944824,3.170130968093872,1.1679329872131348,-0.382318913936615,-0.40652889013290405,-0.41513511538505554,-0.41819101572036743,-0.4177818298339844,-0.4183712303638458,-0.41830554604530334]
[-0.4207373559474945,-0.4199272096157074,-0.4197372496128082,-0.41863954067230225,-0.4189898669719696,-0.4183568060398102,-0.41796639561653137,-0.41121774911880493,-0.3269960880279541,2.0427920818328857,3.110790252685547,2.7898409366607666,1.78443443775177,0.9101134538650513,-0.1967269778251648,0.45558664202690125,2.0151243209838867,2.6943230628967285,2.658172130584717,3.4259748458862305,0.9922786951065063,-0.36939769983291626,-0.4077327251434326,-0.41453349590301514,-0.4174424111843109,-0.41774651408195496,-0.4191363453865051,-0.41953045129776]
[-0.42127975821495056,-0.42037785053253174,-0.4195917248725891,-0.41978001594543457,-0.41947129368782043,-0.4194015860557556,-0.4184759855270386,-0.411081999540329,-0.27961230278015137,2.18524169921875,3.236959457397461,2.749325752258301,2.4405205249786377,2.4558568000793457,2.5471956729888916,3.0830187797546387,3.070767402648926,2.5892717838287354,3.2030811309814453,2.882457971572876,0.6312533617019653,-0.3751947581768036,-0.40804070234298706,-0.4166356027126312,-0.41800177097320557,-0.41856175661087036,-0.41985979676246643,-0.41957414150238037]
[-0.4209543466567993,-0.41964906454086304,-0.4195322096347809,-0.4182768762111664,-0.4186977446079254,-0.4182546138763428,-0.4191867709159851,-0.41246166825294495,-0.2623472809791565,2.3179872035980225,2.758361339569092,2.314446210861206,2.6717710494995117,3.1476919651031494,2.17830228805542,1.7062665224075317,0.8969504833221436,2.849247455596924,2.9196672439575195,2.382061719894409,-0.26461970806121826,-0.37773340940475464,-0.40760889649391174,-0.41415736079216003,-0.41880860924720764,-0.41835910081863403,-0.419674277305603,-0.419206440448761]
[-0.42074915766716003,-0.4197775423526764,-0.41933149099349976,-0.41868114471435547,-0.4201021194458008,-0.4165107011795044,-0.41926994919776917,-0.4025116264820099,-0.15581762790679932,2.327880382537842,2.9146127700805664,2.5742735862731934,2.5186147689819336,0.16446581482887268,-0.30190718173980713,-0.3105698823928833,-0.38802188634872437,1.166826844215393,2.2784602642059326,2.6449947357177734,0.25024792551994324,-0.3909052014350891,-0.4078376591205597,-0.41545864939689636,-0.41964593529701233,-0.41850557923316956,-0.4203621745109558,-0.4196849465370178]
[-0.42032283544540405,-0.41970497369766235,-0.41892218589782715,-0.41901692748069763,-0.418333500623703,-0.41808244585990906,-0.41214558482170105,-0.33692610263824463,1.0801262855529785,2.5856239795684814,3.2747225761413574,2.0396971702575684,-0.10572180151939392,-0.3663974702358246,-0.3929295241832733,-0.3935210704803467,-0.43330296874046326,1.2316172122955322,2.2547032833099365,3.098768472671509,0.1789814829826355,-0.3711727559566498,-0.4063867926597595,-0.41372451186180115,-0.4205160140991211,-0.41817742586135864,-0.4213109612464905,-0.41887181997299194]
[-0.4205937087535858,-0.4197646379470825,-0.41850125789642334,-0.41809940338134766,-0.4181903004646301,-0.4170059263706207,-0.4177691638469696,0.28512459993362427,2.3482303619384766,2.9664101600646973,2.508641481399536,-0.1479211151599884,-0.3476356267929077,-0.3789726793766022,-0.39520537853240967,-0.4005487859249115,-0.38130152225494385,1.984405517578125,2.590845823287964,2.370236873626709,-0.034003548324108124,-0.37948542833328247,-0.41018033027648926,-0.41673529148101807,-0.41953396797180176,-0.418316513299942,-0.42041972279548645,-0.4205000698566437]
[-0.4214021563529968,-0.41857248544692993,-0.41977888345718384,-0.41755741834640503,-0.41475391387939453,-0.41346412897109985,-0.39374712109565735,1.31328547000885,2.6664938926696777,3.0395026206970215,1.8939449787139893,-0.3294987380504608,-0.3808474838733673,-0.41098493337631226,-0.4469948410987854,-0.44296330213546753,0.78038489818573,2.5226099491119385,2.6408026218414307,1.4721977710723877,-0.3507716953754425,-0.39494967460632324,-0.4158143699169159,-0.4188428521156311,-0.4191969931125641,-0.4185274839401245,-0.42018845677375793,-0.4198787808418274]
[-0.4202388823032379,-0.41964831948280334,-0.41888847947120667,-0.4170968532562256,-0.4114258885383606,-0.4123082160949707,-0.17869652807712555,2.1779892444610596,3.1367716789245605,2.226111650466919,1.9118235111236572,-0.4015461504459381,-0.39046329259872437,-0.37008345127105713,-0.08469848334789276,1.2702746391296387,2.6154284477233887,3.051759719848633,2.353795289993286,-0.2819291651248932,-0.3939511179924011,-0.4076433479785919,-0.41666826605796814,-0.41875573992729187,-0.4198130965232849,-0.4188462495803833,-0.41999951004981995,-0.4200400412082672]
[-0.421057790517807,-0.41902613639831543,-0.41909003257751465,-0.41672179102897644,-0.41219526529312134,-0.40629932284355164,-0.26437413692474365,2.0072617530822754,2.5260908603668213,2.7681515216827393,1.9856607913970947,1.0027674436569214,0.4975912868976593,1.554093360900879,2.888265371322632,2.8714308738708496,2.957432746887207,2.519944667816162,0.405152827501297,-0.35576021671295166,-0.40650442242622375,-0.4111084043979645,-0.4177221357822418,-0.4171508252620697,-0.42040911316871643,-0.419850617647171,-0.4207623302936554,-0.42029255628585815]
[-0.42175912857055664,-0.4202106297016144,-0.41897085309028625,-0.4168402850627899,-0.41324174404144287,-0.4027513563632965,-0.3760662376880646,1.963796615600586,2.7553346157073975,2.065598726272583,2.5043163299560547,1.8930933475494385,1.9772264957427979,2.9249300956726074,2.241083860397339,2.5859756469726562,2.2871592044830322,-0.09589028358459473,-0.37169983983039856,-0.39281517267227173,-0.40858393907546997,-0.4167468845844269,-0.4194519519805908,-0.4178781807422638,-0.41932469606399536,-0.41905903816223145,-0.4207119047641754,-0.4207456111907959]
[-0.4226006269454956,-0.4201143682003021,-0.4179048538208008,-0.4154103994369507,-0.41537579894065857,-0.4063975214958191,-0.45172378420829773,1.0101169347763062,3.0637481212615967,2.7241148948669434,2.6121556758880615,2.8124773502349854,2.6205949783325195,2.855116844177246,2.419506788253784,1.371031641960144,-0.1959570348262787,-0.39515987038612366,-0.40865349769592285,-0.4058925211429596,-0.4146295189857483,-0.4159311056137085,-0.418866366147995,-0.4171997010707855,-0.4189024269580841,-0.41914626955986023,-0.4207337200641632,-0.4204598069190979]
[-0.4226723909378052,-0.420123428106308,-0.4178066849708557,-0.41531288623809814,-0.41477149724960327,-0.40600448846817017,-0.3996970057487488,-0.3220796287059784,0.5669028759002686,2.1891448497772217,2.2811312675476074,1.4852005243301392,1.5729186534881592,1.8373112678527832,0.0003938451409339905,-0.31289440393447876,-0.39187318086624146,-0.40744319558143616,-0.40885746479034424,-0.4111142158508301,-0.4168398082256317,-0.41800394654273987,-0.41961026191711426,-0.418415904045105,-0.41885197162628174,-0.41845473647117615,-0.420502632856369,-0.4201746881008148]
[-0.42242252826690674,-0.4181897044181824,-0.4194870889186859,-0.41640397906303406,-0.4170879125595093,-0.4124884009361267,-0.40693292021751404,-0.4072396755218506,-0.4239163100719452,-0.37474915385246277,-0.5064975023269653,-0.45796045660972595,-0.41178855299949646,-0.4342326819896698,-0.39860016107559204,-0.404629647731781,-0.4165610373020172,-0.40680038928985596,-0.4131830036640167,-0.4141821265220642,-0.41669198870658875,-0.4155862331390381,-0.4186985492706299,-0.4166543185710907,-0.41799116134643555,-0.41742628812789917,-0.4211125075817108,-0.420257568359375]
[-0.42343807220458984,-0.41948041319847107,-0.4192603826522827,-0.418156236410141,-0.41710206866264343,-0.4139375388622284,-0.4095461070537567,-0.40976908802986145,-0.40923795104026794,-0.40435609221458435,-0.4221626818180084,-0.4160834550857544,-0.380195677280426,-0.40830835700035095,-0.40183889865875244,-0.4087216854095459,-0.40948471426963806,-0.4112713634967804,-0.4152488708496094,-0.414961576461792,-0.4173458218574524,-0.4174870252609253,-0.4174056351184845,-0.4174281060695648,-0.4181024134159088,-0.41759032011032104,-0.4207552373409271,-0.4202962815761566]
[-0.42305320501327515,-0.42010363936424255,-0.41967207193374634,-0.41777685284614563,-0.4203638732433319,-0.4175603687763214,-0.41456666588783264,-0.41076362133026123,-0.41804414987564087,-0.40996912121772766,-0.41310277581214905,-0.39995524287223816,-0.3995117247104645,-0.4071432948112488,-0.41171637177467346,-0.40993383526802063,-0.4080723822116852,-0.4136783182621002,-0.4175337553024292,-0.4155905246734619,-0.41650307178497314,-0.4155752956867218,-0.4169074594974518,-0.41606780886650085,-0.41799619793891907,-0.41697460412979126,-0.41977182030677795,-0.41982144117355347]
[-0.42138588428497314,-0.4220542907714844,-0.41875433921813965,-0.4186965525150299,-0.41932424902915955,-0.42161113023757935,-0.41835400462150574,-0.4169897437095642,-0.41332194209098816,-0.4074666500091553,-0.4104503393173218,-0.4097423851490021,-0.4087703824043274,-0.4124915301799774,-0.4121915400028229,-0.40897753834724426,-0.4100479483604431,-0.40749549865722656,-0.4136090576648712,-0.41434454917907715,-0.41591912508010864,-0.41694802045822144,-0.41744980216026306,-0.4169197976589203,-0.4189452528953552,-0.4195457994937897,-0.4203125536441803,-0.4203023612499237]
