[-0.4175107181072235,-0.4190976023674011,-0.4207032322883606,-0.4200490713119507,-0.42080849409103394,-0.4203966557979584,-0.4201243817806244,-0.4189172387123108,-0.4222676157951355,-0.42073044180870056,-0.4237850606441498,-0.4186645746231079,-0.4232596158981323,-0.41689011454582214,-0.4230929911136627,-0.4192992150783539,-0.42210543155670166,-0.4162949323654175,-0.4217025339603424,-0.4196811318397522,-0.41827645897865295,-0.4177560806274414,-0.4179372191429138,-0.41785067319869995,-0.41231510043144226,-0.4097483456134796,-0.4083186388015747,-0.40621253848075867]
[-0.42023366689682007,-0.4208807945251465,-0.4205310046672821,-0.4198320209980011,-0.4211547374725342,-0.4198877513408661,-0.4189978241920471,-0.41774147748947144,-0.41944020986557007,-0.4183296263217926,-0.4193517863750458,-0.4145878255367279,-0.4189615249633789,-0.4149314761161804,-0.41620612144470215,-0.4124831557273865,-0.4201405644416809,-0.41529276967048645,-0.4171185791492462,-0.41599443554878235,-0.4155648946762085,-0.41462409496307373,-0.4183526933193207,-0.41743144392967224,-0.41520631313323975,-0.41375771164894104,-0.4126582741737366,-0.41203728318214417]
[-0.4215751886367798,-0.4198685884475708,-0.4201783835887909,-0.4197500944137573,-0.4209658205509186,-0.4196964204311371,-0.4196457862854004,-0.4185045659542084,-0.4202137887477875,-0.41956961154937744,-0.41661885380744934,-0.41857099533081055,-0.42099183797836304,-0.42000192403793335,-0.4160739779472351,-0.41511642932891846,-0.41879889369010925,-0.4190426766872406,-0.41259944438934326,-0.4111795723438263,-0.4148351550102234,-0.4144420325756073,-0.4179065525531769,-0.4167226254940033,-0.41661885380744934,-0.41653963923454285,-0.4178364872932434,-0.4157137870788574]
[-0.42135903239250183,-0.41978752613067627,-0.4204588532447815,-0.41931402683258057,-0.4217609167098999,-0.4196150600910187,-0.41922637820243835,-0.41868776082992554,-0.4199177324771881,-0.4178222715854645,-0.41894182562828064,-0.41731905937194824,-0.42443105578422546,-0.4189639091491699,-0.4190966784954071,-0.4147302210330963,-0.41192522644996643,-0.40600869059562683,-0.4100792407989502,-0.4087059199810028,-0.41767939925193787,-0.4176345765590668,-0.4196576476097107,-0.41755616664886475,-0.4169558584690094,-0.41674959659576416,-0.416179358959198,-0.41531386971473694]
[-0.42077040672302246,-0.4201207458972931,-0.4194064438343048,-0.4188652038574219,-0.4211467206478119,-0.4190717339515686,-0.41873252391815186,-0.4167805314064026,-0.41631782054901123,-0.41538190841674805,-0.4116795063018799,-0.4151976406574249,-0.41391515731811523,-0.4024532437324524,-0.41196802258491516,-0.41368231177330017,-0.4220300018787384,-0.3942081034183502,-0.4049704372882843,-0.3941374123096466,-0.40520498156547546,-0.40643176436424255,-0.41492003202438354,-0.41628894209861755,-0.415261447429657,-0.41591790318489075,-0.4173342287540436,-0.4164693355560303]
[-0.42048633098602295,-0.4194410741329193,-0.4193432927131653,-0.4191805124282837,-0.42132705450057983,-0.4188573360443115,-0.41727519035339355,-0.4174613356590271,-0.41507387161254883,-0.4106806516647339,-0.4077649712562561,-0.35873541235923767,-0.31681275367736816,-0.2757757902145386,-0.3010373115539551,-0.004393070936203003,0.5447113513946533,0.6375473737716675,-0.23506483435630798,-0.40735191106796265,-0.40849563479423523,-0.4153106212615967,-0.403328537940979,-0.41086113452911377,-0.41614148020744324,-0.4163777232170105,-0.416782945394516,-0.4168439209461212]
[-0.4212656319141388,-0.4190063178539276,-0.4198610484600067,-0.41885215044021606,-0.42008835077285767,-0.41822630167007446,-0.41743192076683044,-0.4142031669616699,-0.41043975949287415,-0.39652690291404724,-0.26646536588668823,1.1535156965255737,3.143184185028076,2.87890887260437,2.399970531463623,2.7809085845947266,2.812060594558716,2.772231340408325,2.378678560256958,1.827494740486145,0.0773116946220398,-0.4108092784881592,-0.41759347915649414,-0.40919914841651917,-0.41357237100601196,-0.4133758842945099,-0.41512542963027954,-0.415616899728775]
[-0.4218529462814331,-0.4191805124282837,-0.4198915362358093,-0.41924118995666504,-0.4198429584503174,-0.4187723398208618,-0.4167208671569824,-0.4136449694633484,-0.39695391058921814,-0.26729512214660645,2.145192861557007,2.8159940242767334,2.162367582321167,2.0025386810302734,0.7979936599731445,0.6365256309509277,1.071221947669983,2.029508352279663,2.142528533935547,3.5966603755950928,1.6606152057647705,0.9559228420257568,-0.39420342445373535,-0.40879371762275696,-0.42509955167770386,-0.4121416509151459,-0.4118570387363434,-0.4143655002117157]
[-0.422005295753479,-0.4193029999732971,-0.42020007967948914,-0.41843628883361816,-0.41912582516670227,-0.41567739844322205,-0.41576051712036133,-0.4149239957332611,-0.4311048984527588,1.4949309825897217,2.4829938411712646,1.9537782669067383,1.0034890174865723,0.1829575002193451,-0.4669753909111023,-0.4188111424446106,-0.3708191514015198,-0.6808338165283203,0.7365831136703491,1.33913254737854,-0.15625371038913727,1.1480326652526855,2.042201280593872,0.7599577903747559,-0.4109687805175781,-0.38544243574142456,-0.4061252176761627,-0.41432708501815796]
[-0.42208951711654663,-0.41997629404067993,-0.41985562443733215,-0.418472021818161,-0.4189068377017975,-0.41647085547447205,-0.41537249088287354,-0.41176745295524597,0.4160976707935333,2.5950493812561035,1.7283117771148682,2.632201671600342,-0.2717469334602356,-0.3148634433746338,-0.3991321921348572,-0.39805763959884644,-0.36292874813079834,-0.4666459560394287,-0.4500703513622284,-0.3534027934074402,-0.48970308899879456,0.23753497004508972,2.863834857940674,2.2502732276916504,0.4819011986255646,-0.17204241454601288,-0.4126361608505249,-0.4154193103313446]
[-0.421305388212204,-0.41952186822891235,-0.4204091727733612,-0.4197905957698822,-0.41915905475616455,-0.41600802540779114,-0.41388630867004395,-0.4147545099258423,1.9499571323394775,2.3760247230529785,2.1650822162628174,0.16135364770889282,-0.36104482412338257,-0.40833690762519836,-0.38940271735191345,-0.3910588026046753,-0.3763367831707001,-0.3884502649307251,-0.35608044266700745,-0.39813023805618286,-0.41801026463508606,0.33640483021736145,1.9904932975769043,1.4200266599655151,-0.3506425619125366,-0.36785122752189636,-0.41401833295822144,-0.4171934127807617]
[-0.4210863709449768,-0.4202730357646942,-0.41908472776412964,-0.41914546489715576,-0.4191170632839203,-0.4166957139968872,-0.4122260808944702,-0.4122419059276581,1.602027177810669,3.0058507919311523,2.0702648162841797,1.072153925895691,-0.4922765791416168,-0.4360818862915039,-0.4960443377494812,-0.449113130569458,-0.5094623565673828,-0.426883339881897,-0.3248908519744873,1.1353100538253784,1.6627941131591797,2.1227364540100098,-0.18526029586791992,-0.3985196352005005,-0.38905268907546997,-0.4041904807090759,-0.41408565640449524,-0.41283512115478516]
[-0.4206372797489166,-0.4198802411556244,-0.41960856318473816,-0.41819557547569275,-0.41964659094810486,-0.4166264533996582,-0.4099580645561218,-0.4120105803012848,0.5686066150665283,2.2460596561431885,2.736903190612793,2.221189498901367,1.3589119911193848,1.162367343902588,1.5622072219848633,2.1496570110321045,1.6272982358932495,2.1537742614746094,1.9133572578430176,3.5835931301116943,2.5276267528533936,0.4335614740848541,-0.4048170745372772,-0.41064852476119995,-0.4060584008693695,-0.41398370265960693,-0.41573652625083923,-0.41696128249168396]
[-0.42043301463127136,-0.4205169379711151,-0.41965097188949585,-0.4188915193080902,-0.4194614887237549,-0.41621342301368713,-0.41247841715812683,-0.4139690399169922,-0.22295968234539032,2.907555341720581,3.2464749813079834,1.605879783630371,2.0653905868530273,3.121731996536255,3.1767995357513428,2.8957061767578125,2.6046690940856934,2.7538349628448486,2.6769793033599854,2.3472177982330322,1.4654228687286377,-0.3424120843410492,-0.392691045999527,-0.41280096769332886,-0.4142712652683258,-0.4149937927722931,-0.4162338078022003,-0.4158432185649872]
[-0.42127615213394165,-0.4189990162849426,-0.419393390417099,-0.4179152548313141,-0.4183317720890045,-0.41539907455444336,-0.41269293427467346,-0.40857556462287903,-0.40139511227607727,-0.08937880396842957,1.5272343158721924,1.6283899545669556,2.4817678928375244,1.5522669553756714,0.13718768954277039,0.5128711462020874,-0.047621950507164,2.02545166015625,2.6364147663116455,2.610914468765259,-0.23033416271209717,-0.37768396735191345,-0.40425822138786316,-0.4110957384109497,-0.41800007224082947,-0.41885682940483093,-0.4197328984737396,-0.41788792610168457]
[-0.4221780300140381,-0.4199763536453247,-0.41968122124671936,-0.41840580105781555,-0.4185589849948883,-0.41444507241249084,-0.4163514971733093,-0.40763336420059204,-0.40793079137802124,-0.3424450755119324,-0.31499427556991577,-0.36533012986183167,-0.3717336654663086,-0.2993524968624115,-0.3072102963924408,-0.35849064588546753,-0.4395458996295929,0.9532914161682129,2.155258893966675,2.71260929107666,-0.37066903710365295,-0.38459792733192444,-0.40575453639030457,-0.41400694847106934,-0.4192245304584503,-0.4183894097805023,-0.4196806848049164,-0.4180256128311157]
[-0.4213545620441437,-0.41919636726379395,-0.4195820391178131,-0.41707804799079895,-0.4181154668331146,-0.4143992066383362,-0.41851291060447693,-0.4111422896385193,-0.4192826747894287,-0.40438926219940186,-0.41925129294395447,-0.4215536415576935,-0.4297690987586975,-0.4143182039260864,-0.4091596007347107,-0.38953733444213867,-0.5493720769882202,1.3608852624893188,1.9893829822540283,2.462114095687866,-0.38115739822387695,-0.3903901278972626,-0.408111572265625,-0.4160207509994507,-0.41998177766799927,-0.41906097531318665,-0.42140111327171326,-0.4195561408996582]
[-0.42057737708091736,-0.41990920901298523,-0.41909489035606384,-0.4183506667613983,-0.41891440749168396,-0.4169996976852417,-0.42060646414756775,-0.41591787338256836,-0.4184836447238922,-0.4127463698387146,-0.4169101119041443,-0.4159550964832306,-0.4221560060977936,-0.4271503686904907,-0.40857285261154175,-0.3986297845840454,-0.5116308927536011,2.112447500228882,2.4836671352386475,1.9748508930206299,-0.38264334201812744,-0.39737755060195923,-0.41150426864624023,-0.4186577796936035,-0.4202108383178711,-0.41894134879112244,-0.42036569118499756,-0.421053409576416]
[-0.42039498686790466,-0.4189688265323639,-0.41859903931617737,-0.4172068238258362,-0.418134868144989,-0.4159929156303406,-0.41934990882873535,-0.41665783524513245,-0.4191721975803375,-0.41338256001472473,-0.42416149377822876,-0.4215080142021179,-0.4271767735481262,-0.4236557185649872,-0.4196866750717163,-0.4034735858440399,-0.5102105140686035,2.6482203006744385,2.5660459995269775,1.0837907791137695,-0.3897508680820465,-0.3989737033843994,-0.41593101620674133,-0.41810551285743713,-0.4196193516254425,-0.4202955961227417,-0.42190223932266235,-0.4211949408054352]
[-0.4195025563240051,-0.41866594552993774,-0.41871505975723267,-0.41822484135627747,-0.4184402525424957,-0.41705965995788574,-0.418994665145874,-0.4161614179611206,-0.4174526333808899,-0.41704678535461426,-0.4244801998138428,-0.4155203104019165,-0.4243568778038025,-0.41795018315315247,-0.41295239329338074,-0.388946533203125,0.872873067855835,2.8407132625579834,2.798405647277832,-0.27180561423301697,-0.3949967324733734,-0.405323326587677,-0.4183505177497864,-0.4193231165409088,-0.4208659529685974,-0.4205646216869354,-0.4217129051685333,-0.42097795009613037]
[-0.419236421585083,-0.4187993109226227,-0.4198080599308014,-0.41814398765563965,-0.4203367233276367,-0.4160028100013733,-0.4181951880455017,-0.41628625988960266,-0.4164636731147766,-0.4112955331802368,-0.4165275990962982,-0.4154227375984192,-0.4217987656593323,-0.4155476689338684,-0.3996480107307434,-0.06127114221453667,2.4296813011169434,3.0542163848876953,1.469844102859497,-0.3297816812992096,-0.4008025527000427,-0.4119400084018707,-0.42018020153045654,-0.41724151372909546,-0.42108234763145447,-0.42013227939605713,-0.4217863976955414,-0.42075273394584656]
[-0.41957709193229675,-0.41879427433013916,-0.41984590888023376,-0.41891637444496155,-0.41815799474716187,-0.416920006275177,-0.41771161556243896,-0.4176681637763977,-0.40847572684288025,-0.38529881834983826,-0.40871912240982056,-0.4271391034126282,-0.4230234920978546,-0.4125174283981323,-0.4085756838321686,1.1737208366394043,2.797753095626831,2.251988649368286,-0.055990420281887054,-0.3495272994041443,-0.4046422839164734,-0.41408729553222656,-0.4201698899269104,-0.4201453626155853,-0.42109182476997375,-0.42032748460769653,-0.42177683115005493,-0.4211225211620331]
[-0.4214940369129181,-0.41897255182266235,-0.4187498390674591,-0.4181254506111145,-0.4182465970516205,-0.4185023009777069,-0.4176091253757477,-0.4160337448120117,-0.296603798866272,0.7869048118591309,0.7858961820602417,1.4781008958816528,0.6093540191650391,0.5156761407852173,1.0592377185821533,2.9105255603790283,2.8105149269104004,2.326486587524414,-0.3651982247829437,-0.38920858502388,-0.4069247543811798,-0.41622450947761536,-0.4193182587623596,-0.41897881031036377,-0.42029568552970886,-0.41912031173706055,-0.42099064588546753,-0.4209448993206024]
[-0.42174094915390015,-0.42059722542762756,-0.41925716400146484,-0.4190131723880768,-0.41910406947135925,-0.41832342743873596,-0.4148218333721161,-0.4225737154483795,0.09219317138195038,2.1648268699645996,2.2991526126861572,3.436563014984131,2.301241397857666,3.385641098022461,2.3729259967803955,3.294961452484131,2.1377220153808594,1.0313992500305176,-0.36351272463798523,-0.40770184993743896,-0.4111461341381073,-0.4171646237373352,-0.4194190204143524,-0.4199541211128235,-0.41998788714408875,-0.4192695617675781,-0.42016518115997314,-0.4206206500530243]
[-0.42010849714279175,-0.41972076892852783,-0.4188137948513031,-0.41822540760040283,-0.4178021252155304,-0.41724860668182373,-0.41283950209617615,-0.42599600553512573,0.264943391084671,1.6654996871948242,2.6956584453582764,2.9709925651550293,3.4698455333709717,3.1840412616729736,1.5171948671340942,1.172318696975708,0.6214624643325806,-0.3823477625846863,-0.38924440741539,-0.4090575873851776,-0.41550666093826294,-0.4150707423686981,-0.4179629385471344,-0.41849687695503235,-0.41983914375305176,-0.41862422227859497,-0.41955751180648804,-0.4198471009731293]
[-0.41973522305488586,-0.4201383590698242,-0.4205566346645355,-0.4186869263648987,-0.42057594656944275,-0.418985515832901,-0.416821151971817,-0.4292503297328949,-0.367135226726532,1.2879853248596191,2.8495476245880127,2.908540725708008,1.537410020828247,-0.22501271963119507,-0.3347378373146057,-0.31988680362701416,-0.4044511914253235,-0.39798474311828613,-0.4046531617641449,-0.41439288854599,-0.4170173406600952,-0.41729411482810974,-0.41827499866485596,-0.4196576774120331,-0.42082563042640686,-0.41965726017951965,-0.41912031173706055,-0.4200858473777771]
[-0.418084979057312,-0.41683727502822876,-0.4201464056968689,-0.4185207486152649,-0.42134425044059753,-0.4191887080669403,-0.41873306035995483,-0.41653740406036377,-0.41881123185157776,-0.39198511838912964,-0.4669122099876404,-0.42999401688575745,-0.3926732838153839,-0.398554265499115,-0.39640331268310547,-0.40567395091056824,-0.4174896776676178,-0.4074893593788147,-0.41609129309654236,-0.4157811105251312,-0.4168993830680847,-0.41792410612106323,-0.41901636123657227,-0.41772565245628357,-0.4195195138454437,-0.4174586236476898,-0.41825971007347107,-0.41763460636138916]
[-0.41316694021224976,-0.4112190008163452,-0.4164392352104187,-0.4167276620864868,-0.41764023900032043,-0.41617390513420105,-0.4156864881515503,-0.41044026613235474,-0.4051007330417633,-0.38930708169937134,-0.43435192108154297,-0.45038285851478577,-0.39896079897880554,-0.4056497812271118,-0.40572604537010193,-0.406850129365921,-0.41835230588912964,-0.41029706597328186,-0.4146767556667328,-0.40915530920028687,-0.41293638944625854,-0.4172109067440033,-0.41831129789352417,-0.4180834889411926,-0.4201144576072693,-0.4196474850177765,-0.4195006489753723,-0.4170904755592346]
