[-0.41717463731765747,-0.41902366280555725,-0.4196806252002716,-0.41910383105278015,-0.42018142342567444,-0.4192397892475128,-0.41863909363746643,-0.41776204109191895,-0.41929271817207336,-0.4195348620414734,-0.41850200295448303,-0.4179655611515045,-0.4208311140537262,-0.41786715388298035,-0.4200080931186676,-0.4182039201259613,-0.4214831292629242,-0.4168131947517395,-0.4207279682159424,-0.41854870319366455,-0.4193098247051239,-0.4184730052947998,-0.4198496341705322,-0.4186977446079254,-0.41619470715522766,-0.4202398657798767,-0.4170352518558502,-0.4196658134460449]
[-0.420028954744339,-0.4203169047832489,-0.42066332697868347,-0.41979455947875977,-0.42028844356536865,-0.4186384379863739,-0.419316828250885,-0.4188792407512665,-0.41950473189353943,-0.41855576634407043,-0.4185276925563812,-0.4164925813674927,-0.41835644841194153,-0.4167248606681824,-0.4187687337398529,-0.41650184988975525,-0.4195757508277893,-0.41610267758369446,-0.4186974763870239,-0.4160331189632416,-0.4190899431705475,-0.41611698269844055,-0.41950753331184387,-0.41740915179252625,-0.4162416160106659,-0.4189751148223877,-0.4169236123561859,-0.418201208114624]
[-0.4210752546787262,-0.42003753781318665,-0.42044100165367126,-0.41970083117485046,-0.42073240876197815,-0.4191242456436157,-0.4196451008319855,-0.418628066778183,-0.4204423725605011,-0.41841381788253784,-0.41813838481903076,-0.41715890169143677,-0.4204537868499756,-0.41644012928009033,-0.41791990399360657,-0.41903871297836304,-0.41901159286499023,-0.4172154366970062,-0.4188585877418518,-0.41737839579582214,-0.4197418689727783,-0.41799765825271606,-0.41719597578048706,-0.4177469313144684,-0.420210063457489,-0.4206531047821045,-0.4212590157985687,-0.418009877204895]
[-0.4209847152233124,-0.4201679825782776,-0.4203588366508484,-0.4189685583114624,-0.42056551575660706,-0.4186759889125824,-0.4201104938983917,-0.41869890689849854,-0.419118732213974,-0.4164155125617981,-0.41810598969459534,-0.41685664653778076,-0.41949963569641113,-0.41449645161628723,-0.41944196820259094,-0.4174845218658447,-0.41708776354789734,-0.41008907556533813,-0.4062633216381073,-0.40279775857925415,-0.40772804617881775,-0.41247501969337463,-0.4172367453575134,-0.4174010157585144,-0.4199996292591095,-0.4197331666946411,-0.41897332668304443,-0.4201714098453522]
[-0.42111703753471375,-0.420162171125412,-0.41994813084602356,-0.41861703991889954,-0.42066964507102966,-0.4183589816093445,-0.41941529512405396,-0.4176081717014313,-0.4195157587528229,-0.4165426194667816,-0.41760918498039246,-0.41451019048690796,-0.4146029055118561,-0.41258907318115234,-0.40807250142097473,-0.4026220738887787,-0.4252386689186096,-0.3924795091152191,-0.4342248737812042,-0.3848484754562378,-0.4164159297943115,-0.40900570154190063,-0.4145057499408722,-0.4176473319530487,-0.41858747601509094,-0.4179050922393799,-0.41831403970718384,-0.41920316219329834]
[-0.4213561713695526,-0.42035365104675293,-0.4194886088371277,-0.41899964213371277,-0.4207025468349457,-0.418925404548645,-0.42008358240127563,-0.41877007484436035,-0.41980308294296265,-0.41636940836906433,-0.4159505069255829,-0.4132874608039856,-0.4134182929992676,-0.4104817807674408,-0.39564839005470276,-0.2919798493385315,0.8809865713119507,0.9499691724777222,0.642889142036438,0.6354290246963501,0.21076220273971558,-0.386204332113266,-0.4094468057155609,-0.413981556892395,-0.42000287771224976,-0.4179862439632416,-0.41790276765823364,-0.4186702072620392]
[-0.4213060140609741,-0.42059576511383057,-0.4205262064933777,-0.41870465874671936,-0.41960054636001587,-0.41770926117897034,-0.41935864090919495,-0.41724279522895813,-0.4172764718532562,-0.41446736454963684,-0.41075196862220764,-0.40763118863105774,-0.403332382440567,-0.29750576615333557,1.6361780166625977,2.8506851196289062,3.6022579669952393,3.3092174530029297,2.903621196746826,2.7925825119018555,1.70526123046875,-0.37978264689445496,-0.4088866710662842,-0.4144722819328308,-0.41879481077194214,-0.41914117336273193,-0.42017897963523865,-0.41906553506851196]
[-0.4219973683357239,-0.4202086627483368,-0.4205595552921295,-0.41800469160079956,-0.41986027359962463,-0.4182252585887909,-0.4188707172870636,-0.4175967574119568,-0.41667860746383667,-0.4120868742465973,-0.40520036220550537,-0.37215307354927063,-0.22731059789657593,1.9073638916015625,2.722886085510254,2.5723793506622314,2.8950674533843994,1.733534336090088,0.919739842414856,1.924605369567871,0.4129502475261688,-0.3976684808731079,-0.412282794713974,-0.41622865200042725,-0.41826048493385315,-0.4180903732776642,-0.42176204919815063,-0.41842567920684814]
[-0.4218617081642151,-0.4196808636188507,-0.4206252992153168,-0.4187775254249573,-0.41977548599243164,-0.41817978024482727,-0.4185861051082611,-0.41519632935523987,-0.41073474287986755,-0.4070875942707062,-0.4081713855266571,0.33542704582214355,2.7128615379333496,2.801323890686035,2.288487434387207,1.1560474634170532,0.7573803663253784,-0.43679821491241455,-0.4361249804496765,-0.42072224617004395,-0.38369208574295044,-0.40443164110183716,-0.41606396436691284,-0.41462501883506775,-0.4202830493450165,-0.418793648481369,-0.4218343496322632,-0.4188741445541382]
[-0.42197510600090027,-0.41966620087623596,-0.4198402464389801,-0.41831791400909424,-0.4198291003704071,-0.4184262752532959,-0.4195403456687927,-0.4139111638069153,-0.4043978452682495,-0.35044628381729126,0.6364960670471191,3.1454615592956543,2.914731025695801,2.6852293014526367,2.540557861328125,-0.21964985132217407,-0.35433709621429443,-0.3703732192516327,-0.40275847911834717,-0.3973974883556366,-0.40243712067604065,-0.406315416097641,-0.4169917106628418,-0.414488822221756,-0.420049786567688,-0.41859108209609985,-0.42139577865600586,-0.41754043102264404]
[-0.4213064908981323,-0.4196367561817169,-0.41923367977142334,-0.4177497625350952,-0.41773030161857605,-0.41475576162338257,-0.4089457094669342,-0.40035945177078247,-0.17200832068920135,1.1088627576828003,2.6708242893218994,3.3023369312286377,2.5326833724975586,2.400444507598877,1.0230612754821777,-0.3645591139793396,-0.37680813670158386,-0.39736267924308777,-0.4038642644882202,-0.40548866987228394,-0.41140055656433105,-0.4120078980922699,-0.4151802062988281,-0.41492143273353577,-0.4196096360683441,-0.41814255714416504,-0.42050981521606445,-0.4188838303089142]
[-0.42085251212120056,-0.4194949269294739,-0.4187678396701813,-0.41859865188598633,-0.4179912209510803,-0.41487956047058105,-0.40822115540504456,-0.09112310409545898,1.9945788383483887,2.8236889839172363,3.349159002304077,2.8117380142211914,2.7708237171173096,2.1469900608062744,0.7818520069122314,-0.4052010178565979,-0.3907715380191803,-0.40017086267471313,-0.4080708920955658,-0.4063783288002014,-0.4069163203239441,-0.4132799804210663,-0.4154124855995178,-0.4152628481388092,-0.41921329498291016,-0.4185039699077606,-0.42033612728118896,-0.4177185595035553]
[-0.42048218846321106,-0.4192318916320801,-0.4147546589374542,-0.4175509512424469,-0.41295143961906433,-0.405757337808609,-0.1585533618927002,2.3886516094207764,3.107025384902954,2.468130350112915,2.862036943435669,2.665140390396118,2.6811769008636475,2.330453395843506,1.792791724205017,1.0865288972854614,0.01192358136177063,-0.30475515127182007,-0.4405507445335388,-0.44899967312812805,-0.4357779026031494,-0.4067261517047882,-0.4100250005722046,-0.41305142641067505,-0.41682273149490356,-0.41807425022125244,-0.420101135969162,-0.41803523898124695]
[-0.4203627407550812,-0.4188084304332733,-0.4137430489063263,-0.4175444543361664,-0.42562535405158997,-0.3909934461116791,0.40522608160972595,2.446880340576172,3.288818359375,3.1961450576782227,2.867460250854492,2.6428041458129883,2.396819591522217,2.311885356903076,2.883342981338501,3.192718267440796,3.036464214324951,2.3280937671661377,1.096207618713379,1.2091864347457886,-0.11880511790513992,-0.4101076126098633,-0.4050227105617523,-0.4137971103191376,-0.4155178666114807,-0.4189601242542267,-0.41995322704315186,-0.4185314476490021]
[-0.4194738566875458,-0.4182738661766052,-0.413646936416626,-0.4187368154525757,0.017633244395256042,0.45861706137657166,0.7431765794754028,1.5369704961776733,2.7816500663757324,2.7818658351898193,2.5153648853302,2.984774351119995,2.9726855754852295,3.0358409881591797,2.6924033164978027,3.067397356033325,3.177250385284424,3.0945029258728027,2.865419864654541,3.3655431270599365,1.9360201358795166,-0.3327471911907196,-0.407095730304718,-0.40917930006980896,-0.41511422395706177,-0.4188731908798218,-0.4195789396762848,-0.4181182086467743]
[-0.4171927869319916,-0.41649118065834045,-0.4109687805175781,-0.4226965010166168,-0.07198843359947205,-0.13854767382144928,-0.3750348389148712,-0.2609946131706238,-0.3428582549095154,-0.2728254497051239,0.5993123054504395,1.5558522939682007,2.436107635498047,2.1462130546569824,0.43448224663734436,0.17039966583251953,0.38057148456573486,0.5486804246902466,1.2282572984695435,2.1592929363250732,2.7967333793640137,1.002334475517273,-0.4097343683242798,-0.4124331474304199,-0.4142773449420929,-0.41836634278297424,-0.4198088049888611,-0.41875773668289185]
[-0.41761744022369385,-0.4168963134288788,-0.4089619219303131,-0.41402068734169006,-0.4049801528453827,-0.3943358063697815,-0.422746479511261,-0.40040481090545654,-0.4081832468509674,-0.4075412452220917,-0.41080236434936523,-0.4722115099430084,-0.29651445150375366,-0.31782469153404236,-0.43006327748298645,-0.500244140625,-0.3532813489437103,-0.20205946266651154,1.5333330631256104,2.187697410583496,2.42270565032959,-0.26731327176094055,-0.40530577301979065,-0.4092104136943817,-0.41598352789878845,-0.41604554653167725,-0.42132601141929626,-0.42066437005996704]
[-0.41752731800079346,-0.41568657755851746,-0.4102648198604584,-0.4156055748462677,-0.40284493565559387,-0.40969589352607727,-0.4209434986114502,-0.4160517454147339,-0.4083166718482971,-0.40311968326568604,-0.427558958530426,-0.41133496165275574,-0.46796804666519165,-0.4162973165512085,-0.3999239504337311,-0.5717211961746216,-0.3260761499404907,1.1885221004486084,2.657137632369995,2.9003207683563232,1.944209337234497,-0.373704731464386,-0.4074435830116272,-0.41332635283470154,-0.4179461896419525,-0.4169867932796478,-0.42020270228385925,-0.42076998949050903]
[-0.4183497130870819,-0.41814133524894714,-0.41302934288978577,-0.41006872057914734,-0.4091281294822693,-0.36187028884887695,-0.4096779525279999,-0.42198604345321655,-0.4140835404396057,-0.41441336274147034,-0.41586440801620483,-0.4062846899032593,-0.38279759883880615,-0.019239351153373718,2.265549898147583,1.8275339603424072,2.5369272232055664,2.3570404052734375,2.4485323429107666,1.3605479001998901,-0.37057995796203613,-0.3938734531402588,-0.4075063169002533,-0.41448768973350525,-0.4179753065109253,-0.41923078894615173,-0.42097848653793335,-0.42092421650886536]
[-0.41496360301971436,-0.41598471999168396,-0.4135398864746094,-0.4135358929634094,-0.4135899543762207,0.042674720287323,-0.3781348466873169,-0.40492764115333557,-0.4085107147693634,-0.41490447521209717,-0.41835370659828186,-0.4327505826950073,-0.18860819935798645,2.3703081607818604,3.2694602012634277,2.822291851043701,3.540907621383667,1.828789472579956,-0.4049074351787567,-0.3775419592857361,-0.4033335745334625,-0.40410760045051575,-0.414694219827652,-0.4160141348838806,-0.418495237827301,-0.41857415437698364,-0.4203351140022278,-0.42146798968315125]
[-0.4144100546836853,-0.4132063388824463,-0.4090617895126343,-0.4166863262653351,0.020632073283195496,1.251443862915039,0.22264838218688965,-0.3161616921424866,-0.3881513178348541,-0.3062244951725006,-0.19128763675689697,1.6833354234695435,2.5791518688201904,2.241731643676758,2.368846893310547,2.3396036624908447,2.7662713527679443,0.10749490559101105,-0.38699695467948914,-0.4092164635658264,-0.4128406047821045,-0.4079699218273163,-0.41642943024635315,-0.41640332341194153,-0.4188372790813446,-0.41987037658691406,-0.4211548864841461,-0.4211497902870178]
[-0.41547155380249023,-0.41624945402145386,-0.4087528586387634,-0.4250847399234772,1.0812687873840332,3.185391902923584,2.9911227226257324,1.7545585632324219,1.0261571407318115,2.0170087814331055,2.286574125289917,3.1134376525878906,3.1345958709716797,2.431401014328003,2.5943074226379395,2.6208136081695557,1.3868992328643799,-0.36809128522872925,-0.39635220170021057,-0.4069487452507019,-0.41162535548210144,-0.4131354093551636,-0.41623231768608093,-0.4178340435028076,-0.41870006918907166,-0.4197734594345093,-0.42101842164993286,-0.42112451791763306]
[-0.4177911579608917,-0.4169338345527649,-0.40753644704818726,-0.4286828935146332,-0.3273835778236389,0.9132082462310791,3.2109341621398926,3.398817777633667,3.717050552368164,3.7531630992889404,2.7473771572113037,2.2713897228240967,1.667635202407837,1.4603089094161987,0.5247001647949219,0.002503126859664917,-0.35241252183914185,-0.3993106782436371,-0.4074549078941345,-0.40602025389671326,-0.4147648215293884,-0.4156250059604645,-0.4171927273273468,-0.4173881709575653,-0.41855233907699585,-0.4197702407836914,-0.42114952206611633,-0.42166393995285034]
[-0.4159321188926697,-0.41757750511169434,-0.4085659384727478,-0.4188617169857025,-0.40217673778533936,-0.3617440462112427,1.2272874116897583,1.9010188579559326,1.8735382556915283,1.1178677082061768,-0.24610742926597595,-0.29634928703308105,-0.3152175545692444,-0.3953842222690582,-0.4125702679157257,-0.3895990550518036,-0.4024527072906494,-0.4065619111061096,-0.411586195230484,-0.4125939905643463,-0.41647809743881226,-0.4177227318286896,-0.41824036836624146,-0.41739532351493835,-0.41887855529785156,-0.4204971492290497,-0.42109519243240356,-0.42130228877067566]
[-0.41678935289382935,-0.41641125082969666,-0.41584542393684387,-0.41477158665657043,-0.4120490849018097,-0.42491090297698975,-0.49840566515922546,-0.39852023124694824,-0.4205018877983093,-0.44582468271255493,-0.4015478491783142,-0.3983779549598694,-0.3953138291835785,-0.3986014425754547,-0.41053304076194763,-0.40661847591400146,-0.41065868735313416,-0.408298134803772,-0.41591566801071167,-0.4145514667034149,-0.4158124625682831,-0.4165862202644348,-0.4172624349594116,-0.41712522506713867,-0.41917309165000916,-0.4201791286468506,-0.42145031690597534,-0.42156222462654114]
[-0.4195709526538849,-0.41747990250587463,-0.4173135459423065,-0.4121887981891632,-0.41132768988609314,-0.4206441342830658,-0.4344690442085266,-0.4198973476886749,-0.4164279103279114,-0.4084407687187195,-0.40571752190589905,-0.41126522421836853,-0.40563109517097473,-0.4019862413406372,-0.40871721506118774,-0.41240665316581726,-0.4144374430179596,-0.41506636142730713,-0.41446611285209656,-0.41461747884750366,-0.41608354449272156,-0.4172056317329407,-0.4183311462402344,-0.4192946255207062,-0.420399934053421,-0.42128369212150574,-0.4218114912509918,-0.42102912068367004]
[-0.4223766326904297,-0.41756781935691833,-0.41897717118263245,-0.41517624258995056,-0.4178476929664612,-0.41227298974990845,-0.418986052274704,-0.4122619926929474,-0.40989410877227783,-0.40898001194000244,-0.41527652740478516,-0.41137370467185974,-0.41052019596099854,-0.4138636887073517,-0.4162629246711731,-0.4184354543685913,-0.4166075885295868,-0.41657739877700806,-0.41637712717056274,-0.4133718013763428,-0.4154496490955353,-0.4154266119003296,-0.4181067645549774,-0.41729021072387695,-0.42008012533187866,-0.41910693049430847,-0.42078897356987,-0.4196226894855499]
[-0.41981831192970276,-0.4219079613685608,-0.4191206097602844,-0.41879555583000183,-0.42067763209342957,-0.4195164442062378,-0.4139098823070526,-0.4114851951599121,-0.4159812927246094,-0.41759851574897766,-0.4216379225254059,-0.41007617115974426,-0.4132367968559265,-0.41209766268730164,-0.4159702956676483,-0.4169754087924957,-0.41486281156539917,-0.4155990481376648,-0.41812095046043396,-0.4152872860431671,-0.41538935899734497,-0.41744664311408997,-0.41906318068504333,-0.41908496618270874,-0.4208627939224243,-0.42064768075942993,-0.42002376914024353,-0.41771987080574036]
