[-0.13292190432548523,-0.3825949430465698,-0.4179902970790863,-0.4146049916744232,-0.4179416000843048,-0.4163248836994171,-0.4175376892089844,-0.4175490736961365,-0.4203796982765198,-0.4189831614494324,-0.42388278245925903,-0.4155603051185608,-0.42908257246017456,-0.42452600598335266,-0.4254797697067261,-0.4220246374607086,-0.41582047939300537,-0.4146932065486908,-0.4108262062072754,-0.41066935658454895,-0.40773940086364746,-0.4104974567890167,-0.4163818955421448,-0.4157903790473938,-0.41630518436431885,-0.41508036851882935,-0.4151662290096283,-0.41109269857406616]
[-0.371560275554657,-0.4108271896839142,-0.4234974980354309,-0.41778796911239624,-0.41847777366638184,-0.4145223796367645,-0.4162251949310303,-0.4166557490825653,-0.41866374015808105,-0.41386622190475464,-0.4168488085269928,-0.4150724709033966,-0.4267977178096771,-0.4510396420955658,-0.4583534896373749,-0.46107879281044006,-0.43411630392074585,-0.40150415897369385,-0.4093138873577118,-0.407592236995697,-0.4048779606819153,-0.40724581480026245,-0.4116930365562439,-0.4149646461009979,-0.4176684319972992,-0.41749635338783264,-0.4183182716369629,-0.4175160825252533]
[-0.40608009696006775,-0.4195038974285126,-0.4187147617340088,-0.416052907705307,-0.4174736440181732,-0.41447508335113525,-0.4169881343841553,-0.41631364822387695,-0.4176642596721649,-0.41720959544181824,-0.4192737638950348,-0.38401588797569275,-0.35380053520202637,-0.5407807230949402,-0.570795476436615,-0.40170806646347046,-0.4191166162490845,-0.4033985137939453,-0.4146459996700287,-0.4080711901187897,-0.4111259877681732,-0.40970292687416077,-0.41198593378067017,-0.41428253054618835,-0.41411200165748596,-0.4185763895511627,-0.4185648262500763,-0.4194433093070984]
[-0.4173184633255005,-0.4178522229194641,-0.41617536544799805,-0.4155917465686798,-0.4176309108734131,-0.41607579588890076,-0.41701269149780273,-0.4156380891799927,-0.4156140387058258,-0.4112236201763153,-0.4050832688808441,-0.40471893548965454,-0.6589471101760864,-0.17011906206607819,-0.8135391473770142,-0.47020024061203003,-0.3551849126815796,-0.3979431390762329,-0.402202308177948,-0.4090936481952667,-0.41313350200653076,-0.40886083245277405,-0.4152998626232147,-0.41543588042259216,-0.41834962368011475,-0.417580246925354,-0.4195355474948883,-0.4198956787586212]
[-0.3966672420501709,-0.4094691574573517,-0.4173334538936615,-0.4141155779361725,-0.4183891713619232,-0.41559767723083496,-0.41577234864234924,-0.4125601053237915,-0.4140242636203766,-0.40783050656318665,-0.40261775255203247,0.9934332370758057,1.6583415269851685,4.798129081726074,2.9687695503234863,-0.8368229866027832,-0.38057321310043335,-0.3880769908428192,-0.39061710238456726,-0.39914098381996155,-0.40644046664237976,-0.4086795151233673,-0.41399702429771423,-0.41302451491355896,-0.4159347116947174,-0.41701000928878784,-0.4200119376182556,-0.41974350810050964]
[-0.3561095893383026,-0.4063650965690613,-0.41306909918785095,-0.41565975546836853,-0.41771820187568665,-0.4166342616081238,-0.41620099544525146,-0.4149070382118225,-0.40473616123199463,-0.39950287342071533,2.9742400646209717,3.554142713546753,1.5802323818206787,0.25186678767204285,3.301987886428833,3.6469180583953857,0.9776431322097778,-0.425112783908844,-0.3817150592803955,-0.38220760226249695,-0.40234988927841187,-0.40805289149284363,-0.4143846035003662,-0.4141867756843567,-0.4180530607700348,-0.4173668622970581,-0.4191644787788391,-0.4203963577747345]
[-0.37303605675697327,-0.40819719433784485,-0.4149944484233856,-0.41812896728515625,-0.4178431034088135,-0.4169672429561615,-0.41603320837020874,-0.41289952397346497,-0.38874223828315735,-0.21907943487167358,2.9564003944396973,2.360013484954834,1.8393362760543823,0.8832069635391235,2.2433767318725586,3.506349563598633,1.969343900680542,1.441079020500183,-0.32101571559906006,-0.3940540552139282,-0.4011087715625763,-0.4054543077945709,-0.41421252489089966,-0.4125398099422455,-0.4159435033798218,-0.41587507724761963,-0.4195478558540344,-0.4205535352230072]
[-0.4117221534252167,-0.41251400113105774,-0.4164498448371887,-0.416826456785202,-0.41717177629470825,-0.4169313609600067,-0.41716957092285156,-0.41419538855552673,-0.41049739718437195,0.8094841241836548,1.7754954099655151,0.6682616472244263,-0.3483426570892334,-0.47223538160324097,-0.43466895818710327,1.4610403776168823,2.4141416549682617,2.399528980255127,0.9735782146453857,-0.39489808678627014,-0.4018649160861969,-0.4057080149650574,-0.41642728447914124,-0.41538339853286743,-0.4173644185066223,-0.4163145422935486,-0.41983264684677124,-0.42105725407600403]
[-0.4176051616668701,-0.4152926802635193,-0.4167596399784088,-0.41620922088623047,-0.41807302832603455,-0.4168238639831543,-0.4158077538013458,-0.41112035512924194,-0.30310022830963135,1.1890894174575806,0.7465968132019043,-0.3777049481868744,-0.3889490067958832,-0.403384268283844,-0.26918888092041016,-0.6076533794403076,0.9083222150802612,3.231881856918335,1.3279433250427246,-0.35379326343536377,-0.3935117721557617,-0.4024752080440521,-0.4157155454158783,-0.41625848412513733,-0.41559720039367676,-0.41624486446380615,-0.4193270206451416,-0.42112696170806885]
[-0.42005783319473267,-0.41806310415267944,-0.41653886437416077,-0.4169743061065674,-0.4192836880683899,-0.4166257679462433,-0.4149104654788971,-0.40864241123199463,-0.3659440279006958,-0.3479093313217163,-0.37777718901634216,-0.382854700088501,-0.38651904463768005,-0.38969382643699646,-0.34104999899864197,-0.449345201253891,1.2324705123901367,2.26499605178833,1.1955121755599976,-0.336689829826355,-0.3855022192001343,-0.40266871452331543,-0.4154413938522339,-0.41495636105537415,-0.4162479341030121,-0.4167974889278412,-0.4185396730899811,-0.42026886343955994]
[-0.41941651701927185,-0.41794008016586304,-0.4178531765937805,-0.4170330762863159,-0.41740474104881287,-0.41644710302352905,-0.416899710893631,-0.4119700491428375,-0.4011051058769226,-0.3930404484272003,-0.4022693932056427,-0.40478262305259705,-0.4113101065158844,-0.41020330786705017,-0.34434354305267334,-0.4850793480873108,1.5609463453292847,1.9805376529693604,1.5911856889724731,-0.33969154953956604,-0.38929444551467896,-0.40595442056655884,-0.4157673418521881,-0.41618603467941284,-0.41830936074256897,-0.41674482822418213,-0.41999465227127075,-0.4201366901397705]
[-0.41909584403038025,-0.418057918548584,-0.4185003936290741,-0.4182153046131134,-0.41788703203201294,-0.417695552110672,-0.4189329743385315,-0.414857417345047,-0.40966367721557617,-0.4062570035457611,-0.41289815306663513,-0.41348084807395935,-0.4244108498096466,-0.41937676072120667,-0.3363723158836365,-0.4817727208137512,2.2727441787719727,2.4496734142303467,1.3025016784667969,-0.3432016372680664,-0.3951471149921417,-0.40934038162231445,-0.4172452390193939,-0.41611453890800476,-0.41880401968955994,-0.41830700635910034,-0.4198545217514038,-0.4200635850429535]
[-0.41880130767822266,-0.418157160282135,-0.41753682494163513,-0.417884886264801,-0.4169883728027344,-0.41584986448287964,-0.4180088937282562,-0.4161583483219147,-0.4163209795951843,-0.41105762124061584,-0.4166879951953888,-0.4176163077354431,-0.41821780800819397,-0.4176447093486786,-0.34175682067871094,-0.39678943157196045,2.9840872287750244,2.413228750228882,-0.3418942093849182,-0.3776114881038666,-0.39676931500434875,-0.4056183397769928,-0.4170297682285309,-0.41564860939979553,-0.4189754128456116,-0.41799256205558777,-0.42017754912376404,-0.420259952545166]
[-0.4198039472103119,-0.4177752137184143,-0.4175276756286621,-0.4166758954524994,-0.41702142357826233,-0.41638222336769104,-0.4187013804912567,-0.4150056838989258,-0.41540151834487915,-0.412977397441864,-0.41658398509025574,-0.41673576831817627,-0.42227888107299805,-0.4160657525062561,-0.29499930143356323,1.2405890226364136,2.925286054611206,0.7292995452880859,-0.35811948776245117,-0.38482528924942017,-0.40198636054992676,-0.40932732820510864,-0.4182678163051605,-0.4177587330341339,-0.4184315800666809,-0.41815996170043945,-0.42070069909095764,-0.4197349548339844]
[-0.42044973373413086,-0.4177042841911316,-0.4172438383102417,-0.4164583384990692,-0.4192380905151367,-0.41684719920158386,-0.4199519157409668,-0.41631895303726196,-0.4180264472961426,-0.4150448441505432,-0.4127892851829529,-0.40189725160598755,-0.4015384912490845,-0.2428489327430725,0.8457721471786499,3.4912877082824707,2.4616622924804688,-0.2412881851196289,-0.38144779205322266,-0.39656105637550354,-0.40873390436172485,-0.41093000769615173,-0.4180056154727936,-0.41719263792037964,-0.4188247621059418,-0.41873887181282043,-0.42101597785949707,-0.4195605516433716]
[-0.42087385058403015,-0.4189029037952423,-0.41752341389656067,-0.4169980585575104,-0.41919466853141785,-0.41677796840667725,-0.4183264970779419,-0.4170171320438385,-0.4182364344596863,-0.4084625244140625,-0.4035286009311676,-0.12433332949876785,1.3848938941955566,2.5383849143981934,2.2133285999298096,2.221200704574585,1.4079045057296753,-0.3342268168926239,-0.39401549100875854,-0.40606629848480225,-0.4153197109699249,-0.41527849435806274,-0.41839179396629333,-0.41752344369888306,-0.4189683198928833,-0.4189009964466095,-0.4213024377822876,-0.4205167889595032]
[-0.42071568965911865,-0.41863107681274414,-0.41779202222824097,-0.41593050956726074,-0.4172520041465759,-0.41645199060440063,-0.4175458252429962,-0.41306251287460327,-0.4114394783973694,-0.33651018142700195,1.2240638732910156,2.339695692062378,2.8350911140441895,2.5723555088043213,2.2697057723999023,1.2293119430541992,-0.24445821344852448,-0.36349737644195557,-0.3957119286060333,-0.4043668806552887,-0.41549012064933777,-0.4158838987350464,-0.41734060645103455,-0.4164911210536957,-0.41842442750930786,-0.41898372769355774,-0.42028728127479553,-0.42009851336479187]
[-0.4204002916812897,-0.4201294481754303,-0.41876205801963806,-0.4171592593193054,-0.41790837049484253,-0.41690605878829956,-0.4168097674846649,-0.4145956039428711,-0.4064880609512329,0.6466741561889648,2.335022211074829,2.0953660011291504,2.538886785507202,2.656583070755005,2.863769292831421,3.1095948219299316,0.7845593690872192,-0.3997114896774292,-0.40604785084724426,-0.40896496176719666,-0.4126112461090088,-0.4167214035987854,-0.4188086986541748,-0.4175459146499634,-0.4189205765724182,-0.4189354479312897,-0.42045846581459045,-0.4192848205566406]
[-0.4203844666481018,-0.41897690296173096,-0.4186297357082367,-0.4166533648967743,-0.41755741834640503,-0.41408783197402954,-0.4149540960788727,-0.41203588247299194,-0.40253913402557373,-0.18146038055419922,1.7563514709472656,2.129955768585205,2.201552629470825,1.5672407150268555,1.5981411933898926,2.6794421672821045,1.6371855735778809,-0.097389355301857,-0.4200868308544159,-0.407950758934021,-0.4091237783432007,-0.4123859703540802,-0.4175829291343689,-0.4175645112991333,-0.420038640499115,-0.4186035096645355,-0.42030438780784607,-0.41973865032196045]
[-0.42066094279289246,-0.41871878504753113,-0.418335497379303,-0.4165508449077606,-0.4179247319698334,-0.415891170501709,-0.41504326462745667,-0.41370078921318054,-0.3982335925102234,-0.3681591749191284,-0.3597959280014038,-0.16384533047676086,-0.11884477734565735,-0.3602045774459839,-0.492297887802124,-0.22851499915122986,2.039151668548584,2.2807962894439697,-0.32191598415374756,-0.4089623689651489,-0.41304412484169006,-0.41507938504219055,-0.4178829491138458,-0.4178226888179779,-0.4196469485759735,-0.4185837209224701,-0.4208875298500061,-0.4194347858428955]
[-0.4197074770927429,-0.41875457763671875,-0.41860076785087585,-0.4169149398803711,-0.4173181653022766,-0.41405147314071655,-0.41611430048942566,-0.41436365246772766,-0.41105377674102783,-0.4123344421386719,-0.42109644412994385,-0.3980448246002197,-0.3716250956058502,-0.4039902091026306,-0.3952033519744873,-0.4840281009674072,1.8129785060882568,2.1899731159210205,-0.25967592000961304,-0.40444615483283997,-0.4150947630405426,-0.41642194986343384,-0.4170995056629181,-0.41759172081947327,-0.419687420129776,-0.41876691579818726,-0.42077985405921936,-0.41960179805755615]
[-0.4202624261379242,-0.41974350810050964,-0.41871964931488037,-0.41703087091445923,-0.41628310084342957,-0.41584843397140503,-0.4170117974281311,-0.4152746796607971,-0.4124319553375244,-0.41448545455932617,-0.4125880300998688,-0.4070335030555725,-0.39852526783943176,-0.40237805247306824,-0.41581928730010986,-0.19267265498638153,1.5989142656326294,-0.14649710059165955,-0.3888302445411682,-0.4030037820339203,-0.4122713506221771,-0.4171670973300934,-0.4167414605617523,-0.4174277186393738,-0.41905084252357483,-0.41833600401878357,-0.41976240277290344,-0.41894903779029846]
[-0.4213361442089081,-0.418605238199234,-0.41834840178489685,-0.4162455201148987,-0.41697031259536743,-0.41486066579818726,-0.416149377822876,-0.41455987095832825,-0.4151737689971924,-0.41668280959129333,-0.4173737168312073,-0.4120907485485077,-0.4121960699558258,-0.41661062836647034,-0.4733169972896576,0.7431288957595825,2.0489206314086914,-0.3579530119895935,-0.40218496322631836,-0.40598854422569275,-0.4142882823944092,-0.4174397885799408,-0.4192698001861572,-0.41729700565338135,-0.4197600781917572,-0.41887709498405457,-0.419503778219223,-0.4191977381706238]
[-0.4211502969264984,-0.419572114944458,-0.41971713304519653,-0.4187224209308624,-0.41706383228302,-0.4156518578529358,-0.41588228940963745,-0.4163765013217926,-0.41724589467048645,-0.41790971159935,-0.41611355543136597,-0.4156438410282135,-0.41699281334877014,-0.41615018248558044,-0.3031751811504364,1.64116632938385,2.2486889362335205,-0.38147982954978943,-0.4153802990913391,-0.41148924827575684,-0.4150611460208893,-0.4164671003818512,-0.420430064201355,-0.4191494882106781,-0.41965052485466003,-0.418949156999588,-0.41945937275886536,-0.4192809760570526]
[-0.41969990730285645,-0.418052077293396,-0.4193723499774933,-0.4175381064414978,-0.4169659912586212,-0.41414016485214233,-0.41670462489128113,-0.41627755761146545,-0.4183133840560913,-0.4145740568637848,-0.4173016846179962,-0.416873037815094,-0.41605812311172485,-0.41725343465805054,-0.41939252614974976,-0.360111802816391,-0.2743598520755768,-0.39797624945640564,-0.4136646091938019,-0.4128577411174774,-0.41752153635025024,-0.4169252812862396,-0.4199749231338501,-0.4181164503097534,-0.4195157289505005,-0.4182368218898773,-0.41916516423225403,-0.4191439747810364]
[-0.4195012152194977,-0.41851937770843506,-0.4185740351676941,-0.41777458786964417,-0.41807594895362854,-0.4161411225795746,-0.4171159863471985,-0.41760918498039246,-0.4200786054134369,-0.41737934947013855,-0.41968417167663574,-0.41653475165367126,-0.4157715439796448,-0.4148826003074646,-0.4171750247478485,-0.3954674005508423,-0.39822402596473694,-0.40848490595817566,-0.4155999720096588,-0.41448774933815,-0.41680553555488586,-0.41629138588905334,-0.4195331931114197,-0.41904452443122864,-0.4193819463253021,-0.41928863525390625,-0.4199857711791992,-0.4182192087173462]
[-0.41990718245506287,-0.41694337129592896,-0.4177643060684204,-0.41782253980636597,-0.41903334856033325,-0.4173446595668793,-0.41806328296661377,-0.41617175936698914,-0.4205949306488037,-0.41870272159576416,-0.41863465309143066,-0.4176097512245178,-0.4177187979221344,-0.41588613390922546,-0.42241597175598145,-0.4165520966053009,-0.4145826995372772,-0.41017207503318787,-0.4142651855945587,-0.41327863931655884,-0.41789710521698,-0.4159030616283417,-0.4204646348953247,-0.4184117913246155,-0.4194337725639343,-0.4185679256916046,-0.4189823567867279,-0.416442334651947]
[-0.4178342819213867,-0.4186556935310364,-0.41841113567352295,-0.4191896915435791,-0.41900402307510376,-0.41663143038749695,-0.4194980263710022,-0.41822245717048645,-0.41983431577682495,-0.42015984654426575,-0.4208126962184906,-0.4194851517677307,-0.4203872084617615,-0.418161541223526,-0.4168197214603424,-0.4167073369026184,-0.41608646512031555,-0.41131851077079773,-0.41494739055633545,-0.41945114731788635,-0.4187452793121338,-0.4170413017272949,-0.4208676218986511,-0.419072687625885,-0.4202904999256134,-0.4167362451553345,-0.4180498421192169,-0.41158607602119446]
