[-0.4176875650882721,-0.4183235764503479,-0.41949811577796936,-0.4177626967430115,-0.4191007912158966,-0.41859129071235657,-0.419081449508667,-0.4196862280368805,-0.4215146005153656,-0.42020565271377563,-0.4214111864566803,-0.4189659357070923,-0.42070865631103516,-0.4171946942806244,-0.4190623164176941,-0.4183499217033386,-0.41842082142829895,-0.4153400957584381,-0.4168377220630646,-0.4153732359409332,-0.4159613847732544,-0.4156854450702667,-0.41654640436172485,-0.4184132516384125,-0.4184897541999817,-0.4174940884113312,-0.41627198457717896,-0.411152720451355]
[-0.42045482993125916,-0.4207659363746643,-0.4206189215183258,-0.4197224974632263,-0.420259565114975,-0.4181026518344879,-0.41906973719596863,-0.4178439676761627,-0.41917529702186584,-0.41873034834861755,-0.41961202025413513,-0.4178384840488434,-0.4182021915912628,-0.416453093290329,-0.41828855872154236,-0.4177870750427246,-0.4179129898548126,-0.414838045835495,-0.4152095913887024,-0.41455453634262085,-0.41531023383140564,-0.41555964946746826,-0.41556647419929504,-0.4177165627479553,-0.4186917245388031,-0.4185016453266144,-0.4177080988883972,-0.4156387448310852]
[-0.4210215210914612,-0.42010998725891113,-0.42101436853408813,-0.4192849397659302,-0.42045173048973083,-0.4187729060649872,-0.4205864369869232,-0.4186350405216217,-0.42175450921058655,-0.42043814063072205,-0.4194525182247162,-0.4187435209751129,-0.4189811944961548,-0.42113107442855835,-0.4157232344150543,-0.4137161672115326,-0.4146891236305237,-0.4161531925201416,-0.4173417091369629,-0.41668522357940674,-0.41559743881225586,-0.41591036319732666,-0.4156322181224823,-0.4163333773612976,-0.417196661233902,-0.41855934262275696,-0.4175868630409241,-0.4166404604911804]
[-0.4211947023868561,-0.41994258761405945,-0.42008936405181885,-0.4190404415130615,-0.42038071155548096,-0.41881170868873596,-0.42078855633735657,-0.419342041015625,-0.42106112837791443,-0.4190155267715454,-0.4220156967639923,-0.4206727147102356,-0.4171515107154846,-0.40676426887512207,-0.4063790440559387,-0.4100606441497803,-0.41941189765930176,-0.4187914729118347,-0.4197740852832794,-0.41597962379455566,-0.4168012738227844,-0.414949893951416,-0.4151368737220764,-0.41713741421699524,-0.4182833731174469,-0.4174920916557312,-0.4180811047554016,-0.4164854884147644]
[-0.4208211302757263,-0.42059481143951416,-0.41884347796440125,-0.4188748896121979,-0.4205404818058014,-0.4181343913078308,-0.4193171560764313,-0.4170612394809723,-0.4183330237865448,-0.4181368052959442,-0.4126646816730499,-0.40309956669807434,-0.40976598858833313,-0.3744836747646332,-0.39052388072013855,-0.39295312762260437,-0.4074258804321289,-0.41307127475738525,-0.406277596950531,-0.40617966651916504,-0.4075360596179962,-0.4122178256511688,-0.41706985235214233,-0.41491249203681946,-0.41716185212135315,-0.4176894724369049,-0.419635534286499,-0.41781678795814514]
[-0.42089563608169556,-0.4198596179485321,-0.4190531373023987,-0.4185512363910675,-0.4194255769252777,-0.41790616512298584,-0.41746801137924194,-0.4172636568546295,-0.4162660837173462,-0.41099104285240173,-0.3755013644695282,-0.36369600892066956,0.5000091791152954,0.6366559267044067,-0.4058530926704407,-0.3829539120197296,-0.38503068685531616,-0.403788298368454,-0.38792142271995544,-0.3937865197658539,-0.4056609869003296,-0.40894103050231934,-0.4158763289451599,-0.41647931933403015,-0.418602854013443,-0.41887709498405457,-0.4192144572734833,-0.4178920388221741]
[-0.42157068848609924,-0.41967523097991943,-0.4197678565979004,-0.4187484085559845,-0.41927793622016907,-0.41727912425994873,-0.4180508255958557,-0.41559740900993347,-0.4079759120941162,-0.3428601622581482,1.8896310329437256,1.9986231327056885,2.9372942447662354,2.795126438140869,2.5185816287994385,3.138685703277588,2.418430805206299,1.3948490619659424,-0.1979156732559204,-0.38454437255859375,-0.39512020349502563,-0.4031454026699066,-0.4143351912498474,-0.41527462005615234,-0.41680529713630676,-0.41847068071365356,-0.4193490445613861,-0.4187062084674835]
[-0.4209452271461487,-0.4195800721645355,-0.42030495405197144,-0.41902878880500793,-0.4182344973087311,-0.41740652918815613,-0.4168534576892853,-0.4148995876312256,-0.3884410560131073,1.208513617515564,3.0694611072540283,2.562052011489868,2.4921534061431885,2.818671703338623,2.1115801334381104,2.827338933944702,2.9584906101226807,2.335256338119507,1.9031782150268555,-0.40538913011550903,-0.38750144839286804,-0.4083707630634308,-0.41550835967063904,-0.41572868824005127,-0.418675035238266,-0.41859200596809387,-0.4195950925350189,-0.41794538497924805]
[-0.4213789999485016,-0.4200763404369354,-0.4202493727207184,-0.41840869188308716,-0.41688379645347595,-0.41619056463241577,-0.4168584644794464,-0.4102048873901367,0.29588794708251953,2.8544933795928955,2.8340604305267334,0.9289290904998779,-0.23357059061527252,0.6290098428726196,0.3939341604709625,0.22869142889976501,1.466111183166504,1.444549322128296,2.6305997371673584,0.01875212788581848,-0.3875390887260437,-0.40561699867248535,-0.416218101978302,-0.4136055111885071,-0.41759276390075684,-0.41757068037986755,-0.42033490538597107,-0.4196028411388397]
[-0.421377032995224,-0.41997992992401123,-0.4194827973842621,-0.41817423701286316,-0.41887393593788147,-0.41608625650405884,-0.41437196731567383,-0.298441082239151,2.342150926589966,2.388000726699829,1.3570432662963867,-0.3305596709251404,-0.4089297950267792,-0.5105878114700317,-0.355837881565094,-0.6025192737579346,1.3833036422729492,1.9362530708312988,3.120514154434204,-0.31430840492248535,-0.3925642669200897,-0.40634676814079285,-0.4151436984539032,-0.41502267122268677,-0.41744154691696167,-0.4168994128704071,-0.4199551045894623,-0.4193378686904907]
[-0.4211522340774536,-0.4197838008403778,-0.42019572854042053,-0.4190574288368225,-0.4186983108520508,-0.4154112935066223,-0.4164416193962097,-0.0254087895154953,3.025146007537842,1.8447160720825195,-0.09315818548202515,-0.41601988673210144,-0.3849804401397705,-0.41776031255722046,-0.38684529066085815,-0.31394529342651367,2.717033624649048,3.043487787246704,2.7371928691864014,-0.33927980065345764,-0.39076900482177734,-0.4078442454338074,-0.4151650071144104,-0.4150238633155823,-0.4174230396747589,-0.41605013608932495,-0.41996151208877563,-0.4185728430747986]
[-0.420266330242157,-0.4204159379005432,-0.42004019021987915,-0.41982346773147583,-0.4195820391178131,-0.4164694845676422,-0.4058167040348053,-0.35978245735168457,2.4399147033691406,2.9848415851593018,0.9021292924880981,-0.45681220293045044,-0.37303927540779114,-0.22964569926261902,1.6476622819900513,2.7771143913269043,3.494253396987915,2.535517930984497,0.5957192182540894,-0.3639986217021942,-0.3994218409061432,-0.4062456786632538,-0.4171496033668518,-0.4160701036453247,-0.4178820848464966,-0.41736575961112976,-0.4198093116283417,-0.41907232999801636]
[-0.4207822382450104,-0.41928422451019287,-0.419172078371048,-0.41897717118263245,-0.4198050796985626,-0.41557082533836365,-0.4027312695980072,-0.41493842005729675,1.0982543230056763,2.472438335418701,2.6428298950195312,2.1555471420288086,2.010881185531616,3.2335426807403564,2.198984384536743,2.2384133338928223,1.856469988822937,1.7961832284927368,-0.45654231309890747,-0.37490561604499817,-0.394208163022995,-0.4034418761730194,-0.41518086194992065,-0.4162306785583496,-0.4186280071735382,-0.41825181245803833,-0.41943293809890747,-0.41912326216697693]
[-0.42059698700904846,-0.4195922911167145,-0.41866162419319153,-0.4187251627445221,-0.42019155621528625,-0.41534319519996643,-0.40567246079444885,-0.41444143652915955,-0.2845733165740967,2.501164436340332,2.718780994415283,1.9091863632202148,2.1364879608154297,2.6773085594177246,2.422297239303589,2.3590567111968994,2.456705331802368,1.884901762008667,0.8032374382019043,-0.37857240438461304,-0.396541029214859,-0.40142542123794556,-0.4111393690109253,-0.4158748984336853,-0.41953569650650024,-0.4182896316051483,-0.420132577419281,-0.4189358651638031]
[-0.42023155093193054,-0.4187333285808563,-0.4185207188129425,-0.41861802339553833,-0.4190419018268585,-0.41607484221458435,-0.4101182520389557,-0.411205917596817,-0.3972019553184509,-0.23789191246032715,0.29124903678894043,0.7494837045669556,1.1963871717453003,0.8403893709182739,0.868630051612854,1.177933931350708,1.3634889125823975,2.49014949798584,2.7568624019622803,0.7189340591430664,-0.39947277307510376,-0.41996291279792786,-0.40828779339790344,-0.4151567816734314,-0.4192401170730591,-0.4181734323501587,-0.4200080335140228,-0.4187979996204376]
[-0.42064526677131653,-0.41897332668304443,-0.4190238118171692,-0.41886430978775024,-0.41959458589553833,-0.41640710830688477,-0.4141821563243866,-0.41179969906806946,-0.4007927179336548,-0.3835742473602295,-0.406766802072525,-0.411965936422348,-0.35415118932724,-0.32811298966407776,-0.2880189120769501,-0.3165125250816345,-0.35718774795532227,0.3462733328342438,2.5305633544921875,2.711735248565674,0.18818873167037964,-0.3856107294559479,-0.40443092584609985,-0.41459089517593384,-0.4168934226036072,-0.41796544194221497,-0.42029598355293274,-0.41881242394447327]
[-0.4204675555229187,-0.41864368319511414,-0.41894373297691345,-0.41715091466903687,-0.41848158836364746,-0.41641467809677124,-0.4169338643550873,-0.41213318705558777,-0.4127030670642853,-0.41066962480545044,-0.4221002161502838,-0.41526299715042114,-0.41527941823005676,-0.4084354043006897,-0.3874470591545105,-0.397958904504776,-0.41585564613342285,-0.4485122859477997,1.0574817657470703,3.4560704231262207,1.8755803108215332,-0.175577312707901,-0.3890269696712494,-0.4115064740180969,-0.4161316752433777,-0.4150116741657257,-0.4196510910987854,-0.4179440140724182]
[-0.41964051127433777,-0.41906845569610596,-0.4185730218887329,-0.4178749918937683,-0.4189223051071167,-0.41762682795524597,-0.41927003860473633,-0.41621702909469604,-0.41543373465538025,-0.41291314363479614,-0.41473281383514404,-0.4145087003707886,-0.41615623235702515,-0.41848573088645935,-0.4036531448364258,-0.40051403641700745,-0.3960084319114685,-0.41051897406578064,0.34510982036590576,2.5372729301452637,2.7659082412719727,1.081750750541687,-0.4027617275714874,-0.4088939428329468,-0.41674506664276123,-0.41664543747901917,-0.42068374156951904,-0.4192483723163605]
[-0.42001432180404663,-0.41831550002098083,-0.4175909757614136,-0.41722166538238525,-0.4190441966056824,-0.4177417457103729,-0.4181802570819855,-0.41408616304397583,-0.4143351912498474,-0.4136221408843994,-0.4159431457519531,-0.41354626417160034,-0.42054033279418945,-0.4152379333972931,-0.41871321201324463,-0.4123450219631195,-0.3898483216762543,-0.4409221112728119,0.5009365081787109,1.959512710571289,2.6921825408935547,1.3380886316299438,-0.40458613634109497,-0.40519702434539795,-0.4147505760192871,-0.4180419147014618,-0.42066076397895813,-0.41955268383026123]
[-0.4201229214668274,-0.41817548871040344,-0.4183961749076843,-0.4179190993309021,-0.41882818937301636,-0.4174359142780304,-0.41871556639671326,-0.41517382860183716,-0.4149598479270935,-0.41168907284736633,-0.43489208817481995,-0.4064500033855438,-0.42388680577278137,-0.41945454478263855,-0.4180312156677246,-0.41598865389823914,-0.40950772166252136,-0.32294750213623047,1.502233624458313,2.643711805343628,2.3480913639068604,0.5494189262390137,-0.39180853962898254,-0.41030481457710266,-0.4178611934185028,-0.4189883768558502,-0.4219232499599457,-0.4209972023963928]
[-0.4205341041088104,-0.41843700408935547,-0.41873472929000854,-0.41729021072387695,-0.41949084401130676,-0.41689369082450867,-0.41689079999923706,-0.41248810291290283,-0.41184309124946594,-0.40662723779678345,-0.199346661567688,-0.30244800448417664,-0.40816348791122437,-0.3856835663318634,-0.39692947268486023,-0.3782547116279602,-0.37080439925193787,0.8960222005844116,2.7853500843048096,2.305086851119995,0.9965509176254272,-0.3279024660587311,-0.3995838463306427,-0.41368377208709717,-0.418904572725296,-0.41831615567207336,-0.42202073335647583,-0.4215005338191986]
[-0.41918033361434937,-0.4184200167655945,-0.4193010926246643,-0.4180806875228882,-0.4182142913341522,-0.41564732789993286,-0.4172004759311676,-0.4122016429901123,-0.4086681306362152,-0.367519736289978,1.9054174423217773,1.4747198820114136,0.4066869914531708,-0.4043343663215637,-0.256076455116272,0.567243218421936,1.9618375301361084,2.2806339263916016,2.841320514678955,0.6162399053573608,-0.39000004529953003,-0.39173343777656555,-0.40835973620414734,-0.41622552275657654,-0.42027565836906433,-0.41965529322624207,-0.4216431975364685,-0.4218398332595825]
[-0.4202083349227905,-0.41884905099868774,-0.41901493072509766,-0.4179431200027466,-0.41916605830192566,-0.41621309518814087,-0.4190559685230255,-0.4148147404193878,-0.4095163345336914,-0.4078861176967621,1.877991795539856,2.7094004154205322,2.244567394256592,1.9697465896606445,3.1465275287628174,3.462679386138916,3.0097341537475586,2.949244976043701,1.6376827955245972,-0.3246581554412842,-0.4055127203464508,-0.40428125858306885,-0.4148429334163666,-0.41455766558647156,-0.42074042558670044,-0.4194425940513611,-0.4212709665298462,-0.4206683337688446]
[-0.4187415838241577,-0.418720543384552,-0.4202216863632202,-0.41901546716690063,-0.41900891065597534,-0.41701534390449524,-0.4180050194263458,-0.4162900745868683,-0.40867501497268677,-0.42789092659950256,1.2390501499176025,2.813769817352295,2.7913882732391357,3.3491599559783936,2.88254451751709,3.400768756866455,2.516784429550171,1.2827950716018677,-0.412051260471344,-0.3873642683029175,-0.4032411575317383,-0.40833839774131775,-0.41683560609817505,-0.41719526052474976,-0.4199071228504181,-0.41893959045410156,-0.42117831110954285,-0.42127278447151184]
[-0.41869500279426575,-0.41810059547424316,-0.4199012219905853,-0.4182787239551544,-0.4185536801815033,-0.4165005683898926,-0.41707906126976013,-0.4173147976398468,-0.4099328815937042,-0.4315412938594818,-0.49470049142837524,-0.3038206696510315,0.3876437246799469,0.3922058641910553,0.41477611660957336,0.06109261512756348,-0.5404890775680542,-0.41502654552459717,-0.4049822688102722,-0.38814830780029297,-0.4104936420917511,-0.4138249456882477,-0.41799837350845337,-0.4175246059894562,-0.4198131859302521,-0.41923242807388306,-0.4217616021633148,-0.420550674200058]
[-0.4193127751350403,-0.4189092218875885,-0.4204007089138031,-0.4194488227367401,-0.42022523283958435,-0.4197399914264679,-0.41980472207069397,-0.41891735792160034,-0.40648213028907776,-0.41667675971984863,-0.450604647397995,-0.5685670375823975,-0.4423963129520416,-0.37141990661621094,-0.3575120270252228,-0.3242061734199524,-0.3815801441669464,-0.41583025455474854,-0.4019300937652588,-0.40588030219078064,-0.4124356806278229,-0.41552555561065674,-0.41970324516296387,-0.41941195726394653,-0.4190470278263092,-0.41977906227111816,-0.41993752121925354,-0.4207809865474701]
[-0.4194130599498749,-0.41799813508987427,-0.42043009400367737,-0.4187224805355072,-0.4201645255088806,-0.41847267746925354,-0.41734999418258667,-0.41724881529808044,-0.4115592837333679,-0.4110201895236969,-0.41996315121650696,-0.4151546061038971,-0.3939715325832367,-0.38159629702568054,-0.3827434778213501,-0.376791775226593,-0.40157321095466614,-0.40856972336769104,-0.41227519512176514,-0.4097907245159149,-0.4123557507991791,-0.41543012857437134,-0.41943177580833435,-0.41802895069122314,-0.4185095727443695,-0.4178376793861389,-0.42016488313674927,-0.41973215341567993]
[-0.41714316606521606,-0.4198267459869385,-0.4202595353126526,-0.41919437050819397,-0.42137476801872253,-0.4201672673225403,-0.41909295320510864,-0.4210561215877533,-0.4167177975177765,-0.4142840504646301,-0.4144909679889679,-0.4009518027305603,-0.3919152617454529,-0.4060910642147064,-0.3934812843799591,-0.39856404066085815,-0.4128262996673584,-0.40859493613243103,-0.4133313298225403,-0.41356244683265686,-0.4165819585323334,-0.4176191985607147,-0.41828611493110657,-0.4163224995136261,-0.4182036817073822,-0.4185357391834259,-0.41968682408332825,-0.41590616106987]
