[-0.41653844714164734,-0.41799986362457275,-0.4187837839126587,-0.4170233905315399,-0.4199731647968292,-0.4200208783149719,-0.41996172070503235,-0.4188603162765503,-0.4214549958705902,-0.4201725721359253,-0.4215468466281891,-0.4194226562976837,-0.4233502447605133,-0.4191981852054596,-0.4195418357849121,-0.4176727831363678,-0.41695764660835266,-0.4142155051231384,-0.3306761682033539,0.38537922501564026,0.14850246906280518,-0.38242653012275696,-0.41795870661735535,-0.41702309250831604,-0.4185855984687805,-0.4189243018627167,-0.4161618947982788,-0.4107169210910797]
[-0.4189941883087158,-0.41933175921440125,-0.4193291962146759,-0.4183270335197449,-0.42089128494262695,-0.419512003660202,-0.42007166147232056,-0.41809457540512085,-0.4196521043777466,-0.41933369636535645,-0.42072296142578125,-0.4180903136730194,-0.4194883108139038,-0.417283833026886,-0.4190082252025604,-0.41695189476013184,-0.41552913188934326,-0.41522887349128723,-0.39651259779930115,-0.3712400496006012,-0.36021411418914795,-0.4069933593273163,-0.4196377098560333,-0.4174293279647827,-0.4183081388473511,-0.41956496238708496,-0.4199483394622803,-0.41835156083106995]
[-0.42022743821144104,-0.4189569652080536,-0.41962990164756775,-0.41780707240104675,-0.4202612042427063,-0.4192618131637573,-0.42029449343681335,-0.4191287159919739,-0.4200465977191925,-0.4187447428703308,-0.41997936367988586,-0.42032375931739807,-0.41801995038986206,-0.4198765456676483,-0.42050328850746155,-0.41722372174263,-0.4159300923347473,-0.41869819164276123,-0.41619595885276794,-0.4074220359325409,-0.41014495491981506,-0.4156618118286133,-0.418289452791214,-0.4159957468509674,-0.4175539016723633,-0.4187857508659363,-0.42040255665779114,-0.41986164450645447]
[-0.4202558994293213,-0.4194236397743225,-0.41973909735679626,-0.41850918531417847,-0.41997185349464417,-0.41875535249710083,-0.42080676555633545,-0.41881492733955383,-0.4212521016597748,-0.41877126693725586,-0.41850006580352783,-0.41709184646606445,-0.4184321165084839,-0.4100361168384552,-0.4103281497955322,-0.4143429398536682,-0.41707006096839905,-0.4170861840248108,-0.41847798228263855,-0.4162020981311798,-0.41610226035118103,-0.41632628440856934,-0.4178200662136078,-0.41674813628196716,-0.41660118103027344,-0.4170098900794983,-0.41989782452583313,-0.4195088744163513]
[-0.42008936405181885,-0.4195946753025055,-0.41928258538246155,-0.4187910258769989,-0.4192880690097809,-0.41782814264297485,-0.4198223352432251,-0.4157474935054779,-0.41509750485420227,-0.41280466318130493,-0.42141327261924744,-0.38772955536842346,-0.440637469291687,-0.37805938720703125,-0.3954247236251831,-0.4091442823410034,-0.4103364050388336,-0.41514649987220764,-0.41191616654396057,-0.4132750630378723,-0.4160349667072296,-0.4166110157966614,-0.41684725880622864,-0.41708114743232727,-0.4171910583972931,-0.417101114988327,-0.42072418332099915,-0.4198944568634033]
[-0.42021557688713074,-0.41913682222366333,-0.4194234311580658,-0.4186740219593048,-0.4183588922023773,-0.41831013560295105,-0.4177575409412384,-0.4154244661331177,-0.4114775061607361,-0.36418598890304565,0.09763826429843903,0.9638708829879761,1.1952344179153442,0.7685431241989136,-0.40360599756240845,-0.4274286925792694,-0.4142570495605469,-0.4551238715648651,-0.41833996772766113,-0.41319653391838074,-0.4129668176174164,-0.41561803221702576,-0.41709816455841064,-0.4165976345539093,-0.4179114103317261,-0.41807571053504944,-0.41948816180229187,-0.41924145817756653]
[-0.4213014841079712,-0.41886305809020996,-0.419501930475235,-0.4186563789844513,-0.4185129702091217,-0.41644543409347534,-0.4171958565711975,-0.4073401391506195,-0.13186508417129517,2.203197717666626,3.3903613090515137,2.3394134044647217,2.9754772186279297,2.9509990215301514,2.762197494506836,2.65171480178833,1.3879338502883911,0.04761345684528351,-0.42630863189697266,-0.4165269136428833,-0.4129733443260193,-0.4141616225242615,-0.41687214374542236,-0.417452871799469,-0.4182705581188202,-0.41924259066581726,-0.41953033208847046,-0.4196087121963501]
[-0.4211323857307434,-0.41944900155067444,-0.4197431206703186,-0.4191909730434418,-0.41874048113822937,-0.4173411428928375,-0.41533786058425903,-0.405451238155365,0.9740949869155884,2.523512601852417,3.0965094566345215,2.015669822692871,2.280855655670166,2.330317258834839,2.5081982612609863,2.979139566421509,3.0200276374816895,2.6078476905822754,0.35668307542800903,-0.4036024212837219,-0.4135280251502991,-0.4129400849342346,-0.41743168234825134,-0.41578036546707153,-0.41828760504722595,-0.41824501752853394,-0.4199734330177307,-0.41954177618026733]
[-0.4211687743663788,-0.4194377660751343,-0.4196171760559082,-0.41874271631240845,-0.41794463992118835,-0.4174947738647461,-0.4142560660839081,-0.39813292026519775,1.3947253227233887,2.5947487354278564,2.027697801589966,1.1238068342208862,1.570474624633789,1.7431892156600952,1.9576489925384521,0.6350454092025757,1.1353765726089478,1.3075835704803467,1.0554367303848267,-0.3867711126804352,-0.4153936505317688,-0.41506388783454895,-0.41688570380210876,-0.41564464569091797,-0.41839927434921265,-0.4183456599712372,-0.4198061525821686,-0.41825053095817566]
[-0.42142197489738464,-0.4199947714805603,-0.4191868007183075,-0.41926905512809753,-0.4190577268600464,-0.41701197624206543,-0.41401252150535583,-0.3968561291694641,1.9108617305755615,1.8271844387054443,1.9461238384246826,2.3052287101745605,1.0675419569015503,-0.34850192070007324,-0.2980659008026123,-0.2908448576927185,-0.4015551805496216,-0.448910653591156,0.27102401852607727,-0.41347044706344604,-0.40237927436828613,-0.41314369440078735,-0.4154542088508606,-0.4170982241630554,-0.4184729754924774,-0.41887372732162476,-0.4202004671096802,-0.4191924035549164]
[-0.4215577244758606,-0.41989514231681824,-0.4194099009037018,-0.41934481263160706,-0.41881006956100464,-0.4168614447116852,-0.4161183536052704,-0.39922991394996643,1.8894941806793213,2.7561147212982178,2.6108314990997314,1.826379656791687,-0.15657967329025269,-0.3653263747692108,-0.3467901647090912,-0.40082821249961853,-0.40645477175712585,-0.23267345130443573,0.32081881165504456,-0.3806546926498413,-0.4017049968242645,-0.4080708622932434,-0.4127568304538727,-0.4150659143924713,-0.4188884496688843,-0.418463796377182,-0.42045435309410095,-0.4182189106941223]
[-0.4215717911720276,-0.42019522190093994,-0.4201700687408447,-0.41972675919532776,-0.41872936487197876,-0.41565996408462524,-0.4165797233581543,-0.3982756733894348,0.8622564077377319,3.162149667739868,3.0547783374786377,2.3728339672088623,-0.2845165431499481,-0.41604676842689514,-0.35767221450805664,-0.3991244435310364,-0.014660298824310303,1.8473272323608398,1.9938440322875977,1.529702067375183,-0.07179062068462372,-0.4010937213897705,-0.4121846854686737,-0.41463378071784973,-0.4193229675292969,-0.4178032875061035,-0.4209543764591217,-0.4198416471481323]
[-0.42131945490837097,-0.41958579421043396,-0.4200052320957184,-0.41860947012901306,-0.4189493954181671,-0.415512353181839,-0.41506022214889526,-0.40801188349723816,-0.3694322109222412,1.5642623901367188,3.59725284576416,2.8901004791259766,1.1061298847198486,-0.21294575929641724,-0.20846912264823914,0.7452487945556641,1.6705200672149658,2.525019884109497,2.8840291500091553,2.915611982345581,0.5237823724746704,-0.38520699739456177,-0.4134018123149872,-0.41696232557296753,-0.41835418343544006,-0.41817161440849304,-0.4206336438655853,-0.419160395860672]
[-0.42057251930236816,-0.4206658899784088,-0.42016083002090454,-0.42003560066223145,-0.41970792412757874,-0.41606417298316956,-0.4150965213775635,-0.40858691930770874,-0.45414796471595764,-0.21848851442337036,2.3014070987701416,2.6647682189941406,2.6080822944641113,2.0908851623535156,2.62861967086792,2.5445973873138428,2.5240249633789062,2.2267651557922363,2.2881879806518555,2.6349878311157227,0.7528589963912964,-0.3831784427165985,-0.4143366813659668,-0.41711658239364624,-0.4194868206977844,-0.41802290081977844,-0.4199760854244232,-0.4195322096347809]
[-0.42101985216140747,-0.4200022220611572,-0.4199056625366211,-0.4187901020050049,-0.41899433732032776,-0.4165966808795929,-0.41504552960395813,-0.41392073035240173,-0.404432088136673,-0.38987740874290466,1.0395101308822632,2.505441665649414,2.4475250244140625,2.258817434310913,2.5369808673858643,2.602689743041992,2.5599417686462402,2.22861909866333,0.9724622964859009,0.4191008508205414,-0.35923099517822266,-0.40059155225753784,-0.4167785942554474,-0.41698846220970154,-0.41928818821907043,-0.41846197843551636,-0.420193076133728,-0.4196956753730774]
[-0.4216757118701935,-0.42020830512046814,-0.4199790060520172,-0.4200122356414795,-0.4197944700717926,-0.41675904393196106,-0.41744327545166016,-0.4106942415237427,-0.4050135314464569,-0.39988890290260315,-0.5687668323516846,1.064763069152832,2.3672895431518555,2.8506500720977783,2.39912486076355,2.59006667137146,0.7227356433868408,-0.25411221385002136,-0.34319591522216797,-0.4083411693572998,-0.3977868854999542,-0.4120060205459595,-0.4150084853172302,-0.41739553213119507,-0.41759973764419556,-0.4188763201236725,-0.4194561541080475,-0.4194537103176117]
[-0.42127951979637146,-0.4200192987918854,-0.419008731842041,-0.4190916419029236,-0.419858455657959,-0.4171539545059204,-0.4168109595775604,-0.41472840309143066,-0.40956911444664,-0.4002811014652252,-0.5487799048423767,-0.35580384731292725,1.635491967201233,2.644334077835083,3.0931484699249268,0.6373547315597534,-0.36988353729248047,-0.3820861876010895,-0.4131614565849304,-0.4509168267250061,-0.43437322974205017,-0.4059276282787323,-0.41572442650794983,-0.4153853952884674,-0.4188065528869629,-0.41871848702430725,-0.4205574095249176,-0.41993576288223267]
[-0.42043307423591614,-0.4196997284889221,-0.42018333077430725,-0.4201311469078064,-0.42039692401885986,-0.41939014196395874,-0.4178336262702942,-0.41507208347320557,-0.4104844927787781,-0.39946961402893066,-0.574978768825531,-0.2147873342037201,1.4828975200653076,1.4784204959869385,3.217153549194336,1.1501924991607666,-0.3798322081565857,-0.36862680315971375,-0.24840541183948517,0.437671035528183,-0.16869214177131653,-0.3870405852794647,-0.410590261220932,-0.41503727436065674,-0.417356938123703,-0.4187495708465576,-0.419189989566803,-0.41950443387031555]
[-0.42095690965652466,-0.41965988278388977,-0.4208880662918091,-0.4197096526622772,-0.41955268383026123,-0.4174272119998932,-0.4173341989517212,-0.41536611318588257,-0.40790820121765137,-0.3989858329296112,-0.40985602140426636,1.6770979166030884,2.8769948482513428,2.6999495029449463,4.183994770050049,1.8368797302246094,1.2147531509399414,1.6500678062438965,2.21447491645813,2.837247371673584,1.1014443635940552,-0.3704025447368622,-0.408495157957077,-0.41315141320228577,-0.41742607951164246,-0.4194487929344177,-0.42105790972709656,-0.4206322133541107]
[-0.42105597257614136,-0.4194958508014679,-0.42120233178138733,-0.4208902418613434,-0.41989392042160034,-0.4180619418621063,-0.41759151220321655,-0.414501428604126,-0.3951800465583801,-0.3956051468849182,1.2840030193328857,2.6295087337493896,2.8233790397644043,2.2258853912353516,3.203766345977783,1.8019590377807617,2.937906265258789,2.7086668014526367,2.757258176803589,2.8718976974487305,1.3040448427200317,-0.3675684928894043,-0.4101100564002991,-0.41572830080986023,-0.41841211915016174,-0.4186241626739502,-0.4202944338321686,-0.4204222857952118]
[-0.4213528335094452,-0.4202509820461273,-0.4204106628894806,-0.4209274351596832,-0.4206048846244812,-0.41733109951019287,-0.4172889292240143,-0.41579461097717285,-0.3730592727661133,0.18047475814819336,2.492480993270874,3.388489007949829,1.8694099187850952,1.6918390989303589,3.058685064315796,1.7302552461624146,2.7201988697052,2.600555896759033,2.6006717681884766,2.125638246536255,0.12072914838790894,-0.3866150379180908,-0.4126392900943756,-0.4152706563472748,-0.41882964968681335,-0.41822248697280884,-0.4214259386062622,-0.42089641094207764]
[-0.42096802592277527,-0.4199073016643524,-0.42232781648635864,-0.42099347710609436,-0.4193466901779175,-0.41978102922439575,-0.4154112637042999,-0.41408565640449524,-0.4059855341911316,1.7180626392364502,3.024506092071533,1.1887896060943604,2.266684055328369,1.720107078552246,2.7992355823516846,2.8339877128601074,1.6313201189041138,0.3481692969799042,0.2074057161808014,-0.30059927701950073,-0.37694546580314636,-0.40381333231925964,-0.4128115773200989,-0.4165755808353424,-0.4186297059059143,-0.41788333654403687,-0.4209216833114624,-0.42012739181518555]
[-0.4212200939655304,-0.41919586062431335,-0.4208710491657257,-0.41910645365715027,-0.41904279589653015,-0.4186042249202728,-0.41574010252952576,-0.41201481223106384,-0.3421573340892792,2.2717859745025635,2.1700916290283203,2.559811592102051,1.1749041080474854,1.9027464389801025,1.5266695022583008,0.060093194246292114,-0.4165416955947876,-0.46860411763191223,-0.40603265166282654,-0.3945782482624054,-0.4071910083293915,-0.4094495177268982,-0.41635650396347046,-0.4156113564968109,-0.4182017743587494,-0.41798636317253113,-0.4201749861240387,-0.41947606205940247]
[-0.4198165833950043,-0.41984301805496216,-0.42116594314575195,-0.42103296518325806,-0.4198661744594574,-0.421417236328125,-0.4140060544013977,-0.4052008390426636,-0.19969907402992249,2.780433416366577,2.6443428993225098,2.9314699172973633,1.203683614730835,1.7199426889419556,-0.4211694896221161,-0.3943311274051666,-0.4206760823726654,-0.40455499291419983,-0.40619519352912903,-0.4072287082672119,-0.41301316022872925,-0.4141159951686859,-0.4174000918865204,-0.4164387583732605,-0.41854745149612427,-0.4188774824142456,-0.4203161299228668,-0.418552428483963]
[-0.4201515018939972,-0.4188714623451233,-0.4195147156715393,-0.4197499454021454,-0.41892868280410767,-0.41810259222984314,-0.41429707407951355,-0.3956885039806366,-0.19004541635513306,1.250638484954834,2.2486231327056885,2.690267562866211,1.7148425579071045,-0.3742055892944336,-0.40212076902389526,-0.4029335677623749,-0.40948426723480225,-0.4097227454185486,-0.41572993993759155,-0.41416028141975403,-0.4158112406730652,-0.41687074303627014,-0.4183031916618347,-0.41641175746917725,-0.4188922643661499,-0.4179888963699341,-0.4202158451080322,-0.4200601577758789]
[-0.42101648449897766,-0.41960829496383667,-0.4199517071247101,-0.4202618896961212,-0.41945719718933105,-0.4162836968898773,-0.41529959440231323,-0.40301087498664856,-0.4440111219882965,-0.29095906019210815,0.14396601915359497,1.771807074546814,-0.3194253742694855,-0.3894888162612915,-0.3941953778266907,-0.4064764380455017,-0.4130254089832306,-0.41785338521003723,-0.4213232100009918,-0.4202445447444916,-0.4186685085296631,-0.418245792388916,-0.4181954264640808,-0.4177621901035309,-0.41862016916275024,-0.4185819625854492,-0.4201262295246124,-0.41956159472465515]
[-0.42008018493652344,-0.41784611344337463,-0.42052963376045227,-0.41996461153030396,-0.42070186138153076,-0.4206748902797699,-0.4216020107269287,-0.40993884205818176,-0.40393608808517456,-0.4732077121734619,-0.5380479693412781,-0.37717747688293457,-0.398120641708374,-0.3995272219181061,-0.41204479336738586,-0.4136373996734619,-0.415822833776474,-0.41481292247772217,-0.41987621784210205,-0.41784653067588806,-0.4170137941837311,-0.41736796498298645,-0.41910797357559204,-0.4180426001548767,-0.41868335008621216,-0.4178209602832794,-0.42032310366630554,-0.4183136820793152]
[-0.41735267639160156,-0.41943174600601196,-0.41990840435028076,-0.419978529214859,-0.4205186367034912,-0.41913652420043945,-0.4224545359611511,-0.41943320631980896,-0.40949106216430664,-0.40402764081954956,-0.4121657609939575,-0.4006825387477875,-0.40082088112831116,-0.4080890119075775,-0.4138132333755493,-0.4140476882457733,-0.41662469506263733,-0.41706138849258423,-0.4200955629348755,-0.4195786416530609,-0.4198482930660248,-0.41762471199035645,-0.41867443919181824,-0.42004746198654175,-0.42085522413253784,-0.41785454750061035,-0.41912922263145447,-0.4153449237346649]
