[-0.41754087805747986,-0.4187738001346588,-0.4208463430404663,-0.4196780025959015,-0.4214465022087097,-0.41942164301872253,-0.4196220338344574,-0.4180585443973541,-0.42001450061798096,-0.4175768196582794,-0.42064547538757324,-0.4177039563655853,-0.4237717092037201,-0.41960540413856506,-0.4223746657371521,-0.4151165783405304,-0.419125497341156,-0.416299432516098,-0.41608425974845886,-0.41902947425842285,-0.412090539932251,-0.40852004289627075,-0.41207355260849,-0.41453316807746887,-0.4131711423397064,-0.4135109484195709,-0.41403964161872864,-0.412333607673645]
[-0.41961047053337097,-0.42017412185668945,-0.4208606481552124,-0.42010289430618286,-0.42131051421165466,-0.4194853901863098,-0.4185185134410858,-0.4177864193916321,-0.4179636240005493,-0.4163915514945984,-0.41931280493736267,-0.41582202911376953,-0.42051932215690613,-0.4163905382156372,-0.4157777428627014,-0.4151405096054077,-0.4178125560283661,-0.4141037166118622,-0.4150785207748413,-0.4125489294528961,-0.4080114960670471,-0.4077688455581665,-0.41134247183799744,-0.4147702157497406,-0.41508394479751587,-0.41508522629737854,-0.41681647300720215,-0.4164077341556549]
[-0.42159217596054077,-0.42051994800567627,-0.42156457901000977,-0.42093512415885925,-0.42118334770202637,-0.4201105833053589,-0.41902875900268555,-0.4178448021411896,-0.4192839562892914,-0.4187283515930176,-0.41858384013175964,-0.4210141599178314,-0.4206198453903198,-0.41894060373306274,-0.4174378514289856,-0.40395694971084595,-0.4112228453159332,-0.4161640703678131,-0.41583916544914246,-0.40626734495162964,-0.40783432126045227,-0.41086092591285706,-0.4130200147628784,-0.4125579297542572,-0.41411343216896057,-0.41578054428100586,-0.4168812036514282,-0.41849127411842346]
[-0.4222589433193207,-0.4208618104457855,-0.42141714692115784,-0.4200706481933594,-0.4217531681060791,-0.4196620285511017,-0.4189661741256714,-0.4178667962551117,-0.4194861054420471,-0.41718101501464844,-0.417601078748703,-0.41657719016075134,-0.4281938672065735,-0.4118797779083252,-0.4803203344345093,-0.5741227865219116,-0.45307984948158264,-0.4003649950027466,-0.4049386978149414,-0.4064880609512329,-0.41140440106391907,-0.4116663634777069,-0.4160638153553009,-0.4148365259170532,-0.4161801040172577,-0.4153635501861572,-0.4189300835132599,-0.4189088046550751]
[-0.4211887717247009,-0.4203018248081207,-0.4216192960739136,-0.4202236831188202,-0.42085862159729004,-0.41908323764801025,-0.4197758734226227,-0.41711121797561646,-0.4186791181564331,-0.41678839921951294,-0.4142574369907379,-0.4202185273170471,-0.4592130184173584,-0.17084059119224548,1.1792478561401367,1.692803978919983,-0.04279311001300812,-0.3620767593383789,-0.39411941170692444,-0.40486299991607666,-0.40518876910209656,-0.40893128514289856,-0.4148804545402527,-0.41354063153266907,-0.4169383645057678,-0.41578036546707153,-0.41865378618240356,-0.41972365975379944]
[-0.42111051082611084,-0.4209425449371338,-0.42134377360343933,-0.4204863905906677,-0.42115116119384766,-0.41875776648521423,-0.41964322328567505,-0.4180677831172943,-0.4188365042209625,-0.417827308177948,-0.40617311000823975,-0.41156163811683655,1.5882868766784668,2.402050733566284,3.44439959526062,3.844054698944092,1.7493141889572144,0.2863576114177704,-0.3644213378429413,-0.3999060392379761,-0.39984527230262756,-0.4080207049846649,-0.414754718542099,-0.41593462228775024,-0.41779521107673645,-0.41695311665534973,-0.41905122995376587,-0.4188360273838043]
[-0.4217279553413391,-0.41942712664604187,-0.4203808307647705,-0.4188714325428009,-0.4203580319881439,-0.4185875654220581,-0.4190467298030853,-0.41560953855514526,-0.4152713119983673,-0.41587117314338684,-0.38277915120124817,-0.056278571486473083,2.9642419815063477,1.9710566997528076,1.4987834692001343,2.2088751792907715,2.494516134262085,2.862185478210449,1.3691365718841553,-0.4243762791156769,-0.4034299850463867,-0.40628582239151,-0.41399115324020386,-0.4157426953315735,-0.4186289608478546,-0.41800379753112793,-0.41937899589538574,-0.41896677017211914]
[-0.4229210913181305,-0.4192279875278473,-0.4204869866371155,-0.41891127824783325,-0.41946080327033997,-0.4176923930644989,-0.4184063971042633,-0.4162500202655792,-0.41319194436073303,-0.41898974776268005,-0.2584208846092224,2.3164777755737305,2.3158318996429443,1.6001039743423462,-0.350380539894104,-0.290128231048584,0.9879947900772095,1.9446330070495605,2.8335886001586914,1.3077436685562134,-0.4052599370479584,-0.4058159291744232,-0.4139034152030945,-0.41676977276802063,-0.4195033013820648,-0.4192694425582886,-0.4203406274318695,-0.4188409149646759]
[-0.4219827950000763,-0.41925013065338135,-0.42028263211250305,-0.41896775364875793,-0.41854289174079895,-0.41784989833831787,-0.41875922679901123,-0.41456925868988037,-0.41031932830810547,-0.39941316843032837,0.8207659721374512,2.395745038986206,1.6795154809951782,-0.38706690073013306,-0.3815775513648987,-0.413038045167923,-0.38605377078056335,-0.008923687040805817,2.859619617462158,2.416677713394165,-0.40528926253318787,-0.40742942690849304,-0.41323399543762207,-0.41591277718544006,-0.41933515667915344,-0.41859397292137146,-0.41997280716896057,-0.41939401626586914]
[-0.42155328392982483,-0.4193825423717499,-0.42004168033599854,-0.41863706707954407,-0.41890090703964233,-0.4177136719226837,-0.4187026023864746,-0.4150185286998749,-0.40349724888801575,-0.3107421100139618,2.1994082927703857,2.699134588241577,1.265188217163086,-0.33873704075813293,-0.3809211254119873,-0.3980504274368286,-0.3596779406070709,-0.43125849962234497,1.6459174156188965,1.3911888599395752,-0.3925037682056427,-0.40523895621299744,-0.4105675220489502,-0.4180825650691986,-0.42073169350624084,-0.41936036944389343,-0.42106661200523376,-0.419149786233902]
[-0.4212195575237274,-0.41974297165870667,-0.4201034903526306,-0.4182261526584625,-0.41903311014175415,-0.41779765486717224,-0.41549983620643616,-0.412711501121521,-0.40282362699508667,0.43228664994239807,3.1712698936462402,2.392303943634033,-0.10727711021900177,-0.36251941323280334,-0.389196515083313,-0.4016666114330292,-0.3697434365749359,-0.4472861588001251,1.5649828910827637,1.1234209537506104,-0.3435489535331726,-0.38237515091896057,-0.3976607024669647,-0.4149778485298157,-0.4192405045032501,-0.41958969831466675,-0.4209219515323639,-0.41905853152275085]
[-0.4207461476325989,-0.4196387827396393,-0.4199840724468231,-0.41881781816482544,-0.41960206627845764,-0.4179224967956543,-0.4165700078010559,-0.41322699189186096,-0.413232684135437,0.7221676111221313,2.916687250137329,2.157717227935791,-0.34301817417144775,-0.3808556795120239,-0.39141741394996643,-0.3917233347892761,-0.41762879490852356,0.005375765264034271,2.3529579639434814,2.5235776901245117,1.2480039596557617,0.08477410674095154,-0.3941101133823395,-0.4161297380924225,-0.41800564527511597,-0.4203018546104431,-0.42080602049827576,-0.4192339777946472]
[-0.4212828576564789,-0.4196469187736511,-0.4192865490913391,-0.418076753616333,-0.41937750577926636,-0.4181326925754547,-0.41622331738471985,-0.415183424949646,-0.45870524644851685,1.425849437713623,3.1121985912323,1.630311131477356,-0.4342220723628998,-0.45772600173950195,-0.4262132942676544,-0.4302411377429962,0.36349666118621826,2.526940107345581,2.4961564540863037,3.306811571121216,2.570512533187866,0.6619504690170288,-0.3999411463737488,-0.41483211517333984,-0.4168516993522644,-0.41835910081863403,-0.4217322766780853,-0.4202739894390106]
[-0.42162224650382996,-0.4200158715248108,-0.4189577102661133,-0.41829562187194824,-0.4202161133289337,-0.4182305335998535,-0.4166219234466553,-0.41247814893722534,-0.3076525330543518,2.215843439102173,3.017404079437256,1.7808890342712402,0.5643980503082275,0.655794620513916,0.49136844277381897,1.5973533391952515,2.6033170223236084,2.316157341003418,2.6364481449127197,2.7293386459350586,2.813704013824463,0.6291399002075195,-0.4148310422897339,-0.41882237792015076,-0.4191637337207794,-0.41917210817337036,-0.42153576016426086,-0.4207203984260559]
[-0.42126011848449707,-0.41974490880966187,-0.4197455942630768,-0.41804516315460205,-0.4183602035045624,-0.41629037261009216,-0.41759467124938965,-0.4142906367778778,-0.14940059185028076,2.7135708332061768,2.7001640796661377,2.6824018955230713,2.9496049880981445,3.5829966068267822,3.099893093109131,2.5950682163238525,2.0203559398651123,2.4977545738220215,2.5472071170806885,2.893598794937134,1.804126262664795,-0.33691757917404175,-0.4118773341178894,-0.41574621200561523,-0.41917872428894043,-0.4200185239315033,-0.4210298955440521,-0.4193405508995056]
[-0.42007848620414734,-0.41979464888572693,-0.419890820980072,-0.41797056794166565,-0.4198741614818573,-0.4115552008152008,-0.4102449119091034,-0.40511655807495117,-0.14580249786376953,2.0331201553344727,2.3878633975982666,3.022855520248413,3.0481412410736084,2.734792709350586,0.6377159357070923,0.12469106912612915,0.9621466398239136,2.6946747303009033,2.2576894760131836,2.8030741214752197,0.9814369678497314,-0.3882060647010803,-0.4086504280567169,-0.415577232837677,-0.41952046751976013,-0.4190763831138611,-0.4210546016693115,-0.42015913128852844]
[-0.4200700521469116,-0.41906997561454773,-0.4154075086116791,-0.4166935384273529,-0.4193596839904785,-0.4183937907218933,-0.3977929949760437,-0.38775283098220825,-0.3613909184932709,-0.27318716049194336,-0.3012799024581909,0.11445939540863037,0.3899846374988556,-0.28370705246925354,-0.3764948844909668,-0.5598436594009399,0.8787708282470703,2.6435840129852295,2.5497536659240723,2.165022373199463,-0.2975085973739624,-0.3895319700241089,-0.41099363565444946,-0.41506439447402954,-0.4199112057685852,-0.41965287923812866,-0.42175817489624023,-0.419973760843277]
[-0.4199475049972534,-0.4180990755558014,-0.41565194725990295,-0.41923579573631287,-0.4091798663139343,0.2114272117614746,0.956160306930542,0.11480900645256042,-0.38656124472618103,-0.34365519881248474,-0.4140869975090027,-0.4835757315158844,-0.4071235954761505,-0.4416881799697876,-0.39642414450645447,-0.31476911902427673,1.6341997385025024,2.5151829719543457,2.480116844177246,1.377585768699646,-0.3922180235385895,-0.3980858027935028,-0.41303181648254395,-0.4157903790473938,-0.4201115369796753,-0.41894617676734924,-0.4210280478000641,-0.4206683933734894]
[-0.42099088430404663,-0.4188968539237976,-0.4164443016052246,-0.29747098684310913,1.3151227235794067,2.885162591934204,2.9817233085632324,0.698782205581665,-0.3685745596885681,-0.3874073028564453,-0.4127425253391266,-0.41249796748161316,-0.40369170904159546,-0.36490780115127563,-0.22703923285007477,1.6259472370147705,2.4118010997772217,2.456742763519287,2.5424158573150635,0.9235780239105225,-0.3992597162723541,-0.4062958061695099,-0.4186427593231201,-0.41796526312828064,-0.4188942611217499,-0.4192066788673401,-0.42031264305114746,-0.42007848620414734]
[-0.41963741183280945,-0.4155089855194092,-0.3745606243610382,0.5299046039581299,2.1435883045196533,2.578211784362793,2.9720113277435303,1.7391934394836426,-0.3253127932548523,-0.3656582832336426,-0.3847166895866394,-0.3987518548965454,-0.4020446836948395,0.02278195321559906,2.1026217937469482,2.6817336082458496,2.6616039276123047,2.5501577854156494,1.988222599029541,-0.05333251506090164,-0.4009135663509369,-0.4123646914958954,-0.4174686372280121,-0.4179452955722809,-0.4196004569530487,-0.41939809918403625,-0.42039453983306885,-0.420031875371933]
[-0.4176393449306488,-0.4165900647640228,-0.41895246505737305,0.7556843757629395,2.6658682823181152,2.517443895339966,2.0692853927612305,1.9547958374023438,1.4771062135696411,-0.3902638554573059,-0.36692750453948975,-0.24400511384010315,1.020704984664917,2.3048877716064453,2.5548877716064453,2.7418301105499268,2.5171289443969727,2.3158962726593018,0.30298084020614624,-0.39186760783195496,-0.4089964032173157,-0.4158627986907959,-0.41960814595222473,-0.41905078291893005,-0.4197659492492676,-0.41928815841674805,-0.42112573981285095,-0.4199641942977905]
[-0.41639840602874756,-0.4182714521884918,-0.41601404547691345,0.14377200603485107,2.654651403427124,2.8824093341827393,2.937803030014038,2.823134660720825,2.9257185459136963,2.5112392902374268,1.9822030067443848,3.086376667022705,3.3584513664245605,3.088111639022827,2.253476619720459,1.8338232040405273,0.4460069239139557,-0.37171995639801025,-0.39209654927253723,-0.40198713541030884,-0.41257303953170776,-0.4170439839363098,-0.41995862126350403,-0.4191775619983673,-0.4201275408267975,-0.4190447926521301,-0.4209250807762146,-0.42083874344825745]
[-0.41705742478370667,-0.4187960624694824,-0.4073874354362488,-0.3365471661090851,-0.46313923597335815,1.3885200023651123,4.126720905303955,3.4633166790008545,3.335097312927246,3.9024877548217773,3.329307794570923,3.025480270385742,1.4799792766571045,0.7812296152114868,-0.41583603620529175,-0.35607996582984924,-0.41065171360969543,-0.40804481506347656,-0.40737617015838623,-0.40334996581077576,-0.4161492586135864,-0.4166523218154907,-0.4202018082141876,-0.41914165019989014,-0.4202117621898651,-0.4186655282974243,-0.4203515946865082,-0.4204305112361908]
[-0.4160242974758148,-0.41699543595314026,-0.4102906882762909,-0.38685545325279236,-0.3286949098110199,-0.40433207154273987,0.7444919347763062,0.07181739807128906,0.41056129336357117,0.23852476477622986,-0.14653830230236053,-0.2568266987800598,-0.3426327109336853,-0.3410048484802246,-0.38325566053390503,-0.40181538462638855,-0.40711015462875366,-0.40381428599357605,-0.4094035029411316,-0.4109553098678589,-0.41660454869270325,-0.41743040084838867,-0.4193640649318695,-0.4189148247241974,-0.42023518681526184,-0.4186260998249054,-0.4198300838470459,-0.42016303539276123]
[-0.41796743869781494,-0.4142735004425049,-0.41647011041641235,-0.4037163555622101,-0.38469910621643066,-0.4561040997505188,-0.5362586975097656,-0.4614205062389374,-0.46395766735076904,-0.4326004683971405,-0.38855040073394775,-0.38552024960517883,-0.39507925510406494,-0.3973425328731537,-0.4114009439945221,-0.40637022256851196,-0.41538721323013306,-0.41028183698654175,-0.41600993275642395,-0.41686785221099854,-0.41752803325653076,-0.41831785440444946,-0.42011377215385437,-0.418748676776886,-0.4201127588748932,-0.41899633407592773,-0.42108458280563354,-0.42110809683799744]
[-0.4209897816181183,-0.4167528748512268,-0.41383278369903564,-0.4042441248893738,-0.38560596108436584,-0.4183262586593628,-0.4253689646720886,-0.4138362407684326,-0.4102536141872406,-0.4046986401081085,-0.4016871750354767,-0.40078023076057434,-0.4034898281097412,-0.40509656071662903,-0.41169115900993347,-0.40949565172195435,-0.4152609705924988,-0.4160454273223877,-0.41617217659950256,-0.41787633299827576,-0.41838374733924866,-0.4190048575401306,-0.4193672835826874,-0.41912901401519775,-0.4194570779800415,-0.4188850522041321,-0.4205732047557831,-0.4207751452922821]
[-0.4231039583683014,-0.41788166761398315,-0.419193834066391,-0.41359254717826843,-0.4164675772190094,-0.4123792350292206,-0.40715211629867554,-0.4073658287525177,-0.40910089015960693,-0.40997597575187683,-0.4063800871372223,-0.41467413306236267,-0.4112432599067688,-0.4101085364818573,-0.4170418977737427,-0.41983503103256226,-0.4152388274669647,-0.41569381952285767,-0.41712284088134766,-0.41718873381614685,-0.4181979298591614,-0.41840121150016785,-0.4193859100341797,-0.4178239405155182,-0.41806095838546753,-0.4168647229671478,-0.4191605746746063,-0.41857704520225525]
[-0.4199482202529907,-0.4213408827781677,-0.418500155210495,-0.4177326560020447,-0.4361020028591156,-0.42288219928741455,-0.4136922359466553,-0.41816654801368713,-0.4192752540111542,-0.42270421981811523,-0.42015862464904785,-0.41631707549095154,-0.418466180562973,-0.4151269197463989,-0.41728439927101135,-0.4142380654811859,-0.41344141960144043,-0.4136982262134552,-0.41579878330230713,-0.4175514876842499,-0.4189053177833557,-0.4182991087436676,-0.41955843567848206,-0.4194944500923157,-0.4186323285102844,-0.4179894030094147,-0.41864609718322754,-0.41413256525993347]
