[-0.4164895713329315,-0.4177095293998718,-0.4189784824848175,-0.41816243529319763,-0.42075279355049133,-0.41943103075027466,-0.4210464656352997,-0.4212179481983185,-0.4218094050884247,-0.42053964734077454,-0.41865256428718567,-0.4198930859565735,-0.3999655246734619,-0.17602206766605377,-0.4111441373825073,-0.4146365225315094,-0.4119682312011719,-0.4090368151664734,-0.3282996416091919,0.40816178917884827,-0.027110345661640167,-0.3934580981731415,-0.4145791828632355,-0.41576921939849854,-0.4165586531162262,-0.4166318476200104,-0.4151310920715332,-0.40990960597991943]
[-0.41818684339523315,-0.4181748330593109,-0.4185873568058014,-0.41799217462539673,-0.42087018489837646,-0.41897493600845337,-0.4214125871658325,-0.4203621447086334,-0.4207729995250702,-0.41832780838012695,-0.41493695974349976,-0.4148733615875244,-0.40893930196762085,-0.4173736572265625,-0.4203212857246399,-0.42261576652526855,-0.4172361195087433,-0.41157078742980957,-0.391920804977417,-0.36360087990760803,-0.3791235387325287,-0.4070099890232086,-0.41718703508377075,-0.41809678077697754,-0.41937384009361267,-0.4184649586677551,-0.4181359112262726,-0.41525569558143616]
[-0.41988757252693176,-0.41838520765304565,-0.41824084520339966,-0.41686782240867615,-0.41996854543685913,-0.41900885105133057,-0.4202521741390228,-0.41841909289360046,-0.41948261857032776,-0.4193665683269501,-0.41473692655563354,-0.32290858030319214,-0.1280505508184433,-0.35520267486572266,-0.4204031825065613,-0.4090428352355957,-0.4105774462223053,-0.41390934586524963,-0.4158823490142822,-0.40230363607406616,-0.40879911184310913,-0.414532333612442,-0.41838976740837097,-0.4166995882987976,-0.4181579649448395,-0.4185660481452942,-0.41907843947410583,-0.41709065437316895]
[-0.41977840662002563,-0.4194416403770447,-0.41943594813346863,-0.4168975353240967,-0.4178532063961029,-0.41825243830680847,-0.4173048436641693,-0.4166145920753479,-0.41924816370010376,-0.3985636532306671,-0.3494008183479309,0.8945144414901733,1.6456071138381958,0.27770838141441345,-0.46023818850517273,-0.3929966688156128,-0.38037779927253723,-0.4063890278339386,-0.4073864817619324,-0.4115051031112671,-0.4167323112487793,-0.41254180669784546,-0.4180675745010376,-0.4169197082519531,-0.4183632433414459,-0.41722750663757324,-0.418718159198761,-0.41707560420036316]
[-0.41944465041160583,-0.41877344250679016,-0.418628454208374,-0.41607898473739624,-0.42166033387184143,-0.391874760389328,-0.4514310359954834,-0.3851945698261261,-0.4148666560649872,-0.200021892786026,1.9208219051361084,3.033569574356079,2.407003879547119,2.7478630542755127,1.1214745044708252,-0.44064241647720337,-0.32674336433410645,-0.4027698338031769,-0.40705662965774536,-0.4080909490585327,-0.4127559959888458,-0.41362106800079346,-0.41733935475349426,-0.41524094343185425,-0.41744327545166016,-0.41748327016830444,-0.4198615550994873,-0.4191397726535797]
[-0.4201355576515198,-0.4191288352012634,-0.41887515783309937,-0.41565045714378357,-0.2963142991065979,0.4364038407802582,0.8175441026687622,1.2572563886642456,1.2537555694580078,2.2199361324310303,3.397509813308716,2.8596460819244385,3.0151820182800293,2.3067688941955566,3.2027461528778076,2.6700515747070312,0.9760791063308716,-0.40191954374313354,-0.3984561264514923,-0.40131011605262756,-0.4077433943748474,-0.4122505486011505,-0.416212797164917,-0.4160120189189911,-0.41863858699798584,-0.41801393032073975,-0.41933152079582214,-0.41849273443222046]
[-0.4199143946170807,-0.4183310568332672,-0.41973114013671875,-0.4130851924419403,-0.08504414558410645,2.4382240772247314,2.3725624084472656,2.792482852935791,2.226503610610962,2.5951297283172607,2.4997920989990234,1.998091697692871,2.0848779678344727,2.318509101867676,2.4457640647888184,2.7495667934417725,2.138641119003296,0.3501187264919281,-0.4061419665813446,-0.41619259119033813,-0.40313759446144104,-0.4079113006591797,-0.4151230454444885,-0.41584205627441406,-0.41772720217704773,-0.41751521825790405,-0.41941970586776733,-0.4189290404319763]
[-0.4199894964694977,-0.4190651476383209,-0.4181585907936096,-0.41572144627571106,-0.18635472655296326,1.8767207860946655,2.104811906814575,3.3950400352478027,2.7408227920532227,2.6741039752960205,2.7026777267456055,2.237277030944824,2.104949474334717,2.552870035171509,2.081810712814331,2.020052909851074,2.6163036823272705,2.183079481124878,0.22762128710746765,-0.4075338840484619,-0.39728599786758423,-0.40651604533195496,-0.41448432207107544,-0.41608917713165283,-0.41771960258483887,-0.41833096742630005,-0.41930270195007324,-0.4189084470272064]
[-0.42031994462013245,-0.41866976022720337,-0.4162195026874542,-0.41462716460227966,-0.3776775300502777,-0.43185773491859436,-0.3227233588695526,1.962080955505371,2.0766122341156006,2.8367950916290283,2.8630456924438477,1.8987257480621338,1.6337838172912598,1.5668197870254517,2.625141143798828,1.6156901121139526,2.5095367431640625,2.9803311824798584,2.403935194015503,-0.38608288764953613,-0.40090230107307434,-0.40466853976249695,-0.41537004709243774,-0.41492441296577454,-0.4180919826030731,-0.41871675848960876,-0.41986262798309326,-0.4183383584022522]
[-0.4203815758228302,-0.4186495542526245,-0.4177130162715912,-0.4158671796321869,-0.407881498336792,-0.3945000171661377,-0.3795638084411621,-0.33777254819869995,-0.43793168663978577,0.35549286007881165,2.1225790977478027,2.538132905960083,1.9668023586273193,-0.44371262192726135,0.9157763719558716,2.3124654293060303,2.7526440620422363,2.2330482006073,2.9834060668945312,-0.3579360842704773,-0.3983001410961151,-0.4071269631385803,-0.4145015776157379,-0.41671034693717957,-0.4189724624156952,-0.41920462250709534,-0.4202626347541809,-0.41909363865852356]
[-0.4186154901981354,-0.4176176190376282,-0.4170514643192291,-0.415958046913147,-0.41857168078422546,-0.4145647883415222,-0.41379523277282715,-0.4112184941768646,-0.375921368598938,-0.3940073847770691,2.0834169387817383,3.247814178466797,1.419293999671936,0.39945998787879944,1.3881893157958984,1.8244516849517822,2.4070451259613037,2.3348827362060547,2.9271817207336426,-0.3671742081642151,-0.3940097987651825,-0.4087781310081482,-0.4150461256504059,-0.41687020659446716,-0.4188723564147949,-0.4191035032272339,-0.4202999174594879,-0.4179578125476837]
[-0.4192140996456146,-0.41776174306869507,-0.418893039226532,-0.4163823127746582,-0.4177119731903076,-0.4143385589122772,-0.4108462631702423,-0.41009727120399475,-0.3869239091873169,-0.3856799006462097,1.3462079763412476,3.434612274169922,2.143129825592041,1.830120325088501,2.72430419921875,2.3687267303466797,2.1388113498687744,2.8112635612487793,2.0372183322906494,-0.35786348581314087,-0.39449530839920044,-0.40723609924316406,-0.41568678617477417,-0.4172723591327667,-0.41935181617736816,-0.4191216826438904,-0.41977354884147644,-0.4172431528568268]
[-0.41943615674972534,-0.41564545035362244,-0.4179287254810333,-0.4164665639400482,-0.41906407475471497,-0.41523778438568115,-0.4192790389060974,-0.4129177927970886,-0.4038085639476776,-0.42102739214897156,-0.45728132128715515,1.4123114347457886,3.0575058460235596,2.686051607131958,2.9897828102111816,2.169266700744629,1.306450605392456,2.254323959350586,1.048454761505127,-0.3693787157535553,-0.39125484228134155,-0.4086116552352905,-0.41652971506118774,-0.4184275269508362,-0.41815581917762756,-0.41799068450927734,-0.4201975464820862,-0.4175880551338196]
[-0.4196518361568451,-0.41728803515434265,-0.41815894842147827,-0.416856974363327,-0.4192682206630707,-0.4171447157859802,-0.4182581603527069,-0.4126666486263275,-0.4088462293148041,-0.4084579050540924,-0.5766897797584534,1.562035322189331,2.6270387172698975,1.7234883308410645,2.9846060276031494,1.8334828615188599,2.6125636100769043,2.0828239917755127,1.5141860246658325,-0.38065749406814575,-0.3915298283100128,-0.41162803769111633,-0.4176790118217468,-0.4183567762374878,-0.41847720742225647,-0.41815781593322754,-0.4190918803215027,-0.41730788350105286]
[-0.42094069719314575,-0.4167345464229584,-0.41771167516708374,-0.4174196422100067,-0.41901564598083496,-0.4178658723831177,-0.4188840389251709,-0.41567912697792053,-0.4110884964466095,-0.40152794122695923,-0.5149332880973816,2.1459007263183594,2.691368341445923,1.7516189813613892,3.4406585693359375,3.1709678173065186,2.8640103340148926,3.0744266510009766,1.6414930820465088,-0.3973330855369568,-0.3979758322238922,-0.4117409288883209,-0.4171312749385834,-0.4157921373844147,-0.41827255487442017,-0.4175097346305847,-0.4185004234313965,-0.41727781295776367]
[-0.4202476739883423,-0.41752317547798157,-0.41803857684135437,-0.4177824556827545,-0.4190313518047333,-0.4171157777309418,-0.41819700598716736,-0.41489875316619873,-0.41199493408203125,-0.38613903522491455,-0.4703192710876465,2.331698417663574,2.9573776721954346,2.8812484741210938,0.6475549936294556,0.6045222282409668,2.1202588081359863,3.154810905456543,2.047243595123291,-0.20780636370182037,-0.3995514214038849,-0.41016700863838196,-0.414495050907135,-0.41566354036331177,-0.41861018538475037,-0.41722628474235535,-0.4187456965446472,-0.4177989959716797]
[-0.4198349118232727,-0.4181312918663025,-0.4188477396965027,-0.41749802231788635,-0.4180324971675873,-0.415754109621048,-0.41674861311912537,-0.414946973323822,-0.3919941186904907,-0.35128384828567505,1.5179753303527832,2.272156000137329,2.4886696338653564,0.009122669696807861,-0.19337564706802368,-0.4348728656768799,1.4194711446762085,3.03841495513916,2.435800790786743,0.37324777245521545,-0.38981541991233826,-0.40654364228248596,-0.4117923974990845,-0.41518232226371765,-0.4187144935131073,-0.4175066649913788,-0.4190317392349243,-0.4181516766548157]
[-0.41878142952919006,-0.4182681739330292,-0.4180731475353241,-0.4185141921043396,-0.4180024564266205,-0.4177967309951782,-0.41420111060142517,-0.4139273166656494,-0.38635993003845215,0.29974257946014404,3.568777084350586,2.8352363109588623,0.8320935964584351,-0.4425932466983795,-0.341235876083374,-0.5650292634963989,0.2898644804954529,2.5178401470184326,2.8445210456848145,1.3858736753463745,-0.39997175335884094,-0.39865443110466003,-0.41197308897972107,-0.4145941734313965,-0.4187256693840027,-0.41778403520584106,-0.4181080460548401,-0.4195539653301239]
[-0.4204128682613373,-0.41857320070266724,-0.41819730401039124,-0.4172552525997162,-0.4168616831302643,-0.41358596086502075,-0.41021692752838135,-0.41251224279403687,0.3290952146053314,3.4382758140563965,3.3256473541259766,1.8018702268600464,-0.39402157068252563,-0.38206547498703003,-0.3967495858669281,-0.5743041038513184,0.8555415868759155,2.454850435256958,2.816107988357544,1.9524335861206055,-0.3965459167957306,-0.4006604552268982,-0.414676696062088,-0.4166449308395386,-0.4180450141429901,-0.41818374395370483,-0.41897088289260864,-0.4201571047306061]
[-0.41987791657447815,-0.4184165596961975,-0.41781869530677795,-0.4173506498336792,-0.4175463914871216,-0.41397953033447266,-0.4091185927391052,-0.4014967978000641,2.1164958477020264,2.7509493827819824,3.2129628658294678,0.4707320034503937,-0.38556110858917236,-0.3724188506603241,-0.3918459713459015,-0.1915871798992157,2.365159511566162,2.545440673828125,2.979938268661499,1.541355013847351,-0.38010373711586,-0.40396177768707275,-0.41583338379859924,-0.4182472229003906,-0.4186040163040161,-0.41817834973335266,-0.4190879464149475,-0.42058640718460083]
[-0.41891855001449585,-0.41862812638282776,-0.4183882474899292,-0.41699013113975525,-0.4171459674835205,-0.41199791431427,-0.4048859477043152,-0.40823519229888916,2.161569118499756,2.8161187171936035,2.707016944885254,1.0251370668411255,-0.37229064106941223,-0.27917444705963135,0.7211118936538696,2.1339714527130127,2.6923532485961914,2.7032222747802734,2.4673640727996826,0.2635343074798584,-0.39141061902046204,-0.40837985277175903,-0.4179103374481201,-0.4181779623031616,-0.41988396644592285,-0.4194023311138153,-0.4189528524875641,-0.4195825755596161]
[-0.41991209983825684,-0.4187666177749634,-0.41823941469192505,-0.41672074794769287,-0.41603270173072815,-0.41394320130348206,-0.40473344922065735,-0.4112025499343872,2.386337995529175,2.9023468494415283,2.5956966876983643,0.9183574914932251,0.415628045797348,1.8999969959259033,2.7784688472747803,2.9272758960723877,3.2415432929992676,2.371168375015259,1.3958663940429688,-0.3385409414768219,-0.39921197295188904,-0.41298148036003113,-0.41794583201408386,-0.42003297805786133,-0.41976115107536316,-0.41890886425971985,-0.42014604806900024,-0.4200347363948822]
[-0.420240193605423,-0.41671183705329895,-0.4170474708080292,-0.4162675142288208,-0.4162529408931732,-0.41449421644210815,-0.4115925431251526,-0.4019000232219696,2.0160908699035645,2.6434264183044434,2.201955795288086,2.888339042663574,1.6750214099884033,1.4514524936676025,3.4155690670013428,3.0071980953216553,2.5093255043029785,0.8307242393493652,-0.3660770058631897,-0.3864187002182007,-0.4103585183620453,-0.41422587633132935,-0.41833293437957764,-0.41903647780418396,-0.41961076855659485,-0.41821804642677307,-0.4200558364391327,-0.4197426438331604]
[-0.41881394386291504,-0.4182004928588867,-0.4178115129470825,-0.41732341051101685,-0.4161261022090912,-0.41341423988342285,-0.4113818407058716,-0.3886813819408417,-0.5814345479011536,2.7892985343933105,3.601189613342285,2.7267165184020996,1.8709577322006226,3.3373818397521973,2.7962756156921387,1.0814520120620728,-0.33345791697502136,-0.4130055010318756,-0.40022698044776917,-0.40408557653427124,-0.4096851646900177,-0.4168110489845276,-0.4206043481826782,-0.4201714098453522,-0.4195384085178375,-0.41782256960868835,-0.41953393816947937,-0.41906285285949707]
[-0.41863885521888733,-0.4169888496398926,-0.4176006317138672,-0.4172903299331665,-0.41981491446495056,-0.4156956970691681,-0.4135712683200836,-0.38644275069236755,-0.334373414516449,-0.49533843994140625,0.470249742269516,1.3301029205322266,1.8760179281234741,-0.1766999363899231,-0.3097863793373108,-0.3888634741306305,-0.41613665223121643,-0.4083694517612457,-0.4071044325828552,-0.4048002362251282,-0.4142453670501709,-0.4152049422264099,-0.4189400374889374,-0.41751542687416077,-0.41924434900283813,-0.4172549247741699,-0.41984620690345764,-0.4194020628929138]
[-0.42094478011131287,-0.41722583770751953,-0.41948622465133667,-0.4186813235282898,-0.4227108061313629,-0.41767171025276184,-0.4184858798980713,-0.39719998836517334,-0.38402533531188965,-0.36014747619628906,-0.5183148384094238,-0.6628878116607666,-0.4608075022697449,-0.2768997550010681,-0.3922242522239685,-0.40472856163978577,-0.3999122083187103,-0.4020022451877594,-0.41419151425361633,-0.4121856093406677,-0.4144675135612488,-0.4160822331905365,-0.41827479004859924,-0.4190073013305664,-0.4193619191646576,-0.4186030626296997,-0.4198368787765503,-0.4201616942882538]
[-0.4218154549598694,-0.41917961835861206,-0.42052915692329407,-0.4185502827167511,-0.42425107955932617,-0.4211036264896393,-0.4168378710746765,-0.4071265459060669,-0.42636722326278687,-0.3910781145095825,-0.4286162257194519,-0.4106270968914032,-0.3929257094860077,-0.38704913854599,-0.4075677990913391,-0.40063777565956116,-0.40359780192375183,-0.41026705503463745,-0.419312447309494,-0.414144903421402,-0.41436803340911865,-0.41388192772865295,-0.4178410768508911,-0.41716405749320984,-0.41821131110191345,-0.4161510169506073,-0.4184679090976715,-0.4183102250099182]
[-0.4188205897808075,-0.4216255843639374,-0.41990065574645996,-0.41939374804496765,-0.42333415150642395,-0.42188674211502075,-0.4195897877216339,-0.4165882170200348,-0.4148423671722412,-0.40155336260795593,-0.40713435411453247,-0.40384915471076965,-0.3969406485557556,-0.41195952892303467,-0.40346795320510864,-0.40536901354789734,-0.4098239243030548,-0.4118387699127197,-0.4195093512535095,-0.4183295965194702,-0.4168911576271057,-0.4174158275127411,-0.4179621934890747,-0.418052613735199,-0.4200423061847687,-0.4184817969799042,-0.4189821481704712,-0.4190068542957306]
