[-0.41755643486976624,-0.4187774956226349,-0.4191160202026367,-0.41896408796310425,-0.41995447874069214,-0.41932234168052673,-0.4197559058666229,-0.41898733377456665,-0.4220147728919983,-0.4204750657081604,-0.42122939229011536,-0.4204292595386505,-0.42218804359436035,-0.4189748167991638,-0.42205098271369934,-0.4193696677684784,-0.4240732192993164,-0.42049869894981384,-0.4230785667896271,-0.4212086796760559,-0.41881752014160156,-0.416000097990036,-0.4155559241771698,-0.41476869583129883,-0.40958690643310547,-0.40984541177749634,-0.4169986844062805,-0.41124361753463745]
[-0.4207421541213989,-0.42037874460220337,-0.419750452041626,-0.41900089383125305,-0.4202418625354767,-0.41932541131973267,-0.41905030608177185,-0.41803598403930664,-0.4200747013092041,-0.42023587226867676,-0.41973012685775757,-0.41787099838256836,-0.4207787811756134,-0.41750526428222656,-0.41893428564071655,-0.417975515127182,-0.42628201842308044,-0.4198448956012726,-0.41780078411102295,-0.41843217611312866,-0.4161708354949951,-0.4133669435977936,-0.41561222076416016,-0.4147753417491913,-0.40911927819252014,-0.40901532769203186,-0.40843090415000916,-0.4113352596759796]
[-0.421455442905426,-0.4208269417285919,-0.42078453302383423,-0.4195762276649475,-0.42075154185295105,-0.41981542110443115,-0.4198979139328003,-0.4185267686843872,-0.42105188965797424,-0.4195227324962616,-0.42004668712615967,-0.42091473937034607,-0.4197051227092743,-0.4201851189136505,-0.415274053812027,-0.41781458258628845,-0.42742693424224854,-0.4271142780780792,-0.4162065386772156,-0.4229205846786499,-0.41371726989746094,-0.413231760263443,-0.416162371635437,-0.41481754183769226,-0.41884005069732666,-0.41467463970184326,-0.4170604944229126,-0.4163951873779297]
[-0.4211331307888031,-0.4201491177082062,-0.42105454206466675,-0.41970327496528625,-0.42103883624076843,-0.4196290373802185,-0.4198755621910095,-0.4185945987701416,-0.4215678870677948,-0.42053747177124023,-0.4210590124130249,-0.42035502195358276,-0.41982024908065796,-0.4120093286037445,-0.41064977645874023,-0.47506284713745117,-0.47650766372680664,-0.47552040219306946,-0.43934571743011475,-0.4159768521785736,-0.4003625810146332,-0.40642473101615906,-0.40736740827560425,-0.4141845703125,-0.4169568717479706,-0.41630223393440247,-0.4176967144012451,-0.4186336100101471]
[-0.4209343492984772,-0.42027226090431213,-0.4205322563648224,-0.41891735792160034,-0.42020729184150696,-0.41866445541381836,-0.42038729786872864,-0.41773688793182373,-0.41950613260269165,-0.41765958070755005,-0.4102703928947449,-0.41236767172813416,-0.4292472302913666,-0.4002475142478943,-0.2548820376396179,1.2753760814666748,1.222203254699707,1.471495270729065,0.2453623116016388,-0.31696686148643494,-0.3794804513454437,-0.4019204080104828,-0.4102102518081665,-0.4007258415222168,-0.41424810886383057,-0.4135313034057617,-0.41722777485847473,-0.4176182448863983]
[-0.4211162328720093,-0.4201471507549286,-0.4202326834201813,-0.4192716181278229,-0.4199662506580353,-0.41887393593788147,-0.41973620653152466,-0.4177333116531372,-0.41778624057769775,-0.4129938781261444,-0.3953949511051178,-0.3618280291557312,0.45802202820777893,1.8191405534744263,2.747619390487671,2.735452651977539,3.187039613723755,3.2365334033966064,2.431248426437378,2.1449568271636963,1.1956712007522583,0.7286306619644165,-0.39446765184402466,-0.38718119263648987,-0.40465793013572693,-0.41126561164855957,-0.4161151647567749,-0.4172835648059845]
[-0.4214046597480774,-0.41956785321235657,-0.41976672410964966,-0.419232040643692,-0.41936826705932617,-0.419040709733963,-0.41919270157814026,-0.41694021224975586,-0.41371163725852966,-0.3944562077522278,-0.16615179181098938,1.7254751920700073,3.2763993740081787,3.2007052898406982,2.7739171981811523,2.7303802967071533,3.1569924354553223,2.8299121856689453,2.9503445625305176,3.00758695602417,3.0182044506073,2.320722818374634,0.9309558868408203,-0.39128756523132324,-0.4057561457157135,-0.4132872521877289,-0.4193662106990814,-0.4186572730541229]
[-0.4211963415145874,-0.4198850989341736,-0.42082902789115906,-0.4200621545314789,-0.41979503631591797,-0.41824495792388916,-0.4181951582431793,-0.4157746136188507,-0.4022522270679474,-0.2005276083946228,2.377883195877075,2.608290910720825,2.5774457454681396,2.7677552700042725,1.7844611406326294,0.8493340015411377,0.7059637308120728,1.1938254833221436,1.6858000755310059,2.689096689224243,2.9236254692077637,2.379812479019165,1.838307499885559,-0.3932088315486908,-0.4045579731464386,-0.40864527225494385,-0.4187765121459961,-0.4186999201774597]
[-0.4204598069190979,-0.42015302181243896,-0.4210452139377594,-0.4194287955760956,-0.4190727174282074,-0.4166434705257416,-0.4156196117401123,-0.41518956422805786,-0.41738182306289673,1.2714123725891113,2.697174072265625,2.0547962188720703,2.0502662658691406,1.701931357383728,-0.28459057211875916,-0.40605825185775757,-0.40425965189933777,-0.39461323618888855,0.15617111325263977,2.3117904663085938,2.5070319175720215,2.49630069732666,1.9141454696655273,-0.37866294384002686,-0.40821573138237,-0.40906885266304016,-0.41789498925209045,-0.41804102063179016]
[-0.4211465120315552,-0.4203440546989441,-0.4214770793914795,-0.41985270380973816,-0.41930052638053894,-0.4173939526081085,-0.41432926058769226,-0.41268014907836914,-0.24883310496807098,2.0341238975524902,2.4471309185028076,2.719003200531006,1.9267997741699219,-0.27235227823257446,-0.37427207827568054,-0.40052053332328796,-0.40365922451019287,-0.4014720320701599,-0.46591758728027344,1.0492348670959473,2.4717681407928467,2.6538283824920654,2.6078274250030518,-0.15365536510944366,-0.4101611077785492,-0.4081660807132721,-0.4167216122150421,-0.4180269241333008]
[-0.42062467336654663,-0.41824713349342346,-0.42007169127464294,-0.4194176197052002,-0.41862085461616516,-0.4166093170642853,-0.4118320345878601,-0.41576117277145386,0.7704367637634277,2.5900352001190186,2.6684255599975586,2.190006971359253,0.49214968085289,-0.47330909967422485,-0.3945527970790863,-0.396058589220047,-0.45119553804397583,-0.45798614621162415,-0.35744354128837585,1.3309669494628906,2.0462441444396973,2.5421485900878906,2.1823272705078125,-0.34215617179870605,-0.40213143825531006,-0.4143024682998657,-0.41686713695526123,-0.4183562099933624]
[-0.41910868883132935,-0.41824907064437866,-0.4189072847366333,-0.4191950261592865,-0.4193195402622223,-0.41597822308540344,-0.4101932644844055,-0.4099743664264679,1.2448046207427979,2.6864969730377197,2.7442758083343506,2.1931073665618896,0.7050280570983887,-0.08113826811313629,-0.4133283495903015,-0.34642547369003296,-0.04173382371664047,1.157821536064148,1.7328959703445435,2.708475351333618,3.1577982902526855,2.7005863189697266,-0.28725963830947876,-0.3916018307209015,-0.40078938007354736,-0.41088542342185974,-0.41730767488479614,-0.4188963770866394]
[-0.4193343222141266,-0.41838979721069336,-0.4191407859325409,-0.4184392988681793,-0.41776347160339355,-0.4143577516078949,-0.40546369552612305,-0.3958047926425934,1.7774584293365479,2.7933008670806885,2.9020087718963623,2.4013001918792725,1.7345842123031616,1.3441762924194336,1.0225812196731567,1.498793125152588,2.285602331161499,3.2422409057617188,2.7967474460601807,3.0321385860443115,3.468283176422119,2.181133508682251,-0.3921206593513489,-0.3930807411670685,-0.40483978390693665,-0.4137069284915924,-0.4182523488998413,-0.41849958896636963]
[-0.41907501220703125,-0.4188871383666992,-0.4186365008354187,-0.41838350892066956,-0.4171614348888397,-0.4134105145931244,-0.40560224652290344,-0.3954220116138458,2.2220873832702637,2.6823582649230957,2.619868755340576,1.216135859489441,-0.03567515313625336,-0.18406426906585693,0.9494849443435669,1.464841365814209,1.4911386966705322,2.0599734783172607,2.3648180961608887,2.917739152908325,3.2614426612854004,0.8185834884643555,-0.40171775221824646,-0.3930266201496124,-0.4084969758987427,-0.4143866300582886,-0.4187275171279907,-0.41799652576446533]
[-0.4197362959384918,-0.41924211382865906,-0.4195878505706787,-0.417847216129303,-0.4166506230831146,-0.41377487778663635,-0.40432918071746826,-0.3857780396938324,2.2789053916931152,2.3107950687408447,2.440976858139038,0.5468494892120361,-0.4483362138271332,-0.5075328350067139,-0.4123503267765045,-0.38848215341567993,-0.02112577110528946,1.8281997442245483,2.38714861869812,2.976557493209839,3.137910842895508,1.693796992301941,-0.40175002813339233,-0.3948003947734833,-0.41283106803894043,-0.4186011552810669,-0.42010316252708435,-0.4193313419818878]
[-0.4207633137702942,-0.41901132464408875,-0.41868987679481506,-0.4193401336669922,-0.4167987108230591,-0.4149998128414154,-0.4052291512489319,-0.38778918981552124,2.337651491165161,2.6016829013824463,2.3600516319274902,-0.35644644498825073,-0.4124661087989807,-0.41390493512153625,-0.42610740661621094,-0.404494047164917,-0.2933787405490875,0.8548333644866943,2.0050911903381348,2.904069185256958,3.2446582317352295,1.9458403587341309,-0.3972499966621399,-0.4052749574184418,-0.4140605926513672,-0.41901782155036926,-0.4194829761981964,-0.41821029782295227]
[-0.4202994406223297,-0.41935327649116516,-0.41885167360305786,-0.418937087059021,-0.41679584980010986,-0.41360530257225037,-0.39468926191329956,-0.13515257835388184,2.603599786758423,2.41934871673584,1.657808780670166,-0.3840535879135132,-0.3963450789451599,-0.41569000482559204,-0.42069438099861145,-0.4141033887863159,-0.43521466851234436,0.8561732769012451,1.8176333904266357,2.77431058883667,3.0300452709198,0.7685809135437012,-0.397325336933136,-0.4044598340988159,-0.41675475239753723,-0.4177711308002472,-0.420394629240036,-0.4190465807914734]
[-0.4205522835254669,-0.41957902908325195,-0.4184666574001312,-0.4177037179470062,-0.4172098934650421,-0.41449347138404846,-0.4176405966281891,0.7945020198822021,3.41298770904541,2.5108911991119385,0.9723925590515137,-0.39389768242836,-0.40301617980003357,-0.4149070680141449,-0.41846343874931335,-0.4040917158126831,-0.4123776853084564,1.2021924257278442,2.7581820487976074,3.1291940212249756,2.9084341526031494,-0.3112608790397644,-0.39650958776474,-0.4102444350719452,-0.4160027801990509,-0.41735419631004333,-0.4198741912841797,-0.41989850997924805]
[-0.42060843110084534,-0.4190099537372589,-0.41826507449150085,-0.4185614287853241,-0.41618654131889343,-0.4135492444038391,-0.4128763973712921,1.1555225849151611,3.53354811668396,2.269674777984619,0.5918818712234497,-0.39748862385749817,-0.39996805787086487,-0.4145984649658203,-0.42186954617500305,-0.41156476736068726,-0.2624169886112213,2.235480785369873,2.6308281421661377,3.2240257263183594,1.9257264137268066,-0.35985463857650757,-0.40231186151504517,-0.41122785210609436,-0.41762953996658325,-0.41879820823669434,-0.4205649495124817,-0.41999536752700806]
[-0.4204069674015045,-0.4191114604473114,-0.41851407289505005,-0.4181980490684509,-0.4168005585670471,-0.41304951906204224,-0.3979759216308594,0.4627968370914459,2.7962045669555664,2.2306628227233887,0.7903242111206055,-0.40923622250556946,-0.4057590961456299,-0.41528722643852234,-0.40595924854278564,-0.24519316852092743,1.9308815002441406,2.666766881942749,2.5226058959960938,2.596249580383301,0.5210534334182739,-0.3870968222618103,-0.40574297308921814,-0.41469699144363403,-0.4185561537742615,-0.4181689918041229,-0.41992267966270447,-0.4203404188156128]
[-0.4194277822971344,-0.41896381974220276,-0.41931062936782837,-0.4171193540096283,-0.41527479887008667,-0.4135662615299225,-0.3808844983577728,-0.32983553409576416,2.217275857925415,3.2670488357543945,1.3890568017959595,-0.4161621928215027,-0.44743648171424866,-0.45784419775009155,-0.18326640129089355,1.5008454322814941,2.4977543354034424,2.590735673904419,2.593013048171997,0.9119995832443237,-0.38857677578926086,-0.3972606956958771,-0.41055479645729065,-0.4128488004207611,-0.41861075162887573,-0.4195690155029297,-0.4204905927181244,-0.41942715644836426]
[-0.4188500940799713,-0.41848868131637573,-0.42004337906837463,-0.4181811511516571,-0.41755154728889465,-0.4153895378112793,-0.3900017738342285,-0.393086701631546,1.3225640058517456,3.2079596519470215,3.029033660888672,1.821461796760559,0.7379324436187744,1.4320340156555176,2.240339994430542,2.121171712875366,2.2604668140411377,2.3703041076660156,1.7506722211837769,-0.32392364740371704,-0.4100441336631775,-0.40713009238243103,-0.4143805205821991,-0.4150591492652893,-0.4182535409927368,-0.41841554641723633,-0.419910728931427,-0.4194895625114441]
[-0.41987818479537964,-0.4182329773902893,-0.41866669058799744,-0.4176366627216339,-0.41658443212509155,-0.4138021469116211,-0.4088793992996216,-0.4140269458293915,-0.4081549644470215,0.774571418762207,2.2703044414520264,3.4012887477874756,3.0487310886383057,2.6040520668029785,2.7051942348480225,3.238438129425049,2.6902506351470947,1.7339122295379639,-0.33749693632125854,-0.3914453983306885,-0.4101387560367584,-0.4134696125984192,-0.4174317717552185,-0.41672706604003906,-0.41847655177116394,-0.4177868068218231,-0.41992342472076416,-0.41809576749801636]
[-0.41924744844436646,-0.4181901812553406,-0.42006033658981323,-0.4193113446235657,-0.41961076855659485,-0.41709375381469727,-0.41169214248657227,-0.41305243968963623,-0.41305696964263916,-0.37833550572395325,0.05518545210361481,1.4761719703674316,2.4886281490325928,3.3732292652130127,2.8028392791748047,2.380812644958496,0.1620957851409912,-0.4059029519557953,-0.39180782437324524,-0.4021098017692566,-0.41045838594436646,-0.4154461920261383,-0.4191323220729828,-0.4173358380794525,-0.4179529547691345,-0.4183783531188965,-0.4195360243320465,-0.41759586334228516]
[-0.41920986771583557,-0.4171830713748932,-0.41950005292892456,-0.4183804392814636,-0.41840046644210815,-0.41783663630485535,-0.41315045952796936,-0.41037121415138245,-0.40868598222732544,-0.39900413155555725,-0.5593520402908325,-0.30378320813179016,0.9285478591918945,0.47249671816825867,0.3196116089820862,-0.384935200214386,-0.40951240062713623,-0.4139374792575836,-0.4057106077671051,-0.4044860899448395,-0.41495126485824585,-0.4154534339904785,-0.4189267158508301,-0.417646199464798,-0.41791030764579773,-0.41718921065330505,-0.42015573382377625,-0.4187436103820801]
[-0.4193306267261505,-0.4185457229614258,-0.4200499951839447,-0.41968834400177,-0.4201551377773285,-0.41925033926963806,-0.41691622138023376,-0.41352391242980957,-0.399821013212204,-0.4049161970615387,-0.43588441610336304,-0.5184814929962158,-0.3750569820404053,-0.2909212112426758,-0.3673056960105896,-0.387864887714386,-0.39798957109451294,-0.4030310809612274,-0.4150649309158325,-0.4144805669784546,-0.4157221019268036,-0.41723957657814026,-0.41804659366607666,-0.4185265898704529,-0.4181593060493469,-0.418120414018631,-0.41963908076286316,-0.41931551694869995]
[-0.4200497269630432,-0.4172630310058594,-0.4199574589729309,-0.41890498995780945,-0.4209505021572113,-0.4182417690753937,-0.4145125150680542,-0.4155680537223816,-0.4180254638195038,-0.4110894203186035,-0.416413813829422,-0.4319433569908142,-0.39569205045700073,-0.37505394220352173,-0.4013768136501312,-0.39764419198036194,-0.40026581287384033,-0.40759676694869995,-0.42068320512771606,-0.41654548048973083,-0.41615504026412964,-0.4164981245994568,-0.41752907633781433,-0.4182628393173218,-0.41825464367866516,-0.41689062118530273,-0.4186677634716034,-0.41727009415626526]
[-0.4209998548030853,-0.4198739230632782,-0.42106273770332336,-0.42020106315612793,-0.4231310188770294,-0.41929924488067627,-0.41617336869239807,-0.41988542675971985,-0.41938188672065735,-0.41169291734695435,-0.4133754074573517,-0.4130413234233856,-0.3966083824634552,-0.4091995060443878,-0.4056786000728607,-0.40485498309135437,-0.4106414318084717,-0.41167935729026794,-0.41740110516548157,-0.41289061307907104,-0.4142273962497711,-0.41554832458496094,-0.41574716567993164,-0.4184015691280365,-0.41861477494239807,-0.41827210783958435,-0.4184480309486389,-0.4160408079624176]
