[0.6138083934783936,1.1893141269683838,0.8201806545257568,1.3297147750854492,-0.10524106025695801,-0.41557323932647705,-0.4160687029361725,-0.41632789373397827,-0.4212087094783783,-0.4182063341140747,-0.4184730648994446,-0.4158700704574585,-0.4181758761405945,-0.4154607355594635,-0.41536346077919006,-0.4139973223209381,-0.41706711053848267,-0.41701173782348633,-0.4193550646305084,-0.4174380600452423,-0.42111700773239136,-0.4192006289958954,-0.4228734076023102,-0.4196995198726654,-0.4231966733932495,-0.4182787239551544,-0.41996699571609497,-0.416777104139328]
[0.021539628505706787,0.45305952429771423,0.9381579160690308,-0.2071501463651657,-0.3932926058769226,-0.41204634308815,-0.41528797149658203,-0.4166889488697052,-0.41810664534568787,-0.41652944684028625,-0.41714373230934143,-0.4146728217601776,-0.41645026206970215,-0.4140459895133972,-0.4142155051231384,-0.413014680147171,-0.4157091975212097,-0.4142582416534424,-0.4173877537250519,-0.4126698672771454,-0.417529821395874,-0.4154052734375,-0.4198194444179535,-0.4165942370891571,-0.42085614800453186,-0.4189884662628174,-0.42170101404190063,-0.4207126200199127]
[0.025036826729774475,1.1128407716751099,1.393048882484436,-0.36300423741340637,-0.41107887029647827,-0.4111926555633545,-0.41863229870796204,-0.41780000925064087,-0.41983410716056824,-0.41763198375701904,-0.4174002408981323,-0.41474616527557373,-0.4130374491214752,-0.41214823722839355,-0.41087135672569275,-0.4102605879306793,-0.4156799018383026,-0.41079339385032654,-0.41875773668289185,-0.41433435678482056,-0.41656357049942017,-0.41646265983581543,-0.4161808490753174,-0.4167710542678833,-0.418344110250473,-0.4188493490219116,-0.4197937250137329,-0.4200969338417053]
[0.2615811824798584,1.1283079385757446,0.6122623682022095,-0.39370402693748474,-0.4164183437824249,-0.41229814291000366,-0.4184742271900177,-0.4174765646457672,-0.42012226581573486,-0.4181126356124878,-0.4196076989173889,-0.41681939363479614,-0.4117094576358795,-0.4133985638618469,-0.4105015695095062,-0.41200897097587585,-0.41808968782424927,-0.4165430963039398,-0.42015179991722107,-0.41643327474594116,-0.41636529564857483,-0.4160922169685364,-0.41783636808395386,-0.4175060987472534,-0.41953638195991516,-0.41918954253196716,-0.4204041063785553,-0.4198426902294159]
[-0.17306047677993774,-0.366305410861969,-0.41436463594436646,-0.4076354503631592,-0.4141424298286438,-0.4113208055496216,-0.4184858202934265,-0.416208952665329,-0.4199388027191162,-0.41701817512512207,-0.41404956579208374,-0.4129560887813568,-0.41134753823280334,-0.4085577130317688,-0.4091823101043701,-0.4059068262577057,-0.41676968336105347,-0.41078510880470276,-0.41433897614479065,-0.4141651391983032,-0.4146748483181,-0.41448575258255005,-0.4163297414779663,-0.4152475893497467,-0.4183894991874695,-0.4188807010650635,-0.4209824800491333,-0.4209090769290924]
[-0.4198322594165802,-0.4131981432437897,-0.4120493233203888,-0.41158849000930786,-0.4166682958602905,-0.4151884913444519,-0.4169304072856903,-0.4211885631084442,-0.4254825711250305,-0.42232659459114075,-0.41640380024909973,-0.4135324954986572,-0.4075871407985687,-0.4154447913169861,-0.4082023799419403,-0.39933809638023376,-0.40661129355430603,-0.40695998072624207,-0.4179379642009735,-0.415475070476532,-0.41458168625831604,-0.4145863652229309,-0.41798141598701477,-0.41549593210220337,-0.41859328746795654,-0.41878578066825867,-0.42021042108535767,-0.42071297764778137]
[-0.4156535565853119,-0.4133203327655792,-0.41447383165359497,-0.41343995928764343,-0.41680628061294556,-0.41545501351356506,-0.4330446124076843,-0.309810996055603,-0.32632362842559814,-0.26764076948165894,-0.3265606760978699,-0.3049961030483246,-0.3418627977371216,-0.32179898023605347,-0.39682942628860474,-0.3597431182861328,-0.3971821665763855,-0.4054877758026123,-0.41366615891456604,-0.4159543514251709,-0.4150102436542511,-0.4149479866027832,-0.41704025864601135,-0.4136723577976227,-0.41756802797317505,-0.4183250963687897,-0.4203738868236542,-0.42120975255966187]
[-0.41570812463760376,-0.41321614384651184,-0.41424626111984253,-0.41539424657821655,-0.41639208793640137,-0.4125208854675293,-0.13166475296020508,2.0783910751342773,2.004910945892334,2.350335121154785,2.1140565872192383,1.5757156610488892,1.4467891454696655,1.8226330280303955,0.6653710603713989,1.1978422403335571,-0.2900850176811218,-0.3910360038280487,-0.4086325168609619,-0.4120570719242096,-0.4151855707168579,-0.412550687789917,-0.41898658871650696,-0.4167584478855133,-0.4196726083755493,-0.4194950461387634,-0.42068225145339966,-0.4210823178291321]
[-0.4178955554962158,-0.41388648748397827,-0.4140201210975647,-0.4160250127315521,-0.41673263907432556,-0.4130042791366577,-0.011122867465019226,2.6937742233276367,2.680910110473633,3.269244909286499,2.7187273502349854,2.3203635215759277,2.4406938552856445,2.227173089981079,3.149385452270508,3.179337501525879,1.7467303276062012,-0.21002289652824402,-0.38212504982948303,-0.4058152139186859,-0.4066111147403717,-0.41163504123687744,-0.41742610931396484,-0.4174708127975464,-0.41753852367401123,-0.418677419424057,-0.42041704058647156,-0.42089658975601196]
[-0.4182245433330536,-0.41673582792282104,-0.41550779342651367,-0.4159531891345978,-0.41744813323020935,-0.41131943464279175,-0.27523115277290344,2.347935676574707,3.1207053661346436,2.254124164581299,2.365156650543213,2.4563634395599365,2.554703950881958,1.2072616815567017,1.0385791063308716,2.116325616836548,1.717300295829773,2.0333616733551025,-0.4126611053943634,-0.3954688310623169,-0.399065226316452,-0.4095360040664673,-0.41886863112449646,-0.4163995385169983,-0.41771963238716125,-0.4188423454761505,-0.4201078712940216,-0.42091673612594604]
[-0.41882961988449097,-0.41744810342788696,-0.4180217683315277,-0.4156005084514618,-0.4170278012752533,-0.41270869970321655,-0.36202919483184814,1.1486122608184814,2.52286958694458,2.493983268737793,2.4508166313171387,2.333312749862671,1.331178069114685,-0.32956773042678833,-0.4311774969100952,-0.07047928869724274,1.037916660308838,2.574897050857544,1.9439308643341064,-0.40328994393348694,-0.40177151560783386,-0.40963149070739746,-0.41661474108695984,-0.4158131182193756,-0.41885384917259216,-0.41873061656951904,-0.420514315366745,-0.4204358756542206]
[-0.4185231328010559,-0.41819971799850464,-0.419092059135437,-0.417380690574646,-0.4168173670768738,-0.41428759694099426,-0.4058653712272644,0.23976603150367737,1.1062434911727905,1.7937191724777222,0.5783817768096924,-0.24144385755062103,-0.386148065328598,-0.3925381600856781,-0.38136714696884155,-0.48573988676071167,1.2926554679870605,2.525014638900757,2.1606802940368652,-0.36643147468566895,-0.3979576528072357,-0.40961289405822754,-0.41499724984169006,-0.41599777340888977,-0.41886019706726074,-0.41893908381462097,-0.4198029041290283,-0.4208388328552246]
[-0.41858169436454773,-0.4183705449104309,-0.41818708181381226,-0.4172588586807251,-0.4176013171672821,-0.4169023633003235,-0.4090275764465332,-0.4036479592323303,-0.42227062582969666,-0.39833587408065796,-0.4402252733707428,-0.4077048897743225,-0.41418299078941345,-0.4138660430908203,-0.319643497467041,-0.5663700103759766,1.5150381326675415,3.0689101219177246,0.861438512802124,-0.3538051247596741,-0.3946908414363861,-0.40670064091682434,-0.415594220161438,-0.41615617275238037,-0.41823023557662964,-0.41783666610717773,-0.42023414373397827,-0.42002132534980774]
[-0.4194621741771698,-0.41720718145370483,-0.41771504282951355,-0.41760632395744324,-0.4173862636089325,-0.4167163372039795,-0.4080463945865631,-0.41276946663856506,-0.40418463945388794,-0.3984314501285553,-0.41920697689056396,-0.40921297669410706,-0.42420995235443115,-0.41388118267059326,-0.3133542537689209,-0.5730642080307007,2.4604597091674805,2.48960542678833,-0.3579322099685669,-0.36679941415786743,-0.39869943261146545,-0.4099358916282654,-0.4177747666835785,-0.417132169008255,-0.4190460741519928,-0.41841962933540344,-0.42141687870025635,-0.42102038860321045]
[-0.42017224431037903,-0.4185386002063751,-0.4179653525352478,-0.4180554449558258,-0.41857877373695374,-0.41552942991256714,-0.4161893427371979,-0.41064175963401794,-0.40931421518325806,-0.402628093957901,-0.4175644814968109,-0.410098135471344,-0.4139799475669861,-0.42532482743263245,-0.42214107513427734,2.200629711151123,3.3267757892608643,2.04874587059021,-0.3104175329208374,-0.3889845907688141,-0.4035814702510834,-0.41179701685905457,-0.41568490862846375,-0.41712069511413574,-0.41923803091049194,-0.41883307695388794,-0.42163580656051636,-0.42104315757751465]
[-0.42073583602905273,-0.4196527302265167,-0.4191884994506836,-0.418254554271698,-0.4182577133178711,-0.4182308316230774,-0.4155391752719879,-0.41407012939453125,-0.4105978012084961,-0.4080144166946411,-0.36654990911483765,-0.40715324878692627,-0.4215947389602661,-0.34400293231010437,-0.08949245512485504,2.26468563079834,2.6952152252197266,1.508500099182129,-0.373313307762146,-0.40092962980270386,-0.40718623995780945,-0.41294217109680176,-0.41771137714385986,-0.41646063327789307,-0.419015109539032,-0.4183691740036011,-0.4214647710323334,-0.4212990701198578]
[-0.42123857140541077,-0.4198651611804962,-0.41809704899787903,-0.4184496998786926,-0.41914820671081543,-0.4152853488922119,-0.41665107011795044,-0.40905365347862244,-0.38066089153289795,1.1781184673309326,1.228397011756897,-0.08984078466892242,1.4669270515441895,0.16380098462104797,2.2861249446868896,2.3524444103240967,1.9159862995147705,-0.3062058091163635,-0.3931693434715271,-0.40390926599502563,-0.4139367640018463,-0.41371309757232666,-0.4172314703464508,-0.4163047671318054,-0.4182140529155731,-0.41853418946266174,-0.4210432171821594,-0.42111727595329285]
[-0.4207809269428253,-0.4199901223182678,-0.41967710852622986,-0.4174872040748596,-0.4193946421146393,-0.41713517904281616,-0.4153387248516083,-0.40669170022010803,-0.26496294140815735,2.3951852321624756,2.4674313068389893,2.011913299560547,3.2306571006774902,0.9514708518981934,3.0152294635772705,1.8005059957504272,0.8717207908630371,-0.354450523853302,-0.4017285108566284,-0.4091044068336487,-0.4168693721294403,-0.4153432846069336,-0.41919925808906555,-0.41761574149131775,-0.41896241903305054,-0.41959935426712036,-0.42141997814178467,-0.42052602767944336]
[-0.42020395398139954,-0.4197245240211487,-0.42035213112831116,-0.41873225569725037,-0.41845014691352844,-0.4168908894062042,-0.41557374596595764,-0.4085066020488739,-0.392975777387619,1.6419929265975952,2.5974068641662598,2.969735860824585,1.9885594844818115,0.6818523406982422,2.2165651321411133,1.0439945459365845,-0.37657132744789124,-0.40384942293167114,-0.4147188067436218,-0.41332146525382996,-0.417814701795578,-0.41593900322914124,-0.41960400342941284,-0.41856035590171814,-0.41902464628219604,-0.4196144640445709,-0.4210052192211151,-0.4209265112876892]
[-0.42059391736984253,-0.4185658097267151,-0.42047420144081116,-0.41901469230651855,-0.4194469749927521,-0.4180106222629547,-0.4177112579345703,-0.40755289793014526,-0.4249035120010376,0.611528754234314,2.3268520832061768,2.760828971862793,1.409801721572876,1.4346987009048462,-0.2979532778263092,-0.35671693086624146,-0.41753843426704407,-0.40511322021484375,-0.4166943430900574,-0.41533994674682617,-0.41919004917144775,-0.417402982711792,-0.4196886718273163,-0.41838982701301575,-0.41953712701797485,-0.4195980131626129,-0.4209883511066437,-0.42026692628860474]
[-0.42032989859580994,-0.419714093208313,-0.4200339615345001,-0.41856062412261963,-0.41862186789512634,-0.41576895117759705,-0.41752785444259644,-0.4097704291343689,-0.4108332693576813,-0.38689109683036804,1.7787100076675415,2.9058473110198975,1.6565332412719727,1.3866193294525146,-0.36003994941711426,-0.3742176294326782,-0.40567341446876526,-0.4010676443576813,-0.4143432080745697,-0.41709354519844055,-0.41814637184143066,-0.417595773935318,-0.4194899797439575,-0.41750773787498474,-0.4192977249622345,-0.4195500910282135,-0.4210686981678009,-0.4199730455875397]
[-0.42037293314933777,-0.4194226861000061,-0.420483261346817,-0.41944998502731323,-0.4185848832130432,-0.41656216979026794,-0.41897818446159363,-0.4111793041229248,-0.3986811935901642,-0.39972686767578125,1.178013801574707,2.5360517501831055,2.9390411376953125,2.132378339767456,1.0456817150115967,-0.385738343000412,-0.3956435024738312,-0.4110112190246582,-0.41582953929901123,-0.41776469349861145,-0.4185732901096344,-0.41798657178878784,-0.4195396900177002,-0.4185078740119934,-0.41931459307670593,-0.419101357460022,-0.4212879240512848,-0.4195955693721771]
[-0.4207249581813812,-0.41834768652915955,-0.41944214701652527,-0.41764014959335327,-0.41821831464767456,-0.41693830490112305,-0.4183654487133026,-0.4131201207637787,-0.40850046277046204,-0.40366318821907043,-0.30273014307022095,2.1549482345581055,3.235074996948242,2.470172882080078,1.4308803081512451,-0.37381160259246826,-0.39555999636650085,-0.4117946922779083,-0.4163080155849457,-0.4137394428253174,-0.4176065921783447,-0.4171733856201172,-0.41971153020858765,-0.4180672764778137,-0.4195743203163147,-0.41962164640426636,-0.41998058557510376,-0.4186245799064636]
[-0.4199678897857666,-0.4192063510417938,-0.4200174808502197,-0.4194059669971466,-0.419310063123703,-0.41738271713256836,-0.4185444712638855,-0.41666725277900696,-0.4067975878715515,-0.414570152759552,-0.19857057929039001,2.4238951206207275,1.1560497283935547,2.1651601791381836,0.7037903070449829,-0.382470965385437,-0.4028800427913666,-0.4139634668827057,-0.4166068136692047,-0.4142337441444397,-0.41848886013031006,-0.4179501533508301,-0.4192690849304199,-0.4187106192111969,-0.4201338291168213,-0.41950541734695435,-0.420241117477417,-0.4193515479564667]
[-0.4187346398830414,-0.41778355836868286,-0.4190948009490967,-0.4193741977214813,-0.4189590513706207,-0.41696682572364807,-0.41756799817085266,-0.41509494185447693,-0.4067429006099701,-0.4212917685508728,0.4826461970806122,2.401141881942749,3.0493273735046387,1.8785446882247925,-0.32800644636154175,-0.3810565769672394,-0.4027268588542938,-0.41029947996139526,-0.41270655393600464,-0.4129001200199127,-0.41850802302360535,-0.41649338603019714,-0.41876286268234253,-0.41753730177879333,-0.41895967721939087,-0.41797444224357605,-0.4198598861694336,-0.4195074439048767]
[-0.4186175465583801,-0.4182474613189697,-0.419263631105423,-0.4205358624458313,-0.4196719527244568,-0.4187801778316498,-0.4187755882740021,-0.4150388836860657,-0.4102349281311035,-0.4151378870010376,0.3986230194568634,3.8229525089263916,3.7881217002868652,-0.3550400733947754,-0.3911052644252777,-0.38074204325675964,-0.40317100286483765,-0.4107736051082611,-0.4131753444671631,-0.41463983058929443,-0.4174477458000183,-0.4174467921257019,-0.4193331003189087,-0.4181104600429535,-0.4195054769515991,-0.41872674226760864,-0.42006802558898926,-0.42025333642959595]
[-0.41965892910957336,-0.4171077609062195,-0.4192955195903778,-0.4198791980743408,-0.4193839728832245,-0.417568564414978,-0.41581806540489197,-0.41290029883384705,-0.4091916084289551,-0.4047420918941498,0.26332589983940125,1.6263115406036377,0.44286081194877625,-0.34768038988113403,-0.40119707584381104,-0.3934095501899719,-0.40507715940475464,-0.408462256193161,-0.41335320472717285,-0.4143199324607849,-0.41971662640571594,-0.41716352105140686,-0.4192115068435669,-0.4179229140281677,-0.4190577566623688,-0.4176252484321594,-0.419357031583786,-0.41933032870292664]
[-0.41732290387153625,-0.41853731870651245,-0.4200059771537781,-0.4205820858478546,-0.41977861523628235,-0.41969195008277893,-0.41919034719467163,-0.41586610674858093,-0.40659597516059875,-0.403075248003006,-0.3563815951347351,-0.2788955569267273,-0.33558136224746704,-0.3879315257072449,-0.3975542485713959,-0.4036668539047241,-0.40682119131088257,-0.4047740399837494,-0.4120553731918335,-0.41789180040359497,-0.4181846082210541,-0.4186723232269287,-0.4195895493030548,-0.417877733707428,-0.41959095001220703,-0.41791364550590515,-0.4194696843624115,-0.41887372732162476]
