[-0.4174298942089081,-0.41925764083862305,-0.4201961159706116,-0.4181141257286072,-0.4205295145511627,-0.4190306067466736,-0.4189939796924591,-0.41890817880630493,-0.4216102957725525,-0.4184809625148773,-0.4215637445449829,-0.4190944731235504,-0.422920823097229,-0.4173925220966339,-0.42180395126342773,-0.41825610399246216,-0.420055091381073,-0.41602596640586853,-0.4156345725059509,-0.408580482006073,-0.41466519236564636,-0.41858553886413574,-0.4202592074871063,-0.4168543219566345,-0.4135608971118927,-0.4118572771549225,-0.39759010076522827,-0.3832935094833374]
[-0.4191739857196808,-0.41926687955856323,-0.41977864503860474,-0.4191473424434662,-0.41988861560821533,-0.4184545874595642,-0.4180605411529541,-0.41777321696281433,-0.4187907874584198,-0.41657865047454834,-0.4177885353565216,-0.4153055250644684,-0.41777071356773376,-0.41532641649246216,-0.4165886640548706,-0.4136684238910675,-0.4186875820159912,-0.4136030375957489,-0.4146748483181,-0.4116048812866211,-0.41306614875793457,-0.4138734042644501,-0.4158936142921448,-0.4161345362663269,-0.41454100608825684,-0.41362279653549194,-0.40558212995529175,-0.402117520570755]
[-0.4191449284553528,-0.4183293282985687,-0.4193107783794403,-0.4181303083896637,-0.4194953739643097,-0.4182480275630951,-0.41949912905693054,-0.4175718128681183,-0.419473260641098,-0.41832435131073,-0.4161340296268463,-0.4171336889266968,-0.41980183124542236,-0.4205886125564575,-0.41309288144111633,-0.41174066066741943,-0.4158466160297394,-0.4156632721424103,-0.410794198513031,-0.41176918148994446,-0.41425377130508423,-0.413955420255661,-0.4130866229534149,-0.4133714735507965,-0.4131662845611572,-0.41597336530685425,-0.4147578775882721,-0.41131889820098877]
[-0.41957128047943115,-0.41884323954582214,-0.4183615744113922,-0.4177228510379791,-0.41996219754219055,-0.41839614510536194,-0.4194352328777313,-0.41801220178604126,-0.4196927845478058,-0.4175790846347809,-0.42028865218162537,-0.4183249771595001,-0.4179229140281677,-0.4053141474723816,-0.4049723148345947,-0.40825387835502625,-0.4130922853946686,-0.41522470116615295,-0.40891703963279724,-0.41130051016807556,-0.40744736790657043,-0.41135936975479126,-0.41400861740112305,-0.4139106273651123,-0.41468530893325806,-0.41598156094551086,-0.41734781861305237,-0.41632914543151855]
[-0.4201923608779907,-0.4182431399822235,-0.4178050458431244,-0.4173237085342407,-0.41891539096832275,-0.41755181550979614,-0.41835954785346985,-0.41581475734710693,-0.41731342673301697,-0.4166770875453949,-0.40720438957214355,-0.4026125967502594,-0.42341843247413635,-0.37589892745018005,-0.37512853741645813,-0.2836359441280365,-0.401769757270813,-0.28767678141593933,-0.3838347792625427,-0.3371555805206299,-0.3964167535305023,-0.40172475576400757,-0.4112599492073059,-0.4122362434864044,-0.4154661297798157,-0.4176027774810791,-0.4186667501926422,-0.4173921048641205]
[-0.4190395772457123,-0.4184548556804657,-0.4183376729488373,-0.41773393750190735,-0.4194539785385132,-0.41785961389541626,-0.41588255763053894,-0.4164622128009796,-0.4158436059951782,-0.4148826003074646,-0.4256780743598938,-0.271514356136322,1.2811840772628784,1.7539165019989014,1.8143786191940308,1.929347038269043,1.5531831979751587,1.6326699256896973,1.1749653816223145,1.0620769262313843,-0.4013468325138092,-0.39358988404273987,-0.4087531864643097,-0.4120471775531769,-0.41702210903167725,-0.4181995093822479,-0.41921722888946533,-0.41874122619628906]
[-0.41965439915657043,-0.4173871874809265,-0.4189324676990509,-0.4184000790119171,-0.4181353449821472,-0.41686928272247314,-0.41551461815834045,-0.413601279258728,-0.410221666097641,-0.2995135188102722,1.1497668027877808,2.2092652320861816,2.635490894317627,2.8414907455444336,2.1685800552368164,2.0780317783355713,1.2335960865020752,3.0269758701324463,2.9964282512664795,2.429060935974121,-0.4151298999786377,-0.39696553349494934,-0.4093954265117645,-0.4145563542842865,-0.4162399172782898,-0.4171990156173706,-0.41996774077415466,-0.4200393259525299]
[-0.4194389879703522,-0.4179244339466095,-0.4188562333583832,-0.4181179106235504,-0.41794782876968384,-0.4188912808895111,-0.41577771306037903,-0.41416868567466736,-0.34972861409187317,1.610134482383728,2.612990140914917,2.176645040512085,1.2494388818740845,-0.1252770870923996,-0.32537686824798584,-0.3442233204841614,-0.16514255106449127,2.0617473125457764,2.6671082973480225,2.7377676963806152,-0.38152962923049927,-0.3921756148338318,-0.4097149670124054,-0.4156460762023926,-0.417026549577713,-0.4162740707397461,-0.41963276267051697,-0.420575886964798]
[-0.42013075947761536,-0.4188792407512665,-0.41907569766044617,-0.4177740812301636,-0.4179520308971405,-0.4159766137599945,-0.4148212671279907,-0.41135987639427185,0.6366466283798218,2.6737778186798096,2.590289354324341,0.47708460688591003,-0.4256511926651001,-0.4223782420158386,-0.3911210298538208,-0.40662336349487305,-0.3039476275444031,0.6118669509887695,2.628185987472534,2.656212329864502,-0.3865698575973511,-0.3938908278942108,-0.4117342233657837,-0.4146478772163391,-0.4165091812610626,-0.4174570143222809,-0.4197828471660614,-0.4210190773010254]
[-0.4204358458518982,-0.4183935225009918,-0.4187527298927307,-0.417795330286026,-0.4188665747642517,-0.41631215810775757,-0.4145198166370392,-0.41375216841697693,2.1820883750915527,2.8624346256256104,0.7700129747390747,-0.3584613800048828,-0.40110599994659424,-0.4007931053638458,-0.39388689398765564,-0.3969880938529968,-0.17540758848190308,1.5171936750411987,2.998335123062134,1.6540923118591309,-0.38367560505867004,-0.3969080448150635,-0.41389042139053345,-0.4167197048664093,-0.4168581962585449,-0.4169807732105255,-0.4196516275405884,-0.421138733625412]
[-0.42061638832092285,-0.4177437424659729,-0.4188365042209625,-0.4174164831638336,-0.4178091287612915,-0.41453051567077637,-0.4140678346157074,-0.28997841477394104,3.0814568996429443,1.100479245185852,-0.4788737893104553,-0.4088836908340454,-0.4029204249382019,-0.4071565866470337,-0.3996879756450653,-0.4048789143562317,0.6062984466552734,2.3319921493530273,3.0724399089813232,0.230818510055542,-0.3884488642215729,-0.40173083543777466,-0.415846049785614,-0.41749265789985657,-0.4170718491077423,-0.4189847707748413,-0.42006298899650574,-0.4196208119392395]
[-0.4205641448497772,-0.41898947954177856,-0.41839006543159485,-0.41862955689430237,-0.41874217987060547,-0.41525933146476746,-0.42573830485343933,0.3662835657596588,2.185854434967041,-0.36046886444091797,-0.4305402934551239,-0.40541690587997437,-0.40899020433425903,-0.410374253988266,-0.4106161594390869,-0.22718730568885803,2.3638265132904053,2.316423177719116,2.7184793949127197,-0.3461024761199951,-0.3974147439002991,-0.40838274359703064,-0.41792601346969604,-0.4183168113231659,-0.4186929166316986,-0.41842105984687805,-0.4206864535808563,-0.41981443762779236]
[-0.42106640338897705,-0.419468492269516,-0.4173431098461151,-0.41806504130363464,-0.4166720509529114,-0.41208115220069885,-0.43559932708740234,0.7447199821472168,1.4671683311462402,-0.32371294498443604,-0.44238752126693726,-0.3862420618534088,-0.38351449370384216,-0.37015092372894287,-0.2950557768344879,1.1917870044708252,2.6730122566223145,3.0425286293029785,2.1284024715423584,-0.3910212814807892,-0.39477041363716125,-0.4107728600502014,-0.41688916087150574,-0.41777488589286804,-0.41927778720855713,-0.41828805208206177,-0.42084071040153503,-0.4203307330608368]
[-0.4212842285633087,-0.41956576704978943,-0.4168962836265564,-0.4175417125225067,-0.41583508253097534,-0.4122898280620575,-0.4310545027256012,0.45750609040260315,2.4475653171539307,1.514108657836914,-0.2625129520893097,-0.4843156039714813,-0.09399658441543579,0.34165069460868835,0.5862900018692017,2.4820384979248047,2.5294017791748047,2.0865304470062256,1.9531683921813965,-0.3841078579425812,-0.3993132710456848,-0.4141714870929718,-0.4190189838409424,-0.4183037281036377,-0.4194994568824768,-0.41847720742225647,-0.42144814133644104,-0.41969019174575806]
[-0.4208509922027588,-0.41887083649635315,-0.4172186553478241,-0.4181404113769531,-0.4153411090373993,-0.41030755639076233,-0.4063222408294678,-0.4141872525215149,2.2484288215637207,2.7514140605926514,2.1894891262054443,2.8097684383392334,2.3902761936187744,2.6720712184906006,1.6450172662734985,2.8767666816711426,2.7050883769989014,2.6021640300750732,1.9098944664001465,-0.3748144209384918,-0.39977481961250305,-0.41078653931617737,-0.4188186526298523,-0.4179050028324127,-0.41904178261756897,-0.41875165700912476,-0.42144960165023804,-0.41998884081840515]
[-0.42142578959465027,-0.41923362016677856,-0.41875848174095154,-0.4188121557235718,-0.41700440645217896,-0.4135795533657074,-0.40387579798698425,-0.41693779826164246,0.6082385778427124,2.2927913665771484,2.231592893600464,3.0427322387695312,2.7228329181671143,2.506626844406128,1.664647102355957,2.646117925643921,2.8108394145965576,2.708375930786133,0.7162320613861084,-0.3729223310947418,-0.4008599519729614,-0.4125038981437683,-0.41741088032722473,-0.4177054464817047,-0.41920205950737,-0.4187840223312378,-0.42164891958236694,-0.42043501138687134]
[-0.4219192862510681,-0.41900575160980225,-0.4179929196834564,-0.4167235493659973,-0.41655460000038147,-0.4123438000679016,-0.4080587327480316,-0.4183092415332794,-0.3908533453941345,-0.37985533475875854,-0.37076112627983093,-0.3660827875137329,-0.21203520894050598,0.5389409065246582,0.901227593421936,2.3828353881835938,2.7313761711120605,2.2172658443450928,-0.3671013116836548,-0.3904377818107605,-0.40506619215011597,-0.4140951335430145,-0.41660529375076294,-0.4174131751060486,-0.41908180713653564,-0.4189906120300293,-0.4214310944080353,-0.42025426030158997]
[-0.42175033688545227,-0.4192676544189453,-0.41854700446128845,-0.4172731935977936,-0.4182407855987549,-0.4138287305831909,-0.41069144010543823,-0.41363999247550964,-0.41193389892578125,-0.40990740060806274,-0.4137120246887207,-0.3827247619628906,-0.4580990672111511,-0.3831172585487366,1.3433090448379517,3.1232283115386963,2.979362726211548,1.6634076833724976,-0.3855268657207489,-0.39170658588409424,-0.4070456027984619,-0.41535505652427673,-0.4187053143978119,-0.41819724440574646,-0.4189971387386322,-0.4183908700942993,-0.4210960268974304,-0.4190078675746918]
[-0.4216780662536621,-0.41899505257606506,-0.418069452047348,-0.4168667197227478,-0.41718313097953796,-0.41477930545806885,-0.4128583073616028,-0.41011691093444824,-0.41733628511428833,-0.40710440278053284,-0.4135385751724243,-0.3975721299648285,-0.37096646428108215,-0.32584595680236816,1.7425938844680786,3.2121264934539795,2.5097384452819824,0.9564304351806641,-0.3854420781135559,-0.39322173595428467,-0.4097285270690918,-0.41486963629722595,-0.4181567132472992,-0.41766157746315,-0.4195726215839386,-0.4187658131122589,-0.4202936589717865,-0.41876184940338135]
[-0.42068323493003845,-0.417700856924057,-0.4182291626930237,-0.41840940713882446,-0.4184427857398987,-0.41635292768478394,-0.4170179069042206,-0.41365209221839905,-0.4139310419559479,-0.41321954131126404,-0.40981268882751465,-0.40453168749809265,-0.4072251319885254,0.24222677946090698,1.8725324869155884,2.9273383617401123,2.563380002975464,0.7741379737854004,-0.38430455327033997,-0.40087950229644775,-0.41208261251449585,-0.41608718037605286,-0.41824057698249817,-0.4188768267631531,-0.41938644647598267,-0.4190042316913605,-0.4204172194004059,-0.4186222553253174]
[-0.42154741287231445,-0.41863787174224854,-0.4185744524002075,-0.4161689877510071,-0.41745299100875854,-0.41523277759552,-0.4166888892650604,-0.4152405261993408,-0.4177725911140442,-0.412695974111557,-0.4154915511608124,-0.40667426586151123,-0.4257105588912964,1.0567281246185303,2.2758748531341553,2.4567015171051025,2.4561517238616943,0.2718640863895416,-0.3953038156032562,-0.40013614296913147,-0.4140775799751282,-0.41597282886505127,-0.4170117974281311,-0.41703668236732483,-0.4188181161880493,-0.41782405972480774,-0.42019063234329224,-0.4179477095603943]
[-0.4199977219104767,-0.4190213084220886,-0.41815733909606934,-0.4166930019855499,-0.4183775782585144,-0.41586413979530334,-0.41700589656829834,-0.41540417075157166,-0.41702553629875183,-0.4158017337322235,-0.41599947214126587,-0.4104495048522949,-0.4067968428134918,0.7344260215759277,2.5092549324035645,2.7385964393615723,1.93349027633667,-0.3652409315109253,-0.3941514790058136,-0.4107435345649719,-0.41158050298690796,-0.41727209091186523,-0.41867005825042725,-0.41833290457725525,-0.41925811767578125,-0.4177759885787964,-0.42023512721061707,-0.4184739887714386]
[-0.4200918972492218,-0.41929078102111816,-0.4191546142101288,-0.41739127039909363,-0.4184102416038513,-0.415427029132843,-0.4176372289657593,-0.41623249650001526,-0.41614338755607605,-0.4160253405570984,-0.41791483759880066,-0.4125923216342926,-0.43315160274505615,0.6745065450668335,2.087841510772705,2.918123245239258,2.3091559410095215,-0.14851172268390656,-0.3953832983970642,-0.41345977783203125,-0.41119587421417236,-0.4145185053348541,-0.4182906150817871,-0.4187227189540863,-0.4188973605632782,-0.4181312322616577,-0.41974061727523804,-0.4183043837547302]
[-0.41881099343299866,-0.4184163510799408,-0.4201480448246002,-0.4181625545024872,-0.4180832803249359,-0.4162667393684387,-0.4189932644367218,-0.4175434708595276,-0.4165247082710266,-0.41696491837501526,-0.41539162397384644,-0.41384509205818176,-0.45218443870544434,-0.07740644365549088,1.1890922784805298,2.320326805114746,3.2167556285858154,3.083505630493164,0.690625786781311,-0.4262106418609619,-0.41315457224845886,-0.4133039712905884,-0.41807135939598083,-0.41805464029312134,-0.4191990792751312,-0.41780537366867065,-0.41882070899009705,-0.41920745372772217]
[-0.4183351695537567,-0.4182877242565155,-0.41964879631996155,-0.41725051403045654,-0.41903090476989746,-0.4163266718387604,-0.41947075724601746,-0.41862428188323975,-0.41728466749191284,-0.41597265005111694,-0.4158090353012085,-0.41411110758781433,-0.42619630694389343,-0.3874872922897339,-0.12000169605016708,0.6881252527236938,2.468458890914917,3.5790083408355713,2.2282519340515137,-0.3969251811504364,-0.4099802076816559,-0.41304460167884827,-0.4179260730743408,-0.41887837648391724,-0.41919270157814026,-0.4182526767253876,-0.4190922677516937,-0.41885069012641907]
[-0.4177740812301636,-0.418387234210968,-0.41971930861473083,-0.4178403615951538,-0.4183070659637451,-0.4178880751132965,-0.4196280539035797,-0.4211541414260864,-0.41970357298851013,-0.41892120242118835,-0.4159294068813324,-0.41516199707984924,-0.40647953748703003,-0.4144406318664551,-0.47209835052490234,-0.38087204098701477,0.5943944454193115,0.9165527820587158,1.9685349464416504,-0.20502761006355286,-0.4024423062801361,-0.417513906955719,-0.41714876890182495,-0.41867974400520325,-0.42015931010246277,-0.41867494583129883,-0.41954439878463745,-0.4194073975086212]
[-0.41897422075271606,-0.4171636998653412,-0.42022013664245605,-0.4178386926651001,-0.4188295900821686,-0.41733360290527344,-0.4179040193557739,-0.4197198152542114,-0.4200637936592102,-0.41700848937034607,-0.41624385118484497,-0.4116329252719879,-0.4140731692314148,-0.4202362895011902,-0.4085761606693268,-0.42405828833580017,-0.5109728574752808,0.1352764070034027,1.0753215551376343,-0.24299898743629456,-0.4125746488571167,-0.4179254174232483,-0.41978228092193604,-0.4191446602344513,-0.42020657658576965,-0.4177747368812561,-0.41943177580833435,-0.4193682372570038]
[-0.4179437458515167,-0.41530343890190125,-0.4178268313407898,-0.41576671600341797,-0.4165678918361664,-0.4153384566307068,-0.4167346954345703,-0.4190974533557892,-0.4181143343448639,-0.4142569303512573,-0.42331182956695557,-0.4069751799106598,-0.4105861783027649,-0.411905437707901,-0.3966107964515686,-0.40652769804000854,-0.28590869903564453,0.6235126256942749,0.8830379247665405,0.16856789588928223,-0.416907399892807,-0.41932907700538635,-0.41661402583122253,-0.41979750990867615,-0.42063573002815247,-0.418275386095047,-0.41967323422431946,-0.41855984926223755]
