[-0.1748703122138977,-0.39880236983299255,-0.421446830034256,-0.4166269898414612,-0.41947925090789795,-0.418082058429718,-0.4192289412021637,-0.41809573769569397,-0.4206177890300751,-0.41952621936798096,-0.42179563641548157,-0.4185481071472168,-0.4247990548610687,-0.4215734302997589,-0.42018580436706543,-0.4196222424507141,-0.41452282667160034,-0.41444501280784607,-0.4186199903488159,-0.30804872512817383,0.8407268524169922,0.7625921964645386,-0.40875324606895447,-0.4075791537761688,-0.41169437766075134,-0.4124314785003662,-0.41175714135169983,-0.4092423617839813]
[-0.3924054205417633,-0.4172019064426422,-0.42242082953453064,-0.4192449748516083,-0.41946589946746826,-0.41740602254867554,-0.41954317688941956,-0.41848689317703247,-0.4184662103652954,-0.41596540808677673,-0.41967159509658813,-0.4180506765842438,-0.42486572265625,-0.4223159849643707,-0.42224442958831787,-0.4274345636367798,-0.4188867509365082,-0.41006526350975037,-0.4193597733974457,-0.3703485131263733,-0.060714855790138245,-0.3759862184524536,-0.4115442633628845,-0.4096750319004059,-0.4131496250629425,-0.41385847330093384,-0.41606077551841736,-0.4131374657154083]
[-0.4154266119003296,-0.4205937385559082,-0.42116978764533997,-0.41859516501426697,-0.41971254348754883,-0.4178886413574219,-0.41921213269233704,-0.4166910946369171,-0.4189225435256958,-0.4181904196739197,-0.4179874062538147,-0.4106007218360901,-0.40688392519950867,-0.4319341480731964,-0.4378304183483124,-0.413083016872406,-0.41114506125450134,-0.40926945209503174,-0.4191284477710724,-0.40230047702789307,-0.39282599091529846,-0.4121498465538025,-0.41834431886672974,-0.4126349687576294,-0.41557443141937256,-0.41417887806892395,-0.4181293249130249,-0.41436803340911865]
[-0.4208025336265564,-0.41987141966819763,-0.4197635054588318,-0.41960781812667847,-0.4190357029438019,-0.4188095033168793,-0.4183679521083832,-0.417080819606781,-0.41769859194755554,-0.41653838753700256,-0.42806708812713623,-0.4194718599319458,-0.43009504675865173,-0.49371635913848877,-0.6195303201675415,-0.5171694755554199,-0.41137775778770447,-0.3970906734466553,-0.4055446982383728,-0.4044746458530426,-0.40736982226371765,-0.414197713136673,-0.4176667034626007,-0.4156775176525116,-0.41740718483924866,-0.41539105772972107,-0.417794793844223,-0.4129776656627655]
[-0.41935235261917114,-0.41856327652931213,-0.41968461871147156,-0.41892796754837036,-0.41913628578186035,-0.41837653517723083,-0.4191620945930481,-0.4177994132041931,-0.41637182235717773,-0.4191143810749054,-0.3851519227027893,0.24540618062019348,1.2107586860656738,2.8333702087402344,2.2674400806427,0.06895354390144348,-0.3909000754356384,-0.35666459798812866,-0.40625134110450745,-0.39963236451148987,-0.40578001737594604,-0.4136136472225189,-0.41878876090049744,-0.41626378893852234,-0.4183163642883301,-0.4171183705329895,-0.4187074601650238,-0.4156651198863983]
[-0.4194148778915405,-0.41855931282043457,-0.42028772830963135,-0.4195449948310852,-0.4197283685207367,-0.41877198219299316,-0.4193182587623596,-0.4184260070323944,-0.4143860340118408,-0.41742250323295593,0.7690973281860352,3.6743223667144775,3.0663888454437256,1.7551236152648926,3.073803424835205,3.289381265640259,1.9128997325897217,1.436558485031128,-0.4177837073802948,-0.4088231027126312,-0.4027392566204071,-0.41306760907173157,-0.4176616370677948,-0.4181414544582367,-0.41933417320251465,-0.4181782603263855,-0.41877102851867676,-0.4156768023967743]
[-0.4197527766227722,-0.419001042842865,-0.4199356138706207,-0.41938191652297974,-0.42012426257133484,-0.4187309145927429,-0.41908442974090576,-0.418241947889328,-0.40999603271484375,-0.4183777868747711,0.107672780752182,2.379756450653076,3.028360366821289,1.6719225645065308,2.0332446098327637,2.9310266971588135,2.776738166809082,2.5029518604278564,1.5970940589904785,-0.33884215354919434,-0.39056485891342163,-0.41143059730529785,-0.41593360900878906,-0.41793176531791687,-0.41905730962753296,-0.41872814297676086,-0.4200310707092285,-0.41734498739242554]
[-0.42070847749710083,-0.41909825801849365,-0.4199382960796356,-0.42003920674324036,-0.41999468207359314,-0.41935017704963684,-0.41984230279922485,-0.41864633560180664,-0.4108835756778717,-0.4154535233974457,-0.30075907707214355,1.3004834651947021,2.3849475383758545,3.096108913421631,1.6216379404067993,2.2301971912384033,2.987060546875,2.295991897583008,2.979264736175537,1.1602325439453125,-0.39503201842308044,-0.41049307584762573,-0.41124093532562256,-0.4162187874317169,-0.4188520610332489,-0.41901344060897827,-0.41956329345703125,-0.41722482442855835]
[-0.42156192660331726,-0.420438677072525,-0.42039117217063904,-0.42002183198928833,-0.4200391173362732,-0.4185151159763336,-0.4188039004802704,-0.4172171652317047,-0.4114515483379364,-0.41314223408699036,-0.381611168384552,0.13179746270179749,1.0144929885864258,1.8853263854980469,0.8104666471481323,1.260591983795166,1.756341576576233,2.6512796878814697,2.8892505168914795,2.074214220046997,-0.3992939889431,-0.4090023338794708,-0.4069403409957886,-0.4153214395046234,-0.4194333255290985,-0.4187934994697571,-0.4207601845264435,-0.4195522367954254]
[-0.42132216691970825,-0.4209725260734558,-0.42156311869621277,-0.4206572473049164,-0.42046934366226196,-0.4188571870326996,-0.41909700632095337,-0.417197585105896,-0.412389874458313,-0.4085279107093811,-0.4003058075904846,-0.373049259185791,-0.18458622694015503,-0.46821367740631104,-0.37344831228256226,-0.3934940695762634,0.2569741904735565,2.3156864643096924,2.839751958847046,2.3894383907318115,-0.14010146260261536,-0.4055582582950592,-0.41012609004974365,-0.41594988107681274,-0.4190797805786133,-0.41851526498794556,-0.4202776849269867,-0.4189475476741791]
[-0.42052891850471497,-0.4202992916107178,-0.4202491343021393,-0.41908758878707886,-0.41984787583351135,-0.4186677038669586,-0.418127179145813,-0.4159139096736908,-0.4149841368198395,-0.41344738006591797,-0.4102320373058319,-0.41930410265922546,-0.4337308406829834,-0.41376519203186035,-0.4127528667449951,-0.43636998534202576,-0.19600340723991394,2.6972851753234863,2.628779888153076,2.362062454223633,-0.3742334544658661,-0.39219021797180176,-0.4105018377304077,-0.41637060046195984,-0.4192396104335785,-0.4186805486679077,-0.42015349864959717,-0.41920962929725647]
[-0.4200751483440399,-0.41931426525115967,-0.4204062819480896,-0.4190005660057068,-0.4199141561985016,-0.4181477725505829,-0.41775214672088623,-0.4164271950721741,-0.41643089056015015,-0.4156835079193115,-0.4128830134868622,-0.4136810004711151,-0.4264368414878845,-0.41064172983169556,-0.41637295484542847,-0.4220736026763916,0.17616716027259827,2.831568479537964,2.495103120803833,2.2428934574127197,-0.3739604353904724,-0.3855794370174408,-0.4143247604370117,-0.41772547364234924,-0.419348806142807,-0.41930314898490906,-0.4203380346298218,-0.4183186888694763]
[-0.4193653166294098,-0.41902217268943787,-0.4201326072216034,-0.4186362326145172,-0.41910111904144287,-0.4173206388950348,-0.4182044565677643,-0.41614973545074463,-0.4160374402999878,-0.41476625204086304,-0.4165659546852112,-0.4149400591850281,-0.4196352958679199,-0.41503602266311646,-0.41603296995162964,-0.45514294505119324,0.4204655587673187,2.707430839538574,2.8159379959106445,2.194770097732544,-0.39179566502571106,-0.3957839608192444,-0.41484612226486206,-0.41722947359085083,-0.41928207874298096,-0.419372022151947,-0.42109236121177673,-0.41927000880241394]
[-0.4189900755882263,-0.41840705275535583,-0.41984105110168457,-0.41849350929260254,-0.41914549469947815,-0.41781243681907654,-0.417359858751297,-0.41658562421798706,-0.41596519947052,-0.41503050923347473,-0.41771844029426575,-0.41502466797828674,-0.421203076839447,-0.4206816554069519,-0.41326257586479187,-0.4769999384880066,0.9762026071548462,2.3605527877807617,2.975210189819336,1.036442518234253,-0.3917980492115021,-0.40197503566741943,-0.4153080880641937,-0.4182460308074951,-0.4197743237018585,-0.41965287923812866,-0.4207352101802826,-0.41855138540267944]
[-0.41942790150642395,-0.4189366102218628,-0.41970983147621155,-0.4175911545753479,-0.41962385177612305,-0.41704800724983215,-0.41748282313346863,-0.41542842984199524,-0.4148021936416626,-0.41221389174461365,-0.41110289096832275,-0.4054679274559021,-0.4133776128292084,-0.4193767011165619,-0.42762288451194763,-0.2267971783876419,1.6162816286087036,2.6953258514404297,2.7664027214050293,-0.009862422943115234,-0.39398854970932007,-0.4074536859989166,-0.41545969247817993,-0.4178101122379303,-0.4191340208053589,-0.4194425940513611,-0.4198611378669739,-0.41857367753982544]
[-0.4193529486656189,-0.4186420738697052,-0.419350802898407,-0.4180871248245239,-0.4198256731033325,-0.41735807061195374,-0.4172871708869934,-0.4155176877975464,-0.4159821569919586,-0.40443745255470276,-0.40308210253715515,-0.4082936942577362,-0.4228639006614685,-0.38120129704475403,-0.18576574325561523,1.8789842128753662,3.028167247772217,2.9411051273345947,1.4213916063308716,-0.39930424094200134,-0.39608827233314514,-0.40862980484962463,-0.41678011417388916,-0.4179857671260834,-0.41928282380104065,-0.41865286231040955,-0.41936588287353516,-0.4177287817001343]
[-0.41969630122184753,-0.41864433884620667,-0.4186006486415863,-0.4177914261817932,-0.41935837268829346,-0.41727226972579956,-0.4157937169075012,-0.4115746021270752,-0.4048556685447693,-0.16714462637901306,0.4433980882167816,-0.3501087427139282,-0.16865044832229614,0.5071169137954712,1.4448373317718506,2.8180391788482666,3.0805602073669434,2.6398937702178955,0.9437562227249146,-0.401205837726593,-0.4003189504146576,-0.4037046730518341,-0.4121411442756653,-0.41340532898902893,-0.4171466827392578,-0.416155606508255,-0.41876524686813354,-0.4177921712398529]
[-0.4202142357826233,-0.41916924715042114,-0.4185035824775696,-0.41890987753868103,-0.4189906120300293,-0.4181026220321655,-0.4143432676792145,-0.4076612889766693,0.033338725566864014,2.3995940685272217,2.545187473297119,1.8777220249176025,1.8084008693695068,0.4886033236980438,1.3455561399459839,2.209888458251953,2.2565276622772217,2.1570425033569336,2.2051472663879395,0.8404126167297363,-0.4127615988254547,-0.43055087327957153,-0.42419812083244324,-0.41328439116477966,-0.4124838709831238,-0.4145508408546448,-0.4166991412639618,-0.41751161217689514]
[-0.42104777693748474,-0.4186422526836395,-0.41949957609176636,-0.41791072487831116,-0.41846516728401184,-0.41483354568481445,-0.401557594537735,-0.19850881397724152,2.3043675422668457,2.8286397457122803,2.6668760776519775,2.6271157264709473,1.5045959949493408,0.5567179918289185,1.9393806457519531,2.0043928623199463,2.3227150440216064,2.5440611839294434,2.7671515941619873,2.683337926864624,1.761609673500061,1.1229623556137085,-8.872896432876587e-05,-0.36707964539527893,-0.4122697412967682,-0.41328924894332886,-0.4187440872192383,-0.41879257559776306]
[-0.42093685269355774,-0.419493705034256,-0.4198404550552368,-0.4186157286167145,-0.4180242121219635,-0.4173818528652191,-0.34727931022644043,1.236150860786438,2.999149799346924,2.399784564971924,2.62032413482666,2.158998966217041,2.008490562438965,2.3683524131774902,2.713815927505493,2.9004018306732178,3.189359426498413,3.254610538482666,2.9792470932006836,3.3360273838043213,2.920667886734009,3.0923585891723633,1.942600965499878,0.6100807189941406,-0.4123443067073822,-0.4159293472766876,-0.41700688004493713,-0.4165777862071991]
[-0.4206729829311371,-0.41845738887786865,-0.41940775513648987,-0.4171293079853058,-0.4175795018672943,-0.4114866256713867,-0.348446249961853,1.6460007429122925,2.6257896423339844,2.2765727043151855,2.285797595977783,2.584557294845581,2.3432250022888184,2.6332879066467285,2.962594509124756,2.8034372329711914,2.5950589179992676,2.1847455501556396,1.770106554031372,1.6940021514892578,0.9917497634887695,1.3247482776641846,0.5305358171463013,-0.09879227727651596,-0.4108213186264038,-0.4144774377346039,-0.41878852248191833,-0.41740790009498596]
[-0.42018923163414,-0.4185720682144165,-0.4196319878101349,-0.417660653591156,-0.4167604446411133,-0.4129389822483063,-0.4005155861377716,0.1331213116645813,2.0782954692840576,2.238931179046631,2.8950979709625244,2.614995241165161,2.3561322689056396,2.139692783355713,1.5087149143218994,0.3913823068141937,-0.28101861476898193,-0.3890141546726227,-0.36923399567604065,-0.3666108250617981,-0.3878147304058075,-0.3709162771701813,-0.36727404594421387,-0.39700764417648315,-0.41443246603012085,-0.4179409146308899,-0.41964977979660034,-0.4186122417449951]
[-0.42000094056129456,-0.4178517460823059,-0.41915997862815857,-0.4164380431175232,-0.4158971607685089,-0.4126025438308716,-0.3975503444671631,-0.38275349140167236,0.5190151929855347,0.9277278184890747,1.1521199941635132,0.3767101466655731,-0.3680052161216736,-0.40959814190864563,-0.3785637319087982,-0.41128718852996826,-0.3962395191192627,-0.4029870927333832,-0.39911216497421265,-0.40838101506233215,-0.41205209493637085,-0.4059544801712036,-0.4031136631965637,-0.40988969802856445,-0.41862964630126953,-0.4168209135532379,-0.42049768567085266,-0.4189433455467224]
[-0.419941246509552,-0.4178520739078522,-0.41983553767204285,-0.4158565402030945,-0.4180852770805359,-0.4137057065963745,-0.39698970317840576,-0.40086740255355835,-0.39121463894844055,-0.37412503361701965,-0.4214353859424591,-0.4465530514717102,-0.4001620411872864,-0.3848337233066559,-0.40779396891593933,-0.40752947330474854,-0.4036252200603485,-0.4020543694496155,-0.40881767868995667,-0.4078034460544586,-0.4093381464481354,-0.41038432717323303,-0.4112303555011749,-0.41453054547309875,-0.41786396503448486,-0.41792869567871094,-0.4193047285079956,-0.41799119114875793]
[-0.4194508194923401,-0.41764286160469055,-0.41961079835891724,-0.4167468249797821,-0.41806095838546753,-0.41461795568466187,-0.41133612394332886,-0.40847086906433105,-0.40631920099258423,-0.40678808093070984,-0.42896488308906555,-0.42437323927879333,-0.41281047463417053,-0.40772563219070435,-0.4120153486728668,-0.4117219150066376,-0.41520148515701294,-0.4092046320438385,-0.4149750769138336,-0.4156697392463684,-0.4164346158504486,-0.41658782958984375,-0.4175800085067749,-0.4165838658809662,-0.4189567267894745,-0.41822361946105957,-0.4201800525188446,-0.41891130805015564]
[-0.4205864667892456,-0.4180038571357727,-0.4192264974117279,-0.41721251606941223,-0.4174629747867584,-0.4162818491458893,-0.413705050945282,-0.41062167286872864,-0.4097805321216583,-0.4145054817199707,-0.41798529028892517,-0.4113319516181946,-0.41259273886680603,-0.41577768325805664,-0.41517359018325806,-0.41578996181488037,-0.4208930730819702,-0.41755056381225586,-0.41833895444869995,-0.41754844784736633,-0.41849061846733093,-0.41692450642585754,-0.4193189740180969,-0.41724836826324463,-0.41772183775901794,-0.418827623128891,-0.4187348783016205,-0.41800904273986816]
[-0.4209855794906616,-0.4183582663536072,-0.42002055048942566,-0.41835227608680725,-0.4183602035045624,-0.4152132272720337,-0.4157574474811554,-0.4121531844139099,-0.4183843731880188,-0.4202912747859955,-0.4204622507095337,-0.4165359437465668,-0.4202097952365875,-0.4140658676624298,-0.4175713360309601,-0.41505518555641174,-0.4184677302837372,-0.41809210181236267,-0.41798821091651917,-0.41853001713752747,-0.4188973903656006,-0.41751429438591003,-0.41906142234802246,-0.4170277416706085,-0.4176560342311859,-0.41756877303123474,-0.41831740736961365,-0.4157218337059021]
[-0.4191245436668396,-0.4217531681060791,-0.4202080965042114,-0.42040306329727173,-0.4191495180130005,-0.41782131791114807,-0.41617509722709656,-0.4168253242969513,-0.42001423239707947,-0.4161279499530792,-0.4199148118495941,-0.4179212749004364,-0.417079895734787,-0.41765135526657104,-0.4198904037475586,-0.4187886118888855,-0.4191189408302307,-0.41908663511276245,-0.41929522156715393,-0.4190635681152344,-0.42025867104530334,-0.4176904261112213,-0.4190866947174072,-0.4173794388771057,-0.41702109575271606,-0.41364631056785583,-0.41559460759162903,-0.4079941213130951]
