[-0.4185536503791809,-0.41977280378341675,-0.41939353942871094,-0.4168635904788971,-0.4191443920135498,-0.4177950620651245,-0.4190952181816101,-0.4193927049636841,-0.42040127515792847,-0.4175336956977844,-0.4199867248535156,-0.41822418570518494,-0.42096763849258423,-0.4148908257484436,-0.4193044602870941,-0.41603386402130127,-0.4173300564289093,-0.414201557636261,-0.4180741608142853,-0.4160963296890259,-0.41834262013435364,-0.41791221499443054,-0.4200652539730072,-0.42004892230033875,-0.4213031828403473,-0.41806623339653015,-0.41689354181289673,-0.41795432567596436]
[-0.41831523180007935,-0.420301616191864,-0.41911882162094116,-0.4174545407295227,-0.41724517941474915,-0.4175470471382141,-0.4179556667804718,-0.41697120666503906,-0.41769734025001526,-0.4167748689651489,-0.4176124334335327,-0.41584888100624084,-0.4167834520339966,-0.4146656394004822,-0.41549649834632874,-0.41333985328674316,-0.4159570336341858,-0.413604199886322,-0.4153926968574524,-0.4127196967601776,-0.4153693616390228,-0.4154527187347412,-0.4164847731590271,-0.4175539016723633,-0.41895225644111633,-0.4186953604221344,-0.4184962213039398,-0.4214068353176117]
[-0.4197550117969513,-0.4185277819633484,-0.41803938150405884,-0.4169262647628784,-0.4170079529285431,-0.41740724444389343,-0.41959086060523987,-0.4184114933013916,-0.4193717837333679,-0.41924619674682617,-0.41767048835754395,-0.41771063208580017,-0.41700032353401184,-0.4175698757171631,-0.4133492112159729,-0.41328051686286926,-0.41538506746292114,-0.41521206498146057,-0.41463688015937805,-0.4127131700515747,-0.41648292541503906,-0.4138363301753998,-0.41538482904434204,-0.41696155071258545,-0.4176601767539978,-0.41749754548072815,-0.41867557168006897,-0.4197114408016205]
[-0.42031317949295044,-0.418279767036438,-0.4180525839328766,-0.4166649580001831,-0.4178900420665741,-0.41693830490112305,-0.4184930920600891,-0.41732168197631836,-0.41979753971099854,-0.41684532165527344,-0.42249083518981934,-0.41865548491477966,-0.41808968782424927,-0.41374021768569946,-0.4129427671432495,-0.41318368911743164,-0.41731855273246765,-0.41768595576286316,-0.41640233993530273,-0.4156029522418976,-0.4177820682525635,-0.4160279631614685,-0.41612258553504944,-0.4165193736553192,-0.41743066906929016,-0.41812899708747864,-0.4188429117202759,-0.4194302558898926]
[-0.4198032319545746,-0.4179881811141968,-0.4171932339668274,-0.4163402318954468,-0.4174829125404358,-0.4145754277706146,-0.41876766085624695,-0.41505932807922363,-0.41775912046432495,-0.41647306084632874,-0.4117690622806549,-0.4029393494129181,-0.4025181531906128,-0.4037832021713257,-0.40796375274658203,-0.40496501326560974,-0.40318259596824646,-0.4090489447116852,-0.4086301624774933,-0.4105883836746216,-0.4125422239303589,-0.41056424379348755,-0.4167781174182892,-0.41543617844581604,-0.4181298613548279,-0.41737279295921326,-0.418243408203125,-0.41933971643447876]
[-0.4190506041049957,-0.41824856400489807,-0.4165651798248291,-0.4167017936706543,-0.41902822256088257,-0.41664010286331177,-0.41593897342681885,-0.41434910893440247,-0.416366308927536,-0.4113811254501343,-0.3798925578594208,-0.3901195824146271,-0.4431121051311493,-0.4154201149940491,-0.3708435297012329,-0.40773335099220276,-0.4067622125148773,-0.3891085982322693,-0.3910399079322815,-0.40208378434181213,-0.40792152285575867,-0.4110185205936432,-0.413430780172348,-0.4139646589756012,-0.4195707440376282,-0.4170604646205902,-0.41729167103767395,-0.419534295797348]
[-0.41971921920776367,-0.4172452688217163,-0.41814061999320984,-0.41768142580986023,-0.4179212749004364,-0.41556864976882935,-0.41415002942085266,-0.41156870126724243,-0.3987278640270233,-0.26922255754470825,1.84865403175354,1.7001625299453735,2.8296291828155518,3.298288583755493,2.1449694633483887,2.9666621685028076,2.2506673336029053,1.401097297668457,-0.1619659960269928,-0.326304167509079,-0.41300705075263977,-0.41458266973495483,-0.4114508330821991,-0.41271960735321045,-0.4170026481151581,-0.41662684082984924,-0.41934919357299805,-0.4201279282569885]
[-0.41963905096054077,-0.41807377338409424,-0.41799846291542053,-0.41614818572998047,-0.41878628730773926,-0.41582414507865906,-0.41353970766067505,-0.412232369184494,-0.46496346592903137,1.7332922220230103,3.3271965980529785,1.6092236042022705,2.6376726627349854,2.234744071960449,2.730600595474243,3.547971725463867,3.1183745861053467,2.556516408920288,1.9456591606140137,2.643932342529297,-0.19452545046806335,-0.45483994483947754,-0.4175737202167511,-0.41431567072868347,-0.41312283277511597,-0.416814386844635,-0.42017123103141785,-0.41982799768447876]
[-0.4201130270957947,-0.4179174304008484,-0.4174267649650574,-0.4151085913181305,-0.41606953740119934,-0.40945354104042053,-0.38799595832824707,-0.3282713294029236,0.6545079946517944,2.2316744327545166,2.5920939445495605,1.0307848453521729,1.2396637201309204,1.3174586296081543,2.1090128421783447,1.0397958755493164,1.131534457206726,1.3826074600219727,2.7240607738494873,3.6560864448547363,1.7297744750976562,-0.309073805809021,-0.40985292196273804,-0.41727718710899353,-0.4081794023513794,-0.4148792028427124,-0.4178604781627655,-0.4202826917171478]
[-0.4199604094028473,-0.41720542311668396,-0.41604360938072205,-0.41404610872268677,-0.41139018535614014,-0.40532639622688293,-0.3886379301548004,0.32126376032829285,3.019334316253662,1.7805707454681396,1.722305417060852,-0.09646452963352203,-0.23311340808868408,-0.242864727973938,-0.2488427758216858,-0.2712475657463074,-0.34452080726623535,-0.4277006685733795,1.0026720762252808,2.6319704055786133,2.7759058475494385,2.397768974304199,0.7942252159118652,-0.40931522846221924,-0.4094458222389221,-0.4101956784725189,-0.4191926419734955,-0.421935111284256]
[-0.4220240116119385,-0.41739422082901,-0.41509222984313965,-0.41294169425964355,-0.4115379750728607,-0.40917640924453735,-0.7142043113708496,1.2075201272964478,2.4050071239471436,1.1862865686416626,0.1652454435825348,-0.2743956446647644,-0.34381791949272156,-0.37456420063972473,-0.39237117767333984,-0.4022020995616913,-0.38002297282218933,-0.47069355845451355,-0.282260000705719,1.8903322219848633,2.2813942432403564,2.517824172973633,1.8200619220733643,0.08004748821258545,-0.4057023823261261,-0.41229742765426636,-0.4180760383605957,-0.4200689494609833]
[-0.41981223225593567,-0.41832756996154785,-0.4144846498966217,-0.4110226333141327,-0.39405328035354614,-0.36721381545066833,0.2580087184906006,2.340991497039795,1.9506819248199463,1.0359344482421875,-0.40406984090805054,-0.3593786358833313,-0.36532965302467346,-0.40779203176498413,-0.40008053183555603,-0.40708568692207336,-0.39979806542396545,-0.4414061903953552,-0.24036672711372375,2.32411527633667,2.920924186706543,2.5094375610351562,1.0556917190551758,-0.33519643545150757,-0.39514508843421936,-0.4123248755931854,-0.4171086251735687,-0.41805312037467957]
[-0.4206884801387787,-0.4173814356327057,-0.40987324714660645,-0.4094323515892029,-0.3753747344017029,-0.0287172794342041,1.4015226364135742,2.401444911956787,1.558195948600769,-0.2714000344276428,-0.36712849140167236,-0.3660816550254822,-0.3720947802066803,-0.3891359865665436,-0.4030218720436096,-0.3804580867290497,-0.41846033930778503,-0.26768702268600464,0.7369755506515503,2.5184648036956787,3.1788272857666016,3.0983827114105225,0.302592396736145,-0.3867555558681488,-0.40188729763031006,-0.4132886826992035,-0.41849207878112793,-0.4183833599090576]
[-0.417900413274765,-0.4168733060359955,-0.40986013412475586,-0.4092337191104889,-0.2341647744178772,2.785494327545166,3.082698345184326,2.140425443649292,2.5739452838897705,1.0960593223571777,-0.5187793374061584,-0.4802662432193756,-0.3499804139137268,0.4351937472820282,0.3047716021537781,0.6478257179260254,-0.09933464974164963,1.0051215887069702,2.4321420192718506,2.186803102493286,2.7864460945129395,1.5585248470306396,-0.3734365999698639,-0.3912506103515625,-0.4064338505268097,-0.4144439995288849,-0.4198869466781616,-0.4181135892868042]
[-0.4177262485027313,-0.4152500033378601,-0.406225323677063,-0.40137991309165955,1.568569540977478,3.8793821334838867,3.643667697906494,2.1074798107147217,1.430842399597168,1.8862793445587158,1.6115621328353882,2.678633689880371,2.472646951675415,3.5503687858581543,2.1763246059417725,2.5636203289031982,2.0249345302581787,2.9714112281799316,2.7331347465515137,2.35715651512146,2.3203771114349365,0.5800187587738037,-0.38253554701805115,-0.397362619638443,-0.4107729196548462,-0.4167243540287018,-0.4217287302017212,-0.4193715751171112]
[-0.415425181388855,-0.4130052328109741,-0.40842193365097046,-0.3963703215122223,-0.11808416992425919,2.1495344638824463,0.6939398050308228,2.4961397647857666,2.2019200325012207,3.0054030418395996,3.53649640083313,3.6019163131713867,3.20617413520813,2.6333987712860107,2.454442262649536,3.1003034114837646,3.1483724117279053,2.992678642272949,2.7245352268218994,2.6818039417266846,0.8493057489395142,-0.32159867882728577,-0.3959037959575653,-0.40930208563804626,-0.41395652294158936,-0.4180310070514679,-0.42105522751808167,-0.41985514760017395]
[-0.4161500334739685,-0.4124909043312073,-0.4099268317222595,-0.396767258644104,-0.3590126633644104,-0.45351484417915344,-0.29023420810699463,-0.4391627609729767,-0.6912118196487427,-0.5945018529891968,-0.475157767534256,-0.6719532012939453,-0.5195023417472839,0.7000918388366699,0.7992444038391113,2.3238589763641357,2.84828782081604,2.2870826721191406,3.0770821571350098,1.4029743671417236,-0.3694216310977936,-0.3912654519081116,-0.4092978537082672,-0.4147408902645111,-0.41748669743537903,-0.41907408833503723,-0.42253386974334717,-0.4200894832611084]
[-0.4163617491722107,-0.4132535755634308,-0.4114508032798767,-0.40439772605895996,-0.39149847626686096,-0.3826872408390045,-0.34436389803886414,-0.36406680941581726,-0.37311291694641113,-0.34943127632141113,-0.36260318756103516,-0.3598446249961853,-0.44536298513412476,-0.37982696294784546,1.3509247303009033,3.118096113204956,3.3672282695770264,2.6416141986846924,2.0028958320617676,-0.3130676746368408,-0.39308425784111023,-0.4030396342277527,-0.41366705298423767,-0.4159655272960663,-0.41966015100479126,-0.4189453721046448,-0.42159679532051086,-0.4212171733379364]
[-0.4175964593887329,-0.4144112467765808,-0.411873996257782,-0.40835875272750854,-0.4156241714954376,-0.41239339113235474,-0.3990103304386139,-0.3961954116821289,-0.3813170790672302,-0.37995654344558716,-0.40545207262039185,-0.3823193907737732,-0.3651639223098755,-0.3942142128944397,1.697109580039978,3.2438461780548096,2.8114013671875,1.9673070907592773,-0.35093674063682556,-0.3948138654232025,-0.40230488777160645,-0.40614524483680725,-0.41565465927124023,-0.4158579111099243,-0.41931256651878357,-0.4200390577316284,-0.42121413350105286,-0.42056649923324585]
[-0.4170496463775635,-0.41511285305023193,-0.4181745648384094,-0.4141807556152344,-0.4196152091026306,-0.41630205512046814,-0.4092618227005005,-0.40294352173805237,-0.4014972150325775,-0.40354123711586,-0.40204206109046936,-0.39556246995925903,-0.385583758354187,-0.2271636724472046,1.6845942735671997,3.319951295852661,2.5146870613098145,1.2614907026290894,-0.37106022238731384,-0.38893985748291016,-0.40471309423446655,-0.4122782349586487,-0.4184247553348541,-0.4175626337528229,-0.41989243030548096,-0.41933146119117737,-0.42071396112442017,-0.4204528033733368]
[-0.41849371790885925,-0.41485124826431274,-0.4170566499233246,-0.41423124074935913,-0.4145595133304596,-0.4111282229423523,-0.416614294052124,-0.41074973344802856,-0.4141760766506195,-0.4104907214641571,-0.41852355003356934,-0.4108518958091736,-0.4203045666217804,0.07464911043643951,2.0591397285461426,2.777332067489624,2.675532102584839,0.277757465839386,-0.39852017164230347,-0.39632901549339294,-0.4097525179386139,-0.4158685505390167,-0.41990727186203003,-0.4171091914176941,-0.419170618057251,-0.41900742053985596,-0.42044833302497864,-0.4207383692264557]
[-0.41841986775398254,-0.4163886308670044,-0.4177730083465576,-0.41353949904441833,-0.41633927822113037,-0.41428762674331665,-0.41810598969459534,-0.4144209921360016,-0.4179570972919464,-0.4161880314350128,-0.4210745394229889,-0.4132918119430542,-0.4261139929294586,0.17274701595306396,2.401318073272705,2.928887128829956,2.3627045154571533,-0.31815624237060547,-0.3850618600845337,-0.4079495668411255,-0.41202256083488464,-0.4185621738433838,-0.42057114839553833,-0.41867345571517944,-0.4193364977836609,-0.4184451103210449,-0.42044511437416077,-0.42031335830688477]
[-0.42122918367385864,-0.4177677035331726,-0.4167212247848511,-0.4150965213775635,-0.41668614745140076,-0.41452670097351074,-0.417451411485672,-0.4134746789932251,-0.41742002964019775,-0.4176192581653595,-0.42039185762405396,-0.417012095451355,-0.4151519536972046,0.43410149216651917,2.337996482849121,2.60619854927063,2.9648776054382324,-0.09292678534984589,-0.39674851298332214,-0.4069872796535492,-0.4124147593975067,-0.4168444871902466,-0.4201223850250244,-0.41875582933425903,-0.41941261291503906,-0.41869670152664185,-0.42025041580200195,-0.4207477569580078]
[-0.4190465807914734,-0.41773608326911926,-0.418179988861084,-0.41670602560043335,-0.4167061150074005,-0.4144406020641327,-0.41861292719841003,-0.41724732518196106,-0.4180373549461365,-0.4194886386394501,-0.41868162155151367,-0.41703835129737854,-0.4036685824394226,-0.3364735543727875,1.5523617267608643,2.4210798740386963,4.318221092224121,2.623859405517578,-0.43615788221359253,-0.3980853855609894,-0.4136887192726135,-0.41608384251594543,-0.42029687762260437,-0.41752389073371887,-0.4195009768009186,-0.41860532760620117,-0.4205848276615143,-0.42061784863471985]
[-0.4183681011199951,-0.4169647693634033,-0.41815492510795593,-0.41530531644821167,-0.4165913164615631,-0.41348904371261597,-0.4191400706768036,-0.4181614816188812,-0.4195302724838257,-0.4217990040779114,-0.41879352927207947,-0.4149700403213501,-0.40702229738235474,-0.4514405429363251,0.0765649825334549,0.9679478406906128,3.58967924118042,2.3098392486572266,-0.3803083598613739,-0.39338183403015137,-0.4136641323566437,-0.4133317470550537,-0.4190552234649658,-0.4167425036430359,-0.4181534945964813,-0.41824832558631897,-0.42009681463241577,-0.4212825298309326]
[-0.4187586307525635,-0.41819432377815247,-0.4190335273742676,-0.41835129261016846,-0.4183593988418579,-0.41731077432632446,-0.42003220319747925,-0.42097532749176025,-0.4216599464416504,-0.42308658361434937,-0.42051422595977783,-0.4203585386276245,-0.4143223464488983,-0.41133472323417664,-0.46682682633399963,-0.41649970412254333,0.6185603141784668,-0.4139985144138336,-0.3883913457393646,-0.3998432159423828,-0.4150078296661377,-0.41708996891975403,-0.4197002053260803,-0.4174160361289978,-0.4182822108268738,-0.417752742767334,-0.42069917917251587,-0.42030036449432373]
[-0.41945743560791016,-0.41710755228996277,-0.41839689016342163,-0.41669267416000366,-0.4200209677219391,-0.4177650809288025,-0.41857537627220154,-0.4198680520057678,-0.4228813946247101,-0.42081767320632935,-0.4195501208305359,-0.420186311006546,-0.42129960656166077,-0.423093318939209,-0.4276486337184906,-0.4458645284175873,-0.4824148416519165,-0.4042162299156189,-0.40248820185661316,-0.40544459223747253,-0.41631215810775757,-0.4162997305393219,-0.41826945543289185,-0.41575950384140015,-0.41885906457901,-0.4166003465652466,-0.41999971866607666,-0.4195258617401123]
[-0.416344553232193,-0.4186079502105713,-0.41855567693710327,-0.41899752616882324,-0.4210301637649536,-0.4206906259059906,-0.42070791125297546,-0.4205469787120819,-0.4213952124118805,-0.41548582911491394,-0.4214975833892822,-0.41925159096717834,-0.41800692677497864,-0.41993799805641174,-0.41082504391670227,-0.4218527376651764,-0.4167020320892334,-0.400542676448822,-0.4100414514541626,-0.4123215079307556,-0.4165501892566681,-0.4177972972393036,-0.4183376729488373,-0.41829559206962585,-0.41919007897377014,-0.4187335968017578,-0.42006275057792664,-0.41777873039245605]
