[-0.4165235757827759,-0.4175715446472168,-0.41992855072021484,-0.41896557807922363,-0.4204171597957611,-0.41924673318862915,-0.4196523427963257,-0.41839897632598877,-0.41989219188690186,-0.4180123507976532,-0.41966962814331055,-0.4163331687450409,-0.42068618535995483,-0.41797393560409546,-0.4188949763774872,-0.41480347514152527,-0.4182496666908264,-0.4144553244113922,-0.41559383273124695,-0.4151390492916107,-0.4131473898887634,-0.4130305349826813,-0.41426071524620056,-0.41764774918556213,-0.4152834415435791,-0.41549140214920044,-0.4147799611091614,-0.4121357202529907]
[-0.41885071992874146,-0.4198043644428253,-0.4201325476169586,-0.4197978675365448,-0.4206191301345825,-0.41906529664993286,-0.4189997613430023,-0.4176916182041168,-0.41890498995780945,-0.4165492057800293,-0.4180198907852173,-0.41496598720550537,-0.4170648753643036,-0.4137975573539734,-0.41315633058547974,-0.41302210092544556,-0.41488397121429443,-0.4106140434741974,-0.4150533676147461,-0.41159966588020325,-0.4112856388092041,-0.41047438979148865,-0.41316118836402893,-0.41572466492652893,-0.41564303636550903,-0.4159083664417267,-0.4167824387550354,-0.4159814119338989]
[-0.42079633474349976,-0.4198843538761139,-0.4204690754413605,-0.42049622535705566,-0.4209473431110382,-0.41998976469039917,-0.4195035696029663,-0.41802167892456055,-0.41929346323013306,-0.41763344407081604,-0.4174831509590149,-0.41945138573646545,-0.4181295335292816,-0.4144030511379242,-0.41076669096946716,-0.4107140898704529,-0.4103239178657532,-0.413499116897583,-0.4151589274406433,-0.4079751968383789,-0.40987730026245117,-0.4112793803215027,-0.41293659806251526,-0.41348758339881897,-0.41510456800460815,-0.41661256551742554,-0.4179162383079529,-0.41822266578674316]
[-0.42092588543891907,-0.42004841566085815,-0.4209274649620056,-0.420185923576355,-0.42151039838790894,-0.41948583722114563,-0.418263703584671,-0.41801923513412476,-0.41872039437294006,-0.41605907678604126,-0.4161185324192047,-0.41682228446006775,-0.42168164253234863,-0.4168969988822937,-0.4143948554992676,-0.4098462164402008,-0.40445709228515625,-0.40409010648727417,-0.40469786524772644,-0.411007285118103,-0.41263893246650696,-0.4121452271938324,-0.4148254096508026,-0.4163147211074829,-0.41678643226623535,-0.41682273149490356,-0.4189664125442505,-0.41855016350746155]
[-0.42071735858917236,-0.42004239559173584,-0.4200171232223511,-0.41958847641944885,-0.42028483748435974,-0.41934776306152344,-0.41894829273223877,-0.4165325164794922,-0.4180627763271332,-0.414494127035141,-0.41138359904289246,-0.41589558124542236,-0.4247552752494812,-0.32575541734695435,-0.38111934065818787,-0.4143555462360382,-0.39544910192489624,-0.3802091181278229,-0.3864610493183136,-0.4041804075241089,-0.4040956497192383,-0.4077855348587036,-0.4138127267360687,-0.4135560095310211,-0.41647034883499146,-0.4153488576412201,-0.4191993176937103,-0.41869086027145386]
[-0.4212280809879303,-0.4199899435043335,-0.4202946126461029,-0.41938427090644836,-0.42024844884872437,-0.4179895520210266,-0.41837581992149353,-0.4172263741493225,-0.41712653636932373,-0.41447779536247253,-0.40174275636672974,-0.3971799612045288,0.8758114576339722,1.4481199979782104,1.981741189956665,1.8738982677459717,0.6171613931655884,-0.1804482638835907,-0.3789840340614319,-0.3790571093559265,-0.3952595591545105,-0.40579575300216675,-0.4147772192955017,-0.41591677069664,-0.418670654296875,-0.41767093539237976,-0.4198685586452484,-0.41990822553634644]
[-0.42166200280189514,-0.41940784454345703,-0.4197538495063782,-0.4189870357513428,-0.4202577769756317,-0.4185556173324585,-0.41793233156204224,-0.41591545939445496,-0.4107765853404999,-0.4110601544380188,-0.4016880393028259,0.5477902889251709,2.8828797340393066,2.630446434020996,2.390451669692993,3.383169651031494,3.1267619132995605,2.998623847961426,1.386580228805542,-0.4629598557949066,-0.39718908071517944,-0.40197667479515076,-0.41563645005226135,-0.4155336916446686,-0.41773322224617004,-0.41730788350105286,-0.41984689235687256,-0.4203011393547058]
[-0.42177265882492065,-0.4191591739654541,-0.4196949005126953,-0.418531209230423,-0.41927945613861084,-0.41805675625801086,-0.41680654883384705,-0.4152207374572754,-0.40880587697029114,-0.4064120650291443,0.34321606159210205,2.804640531539917,2.3162832260131836,1.9796733856201172,1.687004804611206,2.6025044918060303,3.19156813621521,1.9465737342834473,2.7297487258911133,0.383251816034317,-0.39087188243865967,-0.40027397871017456,-0.41384732723236084,-0.41665327548980713,-0.41844600439071655,-0.41829559206962585,-0.4200120270252228,-0.419791579246521]
[-0.42184969782829285,-0.42017263174057007,-0.4198887050151825,-0.41921448707580566,-0.41994890570640564,-0.4183209538459778,-0.4160615801811218,-0.41527771949768066,-0.3975442051887512,-0.37626945972442627,1.6070489883422852,2.016723871231079,1.776498794555664,1.518079400062561,0.4057541787624359,-0.24800972640514374,0.4316106140613556,0.8150062561035156,2.9004533290863037,1.4751121997833252,-0.38941457867622375,-0.40055859088897705,-0.41366347670555115,-0.4153948128223419,-0.4191259741783142,-0.4186617136001587,-0.42069748044013977,-0.4207644760608673]
[-0.42133569717407227,-0.42001256346702576,-0.42036202549934387,-0.419467568397522,-0.4188782572746277,-0.4177815020084381,-0.4170916974544525,-0.414292573928833,-0.3895013928413391,0.04897056519985199,2.487516403198242,2.9931819438934326,2.3869423866271973,-0.3012656569480896,-0.3345927596092224,-0.49735063314437866,-0.19291917979717255,0.7751607894897461,2.905543565750122,0.5940067768096924,-0.3916400074958801,-0.4000379145145416,-0.41476887464523315,-0.4166707992553711,-0.41913047432899475,-0.4187435507774353,-0.42045149207115173,-0.4208310544490814]
[-0.4212772846221924,-0.419210821390152,-0.420104056596756,-0.41974076628685,-0.4184282720088959,-0.41756924986839294,-0.4156649112701416,-0.4147481918334961,-0.3808923363685608,0.8162394762039185,3.08524227142334,2.748807430267334,1.3011844158172607,-0.30657947063446045,-0.372994065284729,-0.49072834849357605,-0.04468890279531479,1.9727985858917236,2.8713905811309814,-0.14140662550926208,-0.3933430314064026,-0.4018056392669678,-0.4157240390777588,-0.4178546667098999,-0.4183633327484131,-0.4191918969154358,-0.42198455333709717,-0.42131033539772034]
[-0.4213069975376129,-0.41995352506637573,-0.4199356436729431,-0.4194774925708771,-0.41878071427345276,-0.4175592362880707,-0.41619133949279785,-0.41323041915893555,-0.362010657787323,1.257804036140442,2.8768835067749023,3.181859016418457,-0.23056286573410034,-0.3894425630569458,-0.35248827934265137,-0.36049801111221313,1.776114821434021,2.8243188858032227,2.542966365814209,-0.3354794383049011,-0.3913952708244324,-0.4044933021068573,-0.4151391386985779,-0.41706565022468567,-0.41936570405960083,-0.4189249277114868,-0.42107611894607544,-0.42026379704475403]
[-0.42132577300071716,-0.4192951023578644,-0.41929683089256287,-0.4186464846134186,-0.41795268654823303,-0.41672801971435547,-0.4161425530910492,-0.41289660334587097,-0.39993739128112793,1.1493836641311646,3.5906779766082764,2.708073139190674,0.35359203815460205,-0.41436654329299927,-0.3072699010372162,1.621574878692627,2.666300058364868,2.590576171875,0.755919337272644,-0.35279640555381775,-0.39598792791366577,-0.40905165672302246,-0.41493046283721924,-0.4160376191139221,-0.4190540611743927,-0.41817522048950195,-0.4204990863800049,-0.4207887351512909]
[-0.4208766520023346,-0.42060136795043945,-0.41934385895729065,-0.4187861382961273,-0.4179733991622925,-0.41698595881462097,-0.4166821241378784,-0.41217342019081116,-0.37725651264190674,0.9982503652572632,2.6751346588134766,2.164321184158325,1.5989564657211304,2.179403305053711,2.782780885696411,2.6292543411254883,2.7247486114501953,1.2878543138504028,-0.3468049168586731,-0.3774391710758209,-0.39839601516723633,-0.41183018684387207,-0.41713130474090576,-0.41668787598609924,-0.42037490010261536,-0.4179386794567108,-0.42002663016319275,-0.4195486009120941]
[-0.42110827565193176,-0.4194618761539459,-0.41940543055534363,-0.41836661100387573,-0.41843873262405396,-0.41615453362464905,-0.41659015417099,-0.4119587540626526,-0.3959539830684662,-0.3796420693397522,1.767838478088379,2.328451156616211,2.328444719314575,2.79363751411438,2.4156718254089355,3.113246440887451,2.066009759902954,1.3434345722198486,-0.3606736660003662,-0.3833577334880829,-0.4022543728351593,-0.40831464529037476,-0.41678568720817566,-0.4155119061470032,-0.42005449533462524,-0.4187890887260437,-0.4209800958633423,-0.4207136034965515]
[-0.4200341999530792,-0.4194191098213196,-0.4199565052986145,-0.4187130630016327,-0.41814297437667847,-0.41581466794013977,-0.41731974482536316,-0.4129752218723297,-0.40252408385276794,-0.41191282868385315,1.2024821043014526,2.8166887760162354,2.9647881984710693,2.692124128341675,0.9356493949890137,2.666550636291504,2.750683546066284,2.3481462001800537,-0.3609459400177002,-0.3866268992424011,-0.4035782217979431,-0.40999332070350647,-0.416530042886734,-0.41708263754844666,-0.41905665397644043,-0.4188050925731659,-0.42185908555984497,-0.4205097556114197]
[-0.42009809613227844,-0.41848206520080566,-0.4191732704639435,-0.4166450798511505,-0.41748347878456116,-0.41480058431625366,-0.4155430793762207,-0.41263890266418457,-0.4093817174434662,-0.418720543384552,-0.43621334433555603,-0.6082638502120972,0.4463883340358734,0.9057447910308838,0.7048836946487427,1.8116859197616577,2.8446145057678223,2.708557605743408,-0.37484925985336304,-0.38927167654037476,-0.405664324760437,-0.41225844621658325,-0.416076123714447,-0.4169265627861023,-0.41773030161857605,-0.4191271662712097,-0.4211273193359375,-0.4200907051563263]
[-0.4199693500995636,-0.4186599850654602,-0.4181617796421051,-0.4177135229110718,-0.41820141673088074,-0.41586950421333313,-0.41715767979621887,-0.41242051124572754,-0.4100452661514282,-0.4118782877922058,-0.405285120010376,-0.4468153417110443,-0.4707010090351105,-0.38434913754463196,0.09980431199073792,2.5086400508880615,2.9019503593444824,2.532047986984253,-0.3666512370109558,-0.3946060836315155,-0.40592074394226074,-0.4128665030002594,-0.417990505695343,-0.41601648926734924,-0.4184671640396118,-0.4188539981842041,-0.42076703906059265,-0.4193466901779175]
[-0.4207989275455475,-0.41910743713378906,-0.41793495416641235,-0.416241317987442,-0.4174851179122925,-0.4143851399421692,-0.41711705923080444,-0.4125840961933136,-0.414354532957077,-0.41299986839294434,-0.41374820470809937,-0.4069843888282776,-0.38510122895240784,-0.4014286696910858,-0.3436052203178406,1.8120989799499512,2.3631322383880615,2.6598565578460693,-0.37055835127830505,-0.3946778178215027,-0.4074343144893646,-0.4124777317047119,-0.4171403646469116,-0.41657555103302,-0.4197186529636383,-0.4194260239601135,-0.420513391494751,-0.420170396566391]
[-0.4205128848552704,-0.41848471760749817,-0.4179780185222626,-0.4174431562423706,-0.4172818660736084,-0.4162833094596863,-0.418356716632843,-0.4164668321609497,-0.41782739758491516,-0.41640791296958923,-0.41174647212028503,-0.4082929193973541,-0.40801477432250977,-0.42609310150146484,-0.2813214063644409,1.6027169227600098,2.654574155807495,2.9234328269958496,-0.37525686621665955,-0.38910147547721863,-0.40936410427093506,-0.4119664430618286,-0.41933852434158325,-0.41681724786758423,-0.4187726080417633,-0.4191495180130005,-0.4207281470298767,-0.4203563332557678]
[-0.41932836174964905,-0.4190883934497833,-0.41902023553848267,-0.4174327850341797,-0.41783779859542847,-0.4152528941631317,-0.4188293516635895,-0.4154382646083832,-0.41782906651496887,-0.4144441485404968,-0.41708260774612427,-0.4115528166294098,-0.41085362434387207,-0.2010224461555481,0.041747257113456726,1.2741819620132446,2.422311782836914,2.0179669857025146,-0.3799097239971161,-0.37956392765045166,-0.41169026494026184,-0.4122465252876282,-0.417161762714386,-0.416005402803421,-0.41830840706825256,-0.4182334244251251,-0.420449823141098,-0.4201222062110901]
[-0.41870564222335815,-0.4186406433582306,-0.4188075661659241,-0.4174255132675171,-0.4179181158542633,-0.41558533906936646,-0.4182966649532318,-0.41670870780944824,-0.41630423069000244,-0.41751688718795776,-0.4193248450756073,-0.4163402318954468,-0.40051618218421936,-0.4038587212562561,0.6989707946777344,2.351865530014038,2.706407070159912,-0.2300076186656952,-0.3655463755130768,-0.3894026577472687,-0.40678995847702026,-0.4138447046279907,-0.4178668260574341,-0.4169696271419525,-0.4179108440876007,-0.4179344177246094,-0.42069268226623535,-0.42030248045921326]
[-0.42121949791908264,-0.4190426468849182,-0.4184791147708893,-0.41800111532211304,-0.4192090332508087,-0.4164150357246399,-0.41945114731788635,-0.41648033261299133,-0.41626304388046265,-0.41650688648223877,-0.4165489375591278,-0.41205742955207825,-0.41813674569129944,0.08918531239032745,1.304835319519043,2.7771830558776855,2.934858798980713,-0.28063398599624634,-0.38016629219055176,-0.3999691307544708,-0.4113352596759796,-0.414836049079895,-0.41661766171455383,-0.41615593433380127,-0.4182780086994171,-0.4178907871246338,-0.419881671667099,-0.4199482500553131]
[-0.4205138385295868,-0.4196900427341461,-0.4197796881198883,-0.41937267780303955,-0.42052555084228516,-0.4178777039051056,-0.4194362759590149,-0.41818860173225403,-0.41648879647254944,-0.41576364636421204,-0.4168922007083893,-0.41682443022727966,-0.3771759271621704,0.7360314130783081,1.076425313949585,2.606860876083374,3.650338888168335,1.2437255382537842,-0.41054803133010864,-0.40910014510154724,-0.4145268499851227,-0.4138282239437103,-0.41738444566726685,-0.4168657958507538,-0.4188499450683594,-0.4178403317928314,-0.41958802938461304,-0.41995975375175476]
[-0.41985875368118286,-0.4190954864025116,-0.4197944700717926,-0.418388307094574,-0.4193953573703766,-0.4173533022403717,-0.4193972945213318,-0.41775932908058167,-0.41800206899642944,-0.41701415181159973,-0.4183729887008667,-0.41311654448509216,-0.3993488550186157,-0.38595467805862427,-0.535671055316925,-0.3596568703651428,0.7316009998321533,-0.2644162178039551,-0.4033195376396179,-0.40951305627822876,-0.4147861897945404,-0.41371092200279236,-0.4174841344356537,-0.4160325229167938,-0.4186111092567444,-0.4171481132507324,-0.419584184885025,-0.41910603642463684]
[-0.4210684597492218,-0.41978225111961365,-0.4211472272872925,-0.4189904034137726,-0.41954028606414795,-0.41820502281188965,-0.4189417064189911,-0.41835829615592957,-0.41974443197250366,-0.41845986247062683,-0.417913019657135,-0.4228578209877014,-0.4036511778831482,-0.39730292558670044,-0.4598795175552368,-0.37414294481277466,-0.3965686559677124,-0.4284941256046295,-0.4086332619190216,-0.4081302583217621,-0.4139811098575592,-0.41559115052223206,-0.41789644956588745,-0.41728296875953674,-0.41936179995536804,-0.4179952144622803,-0.4199685752391815,-0.41912907361984253]
[-0.4214950203895569,-0.41870248317718506,-0.42070886492729187,-0.4192466735839844,-0.419861763715744,-0.4180300235748291,-0.4176652431488037,-0.4167482256889343,-0.42037346959114075,-0.4188758134841919,-0.41680920124053955,-0.4218457043170929,-0.41165077686309814,-0.41132867336273193,-0.429556280374527,-0.42050349712371826,-0.4316527247428894,-0.4093538820743561,-0.4080205261707306,-0.40565523505210876,-0.4133760929107666,-0.41641780734062195,-0.41972360014915466,-0.41722381114959717,-0.4199923574924469,-0.417072594165802,-0.4193137586116791,-0.41859832406044006]
[-0.4189924895763397,-0.41805538535118103,-0.41888248920440674,-0.4202272891998291,-0.4195825755596161,-0.41810503602027893,-0.4179331958293915,-0.41504669189453125,-0.4183144271373749,-0.4187749922275543,-0.41941383481025696,-0.4215427041053772,-0.4148978590965271,-0.41663452982902527,-0.4143596887588501,-0.42088982462882996,-0.42349183559417725,-0.4067966043949127,-0.4084673225879669,-0.40657806396484375,-0.4141779839992523,-0.4201591908931732,-0.41990926861763,-0.41885289549827576,-0.42029109597206116,-0.418364942073822,-0.41982123255729675,-0.415718674659729]
