[-0.4174598455429077,-0.41870129108428955,-0.419588565826416,-0.4185194969177246,-0.41983798146247864,-0.4186607897281647,-0.41914650797843933,-0.4181826710700989,-0.42003941535949707,-0.4196922183036804,-0.4216579794883728,-0.4165492653846741,-0.4205452501773834,-0.41801491379737854,-0.41936632990837097,-0.4191821217536926,-0.4207274317741394,-0.41873836517333984,-0.41915857791900635,-0.41788074374198914,-0.41826358437538147,-0.4176674485206604,-0.41958335041999817,-0.4186028838157654,-0.42091286182403564,-0.41878649592399597,-0.4182416498661041,-0.4133012890815735]
[-0.4192922115325928,-0.4198629558086395,-0.4202900826931,-0.4192062020301819,-0.41933730244636536,-0.41829922795295715,-0.41835641860961914,-0.4178035259246826,-0.4181593060493469,-0.4176182150840759,-0.4196113049983978,-0.4160168170928955,-0.4186849594116211,-0.4170313775539398,-0.4176356792449951,-0.41732391715049744,-0.4168250262737274,-0.4161941707134247,-0.41967853903770447,-0.41556164622306824,-0.41698458790779114,-0.4152108430862427,-0.41889944672584534,-0.41797664761543274,-0.4195050299167633,-0.41920939087867737,-0.4204431474208832,-0.41736868023872375]
[-0.4201659858226776,-0.41999709606170654,-0.41989296674728394,-0.4186623692512512,-0.420110821723938,-0.4194744825363159,-0.41923215985298157,-0.4182344973087311,-0.4203139543533325,-0.4177156984806061,-0.4180733263492584,-0.4177798926830292,-0.4173354506492615,-0.4151034355163574,-0.41437989473342896,-0.41504746675491333,-0.41710537672042847,-0.41617920994758606,-0.419303834438324,-0.41646555066108704,-0.41673019528388977,-0.4159798324108124,-0.4169759750366211,-0.4170849919319153,-0.41898709535598755,-0.41952836513519287,-0.4204839766025543,-0.4186724126338959]
[-0.4205193519592285,-0.4198181629180908,-0.4201611280441284,-0.41927430033683777,-0.4211587905883789,-0.4190232753753662,-0.42042237520217896,-0.418862909078598,-0.4206005036830902,-0.41995692253112793,-0.4184589684009552,-0.4172722399234772,-0.4183104336261749,-0.4182155132293701,-0.4156113266944885,-0.4160882830619812,-0.41793712973594666,-0.41770219802856445,-0.419211745262146,-0.4162277579307556,-0.4168548882007599,-0.4153241217136383,-0.4179864525794983,-0.4166269302368164,-0.418681263923645,-0.41821256279945374,-0.42041251063346863,-0.4198206961154938]
[-0.4199708104133606,-0.41983991861343384,-0.4194919764995575,-0.41804203391075134,-0.4202585220336914,-0.41882821917533875,-0.4197624921798706,-0.4183238744735718,-0.41960957646369934,-0.41606250405311584,-0.41260406374931335,-0.41385409235954285,-0.41581815481185913,-0.41045626997947693,-0.41119104623794556,-0.41152527928352356,-0.4153198003768921,-0.4134051501750946,-0.41309675574302673,-0.4139268100261688,-0.4165017604827881,-0.4145069122314453,-0.4170098304748535,-0.41642436385154724,-0.41919800639152527,-0.41910895705223083,-0.4209475517272949,-0.4205378592014313]
[-0.42032310366630554,-0.42008695006370544,-0.4194111227989197,-0.4183133542537689,-0.41964757442474365,-0.41895386576652527,-0.42049697041511536,-0.4185805320739746,-0.41841796040534973,-0.4157102406024933,-0.4117472469806671,-0.39492693543434143,-0.3868798613548279,-0.4212258756160736,-0.40183934569358826,-0.4126996099948883,-0.40883007645606995,-0.410188764333725,-0.4147656261920929,-0.4141487181186676,-0.4166502058506012,-0.4144863188266754,-0.41841286420822144,-0.41637060046195984,-0.418971985578537,-0.4184553027153015,-0.41995227336883545,-0.4201618731021881]
[-0.4207206070423126,-0.4198184609413147,-0.4191015362739563,-0.418371319770813,-0.4192403554916382,-0.4181835949420929,-0.4196058511734009,-0.41709718108177185,-0.4154873192310333,-0.4080771803855896,-0.35296380519866943,0.723405122756958,1.97117280960083,0.911087155342102,-0.17017275094985962,-0.38830167055130005,-0.41658470034599304,-0.4106880724430084,-0.41142159700393677,-0.4110445976257324,-0.41711539030075073,-0.4148314595222473,-0.4172334671020508,-0.41555288434028625,-0.41845041513442993,-0.41886675357818604,-0.4206089377403259,-0.42101794481277466]
[-0.42005181312561035,-0.41921013593673706,-0.4193595051765442,-0.41790562868118286,-0.4181865453720093,-0.4186275005340576,-0.4186318814754486,-0.4160051941871643,-0.41043543815612793,-0.3392290771007538,1.5817533731460571,2.845390796661377,3.0079329013824463,3.130812168121338,1.8803054094314575,1.65078604221344,-0.19397354125976562,-0.4020128548145294,-0.4070931673049927,-0.40884411334991455,-0.4144447445869446,-0.41313380002975464,-0.4173470139503479,-0.41710159182548523,-0.41897013783454895,-0.4194985628128052,-0.4209854006767273,-0.42178472876548767]
[-0.4200109541416168,-0.41944974660873413,-0.42007923126220703,-0.41828951239585876,-0.418003648519516,-0.41602781414985657,-0.4176722466945648,-0.4151817858219147,-0.4137900471687317,0.7816753387451172,2.8795104026794434,2.675652027130127,2.233288288116455,2.2880823612213135,2.8606293201446533,2.910271406173706,2.1054699420928955,-0.360293984413147,-0.4096834063529968,-0.4006275236606598,-0.4123501479625702,-0.414152055978775,-0.4168795049190521,-0.4160882532596588,-0.4197215735912323,-0.4192664325237274,-0.4210142195224762,-0.4204365909099579]
[-0.41997477412223816,-0.41893720626831055,-0.41924723982810974,-0.4177798926830292,-0.4181419909000397,-0.41635650396347046,-0.4183420240879059,-0.4121524691581726,-0.23458558320999146,2.067800760269165,2.7071852684020996,2.520634889602661,2.536651134490967,1.147813320159912,1.3519682884216309,2.4418487548828125,2.8907434940338135,0.9822272062301636,-0.4111892580986023,-0.3949314057826996,-0.4134986996650696,-0.4157635271549225,-0.4175446033477783,-0.41691938042640686,-0.41849175095558167,-0.4201406240463257,-0.4213864803314209,-0.42138922214508057]
[-0.41994717717170715,-0.4188877046108246,-0.41917312145233154,-0.41770777106285095,-0.41814902424812317,-0.41517096757888794,-0.41340649127960205,-0.3914901614189148,1.1968984603881836,2.8712100982666016,2.5626749992370605,2.553483486175537,1.535282015800476,0.6040545701980591,0.0450805127620697,1.6739411354064941,2.8872053623199463,1.532231092453003,-0.38961973786354065,-0.39729243516921997,-0.4145316481590271,-0.41610753536224365,-0.41741943359375,-0.41604292392730713,-0.4183136522769928,-0.41887494921684265,-0.4207945168018341,-0.42066672444343567]
[-0.4194606840610504,-0.4190201163291931,-0.4188880920410156,-0.41836029291152954,-0.4183322489261627,-0.4146065413951874,-0.4119189977645874,-0.1250552237033844,2.3239588737487793,2.599484920501709,2.391606092453003,2.90376353263855,2.15561580657959,0.7422128915786743,0.6075814962387085,2.845794677734375,2.7609028816223145,0.35945895314216614,-0.3860478699207306,-0.39947283267974854,-0.41407114267349243,-0.41627177596092224,-0.4172368347644806,-0.41641658544540405,-0.4188382029533386,-0.4178401529788971,-0.4203682839870453,-0.4194841682910919]
[-0.4196564257144928,-0.41888490319252014,-0.4183427691459656,-0.4171709418296814,-0.4183056652545929,-0.41326242685317993,-0.4134429097175598,0.8335121870040894,2.611398458480835,3.2114319801330566,2.6223063468933105,2.095202684402466,2.4481425285339355,2.0474839210510254,2.863755702972412,2.721222162246704,2.2909979820251465,-0.3571694493293762,-0.394524484872818,-0.4036289155483246,-0.41000357270240784,-0.41390717029571533,-0.41776132583618164,-0.4145980477333069,-0.41801726818084717,-0.41687852144241333,-0.4205003082752228,-0.4199724495410919]
[-0.42003175616264343,-0.4191283583641052,-0.4182355999946594,-0.41816189885139465,-0.4175742268562317,-0.4131094813346863,-0.4322907030582428,0.7676428556442261,2.7640483379364014,2.7942471504211426,2.3979263305664062,1.276766061782837,0.3518562316894531,1.055346965789795,3.3697071075439453,1.8921325206756592,2.2385189533233643,-0.38429978489875793,-0.3870839774608612,-0.4013794958591461,-0.41179290413856506,-0.4149963855743408,-0.41731151938438416,-0.4155215919017792,-0.4180653691291809,-0.41764214634895325,-0.4205373227596283,-0.42015647888183594]
[-0.42013224959373474,-0.4185205101966858,-0.41854265332221985,-0.41719216108322144,-0.41642993688583374,-0.41267117857933044,-0.4030768573284149,0.4238798916339874,2.947272300720215,2.7163913249969482,2.314497470855713,0.9760137796401978,-0.10395601391792297,0.9149752855300903,2.738459348678589,2.470865249633789,1.5621012449264526,-0.32585883140563965,-0.36519891023635864,-0.39502036571502686,-0.40867879986763,-0.41369661688804626,-0.41726070642471313,-0.4161585867404938,-0.41869065165519714,-0.4176921248435974,-0.419080913066864,-0.42006176710128784]
[-0.42066407203674316,-0.4191717207431793,-0.41863158345222473,-0.4178332984447479,-0.41756293177604675,-0.41320332884788513,-0.3935362696647644,0.20236605405807495,2.827436923980713,2.8418362140655518,2.5752968788146973,1.7490959167480469,1.5342687368392944,2.9832940101623535,2.5796706676483154,2.6422178745269775,2.5378634929656982,2.0672824382781982,-0.29576826095581055,-0.3697112500667572,-0.4004267156124115,-0.4124410152435303,-0.41934841871261597,-0.41800713539123535,-0.41880255937576294,-0.4183296263217926,-0.41944316029548645,-0.4207172393798828]
[-0.4206882417201996,-0.4181201457977295,-0.4179331362247467,-0.417376846075058,-0.4165911376476288,-0.4143185317516327,-0.3935498297214508,-0.19355422258377075,2.395843505859375,2.7247962951660156,2.544438123703003,2.3989853858947754,2.6735024452209473,2.7439188957214355,3.0828118324279785,1.7141677141189575,3.3755133152008057,3.7243008613586426,1.8282382488250732,-0.3822818398475647,-0.39694690704345703,-0.41118282079696655,-0.4176742732524872,-0.4174506962299347,-0.41807976365089417,-0.41825398802757263,-0.41941043734550476,-0.41933101415634155]
[-0.42135879397392273,-0.4193643033504486,-0.41760489344596863,-0.41725531220436096,-0.41820695996284485,-0.4152119755744934,-0.39962467551231384,-0.3610469102859497,2.462021589279175,3.1494140625,2.228947877883911,1.7745198011398315,2.0409996509552,0.32675549387931824,0.8351002931594849,2.4690158367156982,2.5195372104644775,2.5266900062561035,2.7459218502044678,-0.21628330647945404,-0.3937113881111145,-0.40422314405441284,-0.41556695103645325,-0.41828352212905884,-0.418416827917099,-0.4189741909503937,-0.4197525084018707,-0.4192645251750946]
[-0.41965240240097046,-0.41823241114616394,-0.41790273785591125,-0.41708728671073914,-0.41860416531562805,-0.41468310356140137,-0.4057583510875702,-0.39454400539398193,2.2710812091827393,2.7465274333953857,2.583693742752075,2.4832136631011963,1.103753685951233,-0.3816429674625397,-0.37959808111190796,-0.4998073875904083,0.43310484290122986,2.4072813987731934,2.5214426517486572,0.8776830434799194,-0.3870234489440918,-0.4014996290206909,-0.4144391715526581,-0.417919784784317,-0.419091135263443,-0.41859832406044006,-0.4193771481513977,-0.41981303691864014]
[-0.41961753368377686,-0.41794759035110474,-0.4176314175128937,-0.41619110107421875,-0.4189009666442871,-0.41505730152130127,-0.41180625557899475,-0.39709481596946716,1.8675822019577026,2.653418779373169,2.8509914875030518,2.359076499938965,0.2196696400642395,-0.3832117021083832,-0.3860495388507843,-0.48839297890663147,0.9272918701171875,2.7662367820739746,2.5890841484069824,1.2339102029800415,-0.3898041844367981,-0.3981369435787201,-0.41658008098602295,-0.4184621572494507,-0.4197830855846405,-0.4186052083969116,-0.42047354578971863,-0.4191332161426544]
[-0.42067989706993103,-0.41807156801223755,-0.417940616607666,-0.4160490334033966,-0.4172142744064331,-0.4140516519546509,-0.4125080704689026,-0.4015275239944458,1.3735688924789429,2.7300658226013184,2.7720417976379395,1.8423752784729004,-0.2164621353149414,-0.39096421003341675,-0.37862566113471985,-0.5303328633308411,0.9940907955169678,2.7053935527801514,2.776232957839966,0.9538770914077759,-0.3896210491657257,-0.40442779660224915,-0.4175804555416107,-0.4179966449737549,-0.41987380385398865,-0.4183576703071594,-0.42068472504615784,-0.41881299018859863]
[-0.419351190328598,-0.4185493588447571,-0.41821545362472534,-0.41716304421424866,-0.41761088371276855,-0.4158257842063904,-0.41202428936958313,-0.40404611825942993,0.494677871465683,3.00738525390625,2.979440927505493,2.5524580478668213,0.8911287784576416,-0.4441339075565338,-0.3181365132331848,-0.140998974442482,1.363486886024475,1.847329020500183,2.656576633453369,0.268633097410202,-0.392896443605423,-0.4080183804035187,-0.4178933799266815,-0.41915109753608704,-0.42075806856155396,-0.41925856471061707,-0.4206429123878479,-0.4177533984184265]
[-0.41872093081474304,-0.41790664196014404,-0.41857025027275085,-0.41605666279792786,-0.4170335531234741,-0.41513749957084656,-0.41338464617729187,-0.41294538974761963,-0.3395639657974243,1.694862961769104,2.526362180709839,2.96492862701416,2.365334987640381,0.9334571361541748,1.8826916217803955,2.8547048568725586,2.0394065380096436,2.1383109092712402,2.324270009994507,-0.23663806915283203,-0.40174251794815063,-0.41136497259140015,-0.4180879294872284,-0.4193267822265625,-0.42059823870658875,-0.418898344039917,-0.4203417897224426,-0.41808703541755676]
[-0.4191247224807739,-0.41814255714416504,-0.41925671696662903,-0.41771551966667175,-0.4189874529838562,-0.41763967275619507,-0.41519758105278015,-0.4111824631690979,-0.4116455912590027,-0.30113065242767334,1.4019087553024292,3.007930040359497,3.0063695907592773,3.3512461185455322,2.9060747623443604,2.877694845199585,2.4484243392944336,2.4958603382110596,0.03187571465969086,-0.39393723011016846,-0.4029962122440338,-0.41305845975875854,-0.41990476846694946,-0.42054569721221924,-0.42073893547058105,-0.41934841871261597,-0.4194871485233307,-0.41822895407676697]
[-0.4193395674228668,-0.4170128107070923,-0.4185943901538849,-0.4167926609516144,-0.4186967611312866,-0.4157547950744629,-0.41672250628471375,-0.4136101305484772,-0.4054863750934601,-0.47650524973869324,-0.48923641443252563,0.8805198669433594,1.8156495094299316,1.4568551778793335,1.5138362646102905,1.098002314567566,1.2123104333877563,0.1355949342250824,-0.3996836543083191,-0.4078613519668579,-0.40697231888771057,-0.41496437788009644,-0.419902503490448,-0.41957589983940125,-0.42069515585899353,-0.4189251959323883,-0.4200143814086914,-0.4189496636390686]
[-0.4197762906551361,-0.4184892773628235,-0.41966262459754944,-0.41901862621307373,-0.41915419697761536,-0.41739311814308167,-0.41734832525253296,-0.4130112826824188,-0.40687114000320435,-0.3975616991519928,-0.47092199325561523,-0.5220018625259399,-0.4382764995098114,-0.3379021883010864,-0.30443501472473145,-0.3643779754638672,-0.39567962288856506,-0.42928868532180786,-0.41637730598449707,-0.40999677777290344,-0.4122994542121887,-0.41649019718170166,-0.41938018798828125,-0.41903597116470337,-0.42061516642570496,-0.4197712242603302,-0.4199223816394806,-0.41878193616867065]
[-0.41978639364242554,-0.41674113273620605,-0.41985592246055603,-0.4179786443710327,-0.418536901473999,-0.4172075092792511,-0.4161101281642914,-0.41379407048225403,-0.4201143980026245,-0.4094010889530182,-0.43336227536201477,-0.4358886182308197,-0.4082459807395935,-0.3875129818916321,-0.38280296325683594,-0.3958365023136139,-0.4030899703502655,-0.39405548572540283,-0.4093323349952698,-0.4075365364551544,-0.4116533100605011,-0.4152457118034363,-0.41956979036331177,-0.4176368713378906,-0.4191509187221527,-0.41773900389671326,-0.4194799065589905,-0.4174550771713257]
[-0.41806766390800476,-0.419417142868042,-0.4195293188095093,-0.41971516609191895,-0.41988471150398254,-0.4188152253627777,-0.4168424606323242,-0.41650840640068054,-0.4201308488845825,-0.41525986790657043,-0.417829692363739,-0.41176897287368774,-0.4082236886024475,-0.407807856798172,-0.3979850709438324,-0.40165975689888,-0.40568453073501587,-0.3982272744178772,-0.4076980650424957,-0.40949326753616333,-0.4100078344345093,-0.41528522968292236,-0.4172050356864929,-0.4166628122329712,-0.4181349277496338,-0.41683143377304077,-0.4185025095939636,-0.41369226574897766]
