[-0.41748547554016113,-0.41904306411743164,-0.4208209812641144,-0.41915425658226013,-0.42056944966316223,-0.41751828789711,-0.4179375171661377,-0.418194055557251,-0.42074790596961975,-0.41894325613975525,-0.4175114929676056,-0.4167623519897461,-0.41908326745033264,-0.41678187251091003,-0.4182923138141632,-0.41537243127822876,-0.4176788330078125,-0.4158583879470825,-0.41724464297294617,-0.41543933749198914,-0.41987091302871704,-0.4186423122882843,-0.4194102883338928,-0.42167234420776367,-0.4211353659629822,-0.41842183470726013,-0.4223058819770813,-0.4251348674297333]
[-0.4188157916069031,-0.419654905796051,-0.420366495847702,-0.4188355505466461,-0.4198695719242096,-0.41927891969680786,-0.41859760880470276,-0.41828256845474243,-0.4213673770427704,-0.4198915362358093,-0.4188595712184906,-0.41622695326805115,-0.41831451654434204,-0.415077805519104,-0.4146661162376404,-0.41219061613082886,-0.4161185324192047,-0.41185933351516724,-0.4148658812046051,-0.4128584563732147,-0.41579926013946533,-0.4150557219982147,-0.4155825078487396,-0.41588908433914185,-0.4185885190963745,-0.418591171503067,-0.42142581939697266,-0.42620980739593506]
[-0.4210264980792999,-0.41971346735954285,-0.4202384650707245,-0.4191114604473114,-0.4204017221927643,-0.4181864857673645,-0.41795527935028076,-0.4181582033634186,-0.4213002324104309,-0.41931357979774475,-0.4182833433151245,-0.4168669283390045,-0.4188898503780365,-0.4150163233280182,-0.41391292214393616,-0.4112066626548767,-0.41436511278152466,-0.4099750220775604,-0.41443902254104614,-0.41274479031562805,-0.4163060188293457,-0.41393589973449707,-0.41373077034950256,-0.41613689064979553,-0.41657754778862,-0.4172680974006653,-0.4191626310348511,-0.4204311966896057]
[-0.42042994499206543,-0.4201344847679138,-0.4200189411640167,-0.41886278986930847,-0.4195763170719147,-0.4182613492012024,-0.4188832640647888,-0.41828739643096924,-0.41976019740104675,-0.4178772270679474,-0.41799449920654297,-0.416343092918396,-0.41721048951148987,-0.41376176476478577,-0.41377413272857666,-0.41046759486198425,-0.41441258788108826,-0.4124371409416199,-0.41584312915802,-0.4149886965751648,-0.41483351588249207,-0.4158259928226471,-0.4150037467479706,-0.4168858826160431,-0.41732633113861084,-0.41854220628738403,-0.4192453622817993,-0.4199742376804352]
[-0.4200776517391205,-0.4195592403411865,-0.4197532832622528,-0.4183324873447418,-0.4187901020050049,-0.41735267639160156,-0.41946128010749817,-0.4180968403816223,-0.41882190108299255,-0.41717496514320374,-0.418377161026001,-0.4154512286186218,-0.41534557938575745,-0.4114430546760559,-0.41087692975997925,-0.4132508635520935,-0.4130091369152069,-0.41527459025382996,-0.4150215983390808,-0.41113215684890747,-0.41081729531288147,-0.4105243682861328,-0.41417860984802246,-0.41487088799476624,-0.41627198457717896,-0.4166529178619385,-0.41967374086380005,-0.4202301502227783]
[-0.42076557874679565,-0.41977566480636597,-0.4199713170528412,-0.41909295320510864,-0.4195224344730377,-0.4181325137615204,-0.4188652038574219,-0.4185756742954254,-0.41966551542282104,-0.4181145131587982,-0.4190407991409302,-0.4152407944202423,-0.415345698595047,-0.4086735248565674,-0.4041508436203003,-0.4035157561302185,-0.41282448172569275,-0.41582930088043213,-0.4058232009410858,-0.4038282632827759,-0.4040434956550598,-0.4084135591983795,-0.4135230779647827,-0.4135376513004303,-0.41816192865371704,-0.416856974363327,-0.4197350740432739,-0.4198649525642395]
[-0.42129677534103394,-0.4197107255458832,-0.4197036027908325,-0.41874438524246216,-0.41929689049720764,-0.41754743456840515,-0.41921350359916687,-0.41752171516418457,-0.4184114336967468,-0.41481202840805054,-0.41480574011802673,-0.40925589203834534,-0.40211033821105957,-0.39166364073753357,-0.4198988676071167,-0.2923261523246765,-0.16831056773662567,-0.32544198632240295,-0.3640265464782715,-0.36519649624824524,-0.3870311975479126,-0.3976956307888031,-0.41087761521339417,-0.41201698780059814,-0.41633227467536926,-0.4178200662136078,-0.41916221380233765,-0.4197944402694702]
[-0.4215880036354065,-0.4201461374759674,-0.4204787611961365,-0.41866588592529297,-0.4193462133407593,-0.41784214973449707,-0.41882771253585815,-0.41714513301849365,-0.41658905148506165,-0.414407342672348,-0.4033122956752777,-0.3742294907569885,-0.3452827036380768,0.043042510747909546,1.0954439640045166,2.069314956665039,3.5034775733947754,2.338918685913086,2.076336622238159,1.3802498579025269,-0.4360795319080353,-0.3964802920818329,-0.4071477949619293,-0.41041848063468933,-0.4163821339607239,-0.4179687201976776,-0.4199295938014984,-0.4187728762626648]
[-0.4202641546726227,-0.4190911650657654,-0.42125076055526733,-0.41915762424468994,-0.4199252426624298,-0.41792163252830505,-0.41823330521583557,-0.4144444465637207,-0.4092494249343872,-0.4006161689758301,-0.32700031995773315,0.986098051071167,2.378784656524658,3.1496615409851074,2.9576847553253174,2.7179934978485107,2.6587700843811035,2.1220169067382812,2.8076157569885254,3.1713268756866455,0.40668585896492004,-0.3838668763637543,-0.4064175486564636,-0.41113102436065674,-0.4160190522670746,-0.41765397787094116,-0.41991424560546875,-0.4195080101490021]
[-0.421379953622818,-0.4198482930660248,-0.4213130474090576,-0.4188683331012726,-0.41989627480506897,-0.4182799458503723,-0.4167795181274414,-0.41484642028808594,-0.40183353424072266,-0.3564324975013733,1.4220213890075684,3.1662979125976562,3.114299774169922,2.454383373260498,1.549562692642212,-0.1916961818933487,-0.3473585247993469,0.4868742525577545,2.421938419342041,2.584228515625,0.9852278232574463,-0.3730892539024353,-0.4047715663909912,-0.4126341938972473,-0.41609305143356323,-0.4179881513118744,-0.42020392417907715,-0.41999056935310364]
[-0.419962614774704,-0.420094758272171,-0.4202533960342407,-0.41979995369911194,-0.4190640151500702,-0.4170321822166443,-0.4144148528575897,-0.4106700122356415,-0.36959108710289,1.2896109819412231,2.762113332748413,3.0109446048736572,2.078253984451294,-0.17068125307559967,-0.39424067735671997,-0.3891579806804657,-0.3910083770751953,1.1089123487472534,2.2927799224853516,2.733757257461548,0.6959934234619141,-0.35906368494033813,-0.3960701823234558,-0.41263362765312195,-0.4179912507534027,-0.41774964332580566,-0.42052513360977173,-0.42030200362205505]
[-0.41870296001434326,-0.4191417694091797,-0.41888460516929626,-0.41914066672325134,-0.4193820357322693,-0.4167734980583191,-0.41440296173095703,-0.4113295078277588,0.09396152198314667,2.300286054611206,2.7210888862609863,2.941457748413086,-0.032258570194244385,-0.3906398117542267,-0.39851972460746765,-0.3908270597457886,-0.35081756114959717,1.9665727615356445,2.147503137588501,3.0012502670288086,0.5964934825897217,-0.3639533519744873,-0.4020232856273651,-0.41343507170677185,-0.4192967712879181,-0.4184708595275879,-0.4206411838531494,-0.4215191602706909]
[-0.42068058252334595,-0.4196535050868988,-0.4187413454055786,-0.4183359444141388,-0.4183546006679535,-0.4156794548034668,-0.4071039855480194,-0.3877730071544647,1.4469232559204102,2.9801342487335205,2.415804624557495,0.9575576782226562,-0.4030941128730774,-0.4119667112827301,-0.4033241868019104,-0.45015421509742737,-0.3967306613922119,2.9373512268066406,2.5741384029388428,3.1401026248931885,-0.2945060133934021,-0.37693265080451965,-0.40410298109054565,-0.4144872725009918,-0.4189583957195282,-0.4185944199562073,-0.42045852541923523,-0.42150717973709106]
[-0.4204592704772949,-0.41943827271461487,-0.41902968287467957,-0.4188286066055298,-0.41925328969955444,-0.4146164655685425,-0.40270188450813293,-0.2926149070262909,2.434088945388794,2.9362518787384033,2.03596830368042,-0.35068824887275696,-0.3966381251811981,-0.4062674641609192,-0.3966199457645416,-0.4906995892524719,0.8596745729446411,2.700385570526123,2.5807547569274902,1.4600731134414673,-0.360432505607605,-0.38750985264778137,-0.40818506479263306,-0.41525158286094666,-0.41824522614479065,-0.418999046087265,-0.4212426543235779,-0.421484112739563]
[-0.4205245077610016,-0.4186677932739258,-0.4198888838291168,-0.41755348443984985,-0.41839107871055603,-0.4142662286758423,-0.3985593318939209,-0.1303669512271881,2.9863555431365967,2.928046226501465,1.5653553009033203,-0.4149470627307892,-0.4418633282184601,-0.44269686937332153,-0.3993997275829315,-0.204682856798172,2.3110857009887695,2.3508567810058594,2.3351621627807617,-0.24642401933670044,-0.38804182410240173,-0.4027760326862335,-0.4130057096481323,-0.416639506816864,-0.41832536458969116,-0.4177587926387787,-0.4220179319381714,-0.4217269718647003]
[-0.42011818289756775,-0.4187849462032318,-0.419899582862854,-0.41878780722618103,-0.41841405630111694,-0.41360217332839966,-0.39814868569374084,-0.38243648409843445,2.170238494873047,3.285118579864502,1.6167654991149902,0.3497547507286072,-0.3508806526660919,-0.4636038839817047,-0.21747174859046936,2.3737316131591797,3.031268358230591,2.540792942047119,1.7119029760360718,-0.34870922565460205,-0.39214473962783813,-0.41119351983070374,-0.4155117869377136,-0.41834691166877747,-0.41938212513923645,-0.41933849453926086,-0.42186829447746277,-0.4223182499408722]
[-0.4207814633846283,-0.41897356510162354,-0.4187060296535492,-0.41771572828292847,-0.41814908385276794,-0.4143833518028259,-0.4061267077922821,-0.40357643365859985,0.6167474985122681,1.7486217021942139,1.0332523584365845,1.0751776695251465,1.3084169626235962,0.25655004382133484,1.8782943487167358,2.966207504272461,3.2792162895202637,2.1418375968933105,-0.007724367082118988,-0.3734128475189209,-0.4002169668674469,-0.4110827147960663,-0.41797229647636414,-0.41779688000679016,-0.4197938144207001,-0.4185100197792053,-0.420331746339798,-0.4212190508842468]
[-0.4212251603603363,-0.41916757822036743,-0.4194672405719757,-0.41794952750205994,-0.41790586709976196,-0.4148421287536621,-0.40981799364089966,-0.40939393639564514,-0.4314579665660858,-0.39256566762924194,-0.4090137779712677,-0.3738333284854889,0.33512556552886963,1.4649603366851807,2.93851637840271,2.585630178451538,2.710273504257202,0.8321839570999146,-0.3517214357852936,-0.3856099843978882,-0.40610188245773315,-0.4131872057914734,-0.41927292943000793,-0.41926026344299316,-0.42055249214172363,-0.4197728931903839,-0.4209759831428528,-0.42059561610221863]
[-0.42055365443229675,-0.4188823997974396,-0.4186966121196747,-0.41816580295562744,-0.4177319407463074,-0.4177350699901581,-0.4140606224536896,-0.4144957959651947,-0.41358885169029236,-0.4070141315460205,-0.4002838730812073,-0.31399962306022644,1.1008713245391846,2.3550572395324707,3.2319016456604004,2.5182266235351562,1.591866374015808,-0.28699690103530884,-0.38287386298179626,-0.3962605595588684,-0.4112173020839691,-0.41327351331710815,-0.41937175393104553,-0.41881224513053894,-0.42018359899520874,-0.4190461337566376,-0.42109188437461853,-0.42080000042915344]
[-0.4207671880722046,-0.4187171161174774,-0.4187494218349457,-0.41774287819862366,-0.4172472655773163,-0.4187779724597931,-0.41654935479164124,-0.4141165614128113,-0.4058610498905182,-0.4027012586593628,-0.42490559816360474,0.6527713537216187,2.5818378925323486,2.8785245418548584,2.637974739074707,1.5067206621170044,-0.3878675401210785,-0.39351165294647217,-0.3906295597553253,-0.4069633185863495,-0.4162217974662781,-0.4157082140445709,-0.4186122417449951,-0.4178403615951538,-0.4197118580341339,-0.42002496123313904,-0.42038071155548096,-0.41976311802864075]
[-0.4201240837574005,-0.4183458983898163,-0.41783976554870605,-0.4158262014389038,-0.4179154932498932,-0.4172389805316925,-0.4178110659122467,-0.4154374301433563,-0.4142664968967438,-0.4058786630630493,-0.3518589735031128,1.4304730892181396,2.5081193447113037,2.4829463958740234,1.8167146444320679,-0.3253883719444275,-0.38308706879615784,-0.3942547142505646,-0.40474408864974976,-0.4104994833469391,-0.41701650619506836,-0.4165239632129669,-0.4186449348926544,-0.4171983599662781,-0.41904863715171814,-0.41935816407203674,-0.42048871517181396,-0.4202965497970581]
[-0.41911232471466064,-0.41834622621536255,-0.4177176356315613,-0.4165125787258148,-0.4181865453720093,-0.41747036576271057,-0.418315052986145,-0.41593506932258606,-0.413595974445343,-0.4006800949573517,-0.25817185640335083,1.762763500213623,3.0785603523254395,2.360097885131836,0.5714681148529053,-0.3633253574371338,-0.38870084285736084,-0.40180134773254395,-0.41249749064445496,-0.4113621711730957,-0.4168417453765869,-0.4165749251842499,-0.41828131675720215,-0.4183868169784546,-0.4197153151035309,-0.4194175601005554,-0.4204576909542084,-0.4197339415550232]
[-0.4197608530521393,-0.4182129204273224,-0.41801828145980835,-0.4155449867248535,-0.41741499304771423,-0.41642940044403076,-0.4193497598171234,-0.41698578000068665,-0.41791728138923645,-0.40743038058280945,-0.35751357674598694,2.519378662109375,3.448009490966797,2.147848606109619,-0.40604522824287415,-0.39147719740867615,-0.39479249715805054,-0.40452927350997925,-0.4130178689956665,-0.4102691411972046,-0.41544342041015625,-0.41423696279525757,-0.41753754019737244,-0.41671693325042725,-0.419013112783432,-0.41899004578590393,-0.42021772265434265,-0.41896259784698486]
[-0.4197137653827667,-0.4183439612388611,-0.4177076518535614,-0.4161050021648407,-0.4184328317642212,-0.4181073307991028,-0.4200723469257355,-0.4165591895580292,-0.4148173928260803,-0.40977171063423157,-0.4254092276096344,2.8943967819213867,2.3424715995788574,0.04091280698776245,-0.39372673630714417,-0.3897366523742676,-0.39920952916145325,-0.40672627091407776,-0.41453126072883606,-0.41379112005233765,-0.4156554639339447,-0.4151560962200165,-0.4176456332206726,-0.41704121232032776,-0.4195195734500885,-0.4186873733997345,-0.4200376272201538,-0.41912201046943665]
[-0.4189205765724182,-0.4180416762828827,-0.41790151596069336,-0.41598477959632874,-0.4186271131038666,-0.41630983352661133,-0.4185633063316345,-0.4171271026134491,-0.41354259848594666,-0.40386560559272766,0.806664228439331,3.4009053707122803,1.6638609170913696,-0.36076441407203674,-0.4110395908355713,-0.39265137910842896,-0.40782630443573,-0.4097304344177246,-0.41492900252342224,-0.4123908281326294,-0.4161228835582733,-0.4150993824005127,-0.4175172448158264,-0.4167121350765228,-0.41919395327568054,-0.41761937737464905,-0.42073917388916016,-0.4196718633174896]
[-0.4187294840812683,-0.41836193203926086,-0.41884487867355347,-0.4169369041919708,-0.4186393916606903,-0.41764384508132935,-0.4188390076160431,-0.41827642917633057,-0.4144468903541565,-0.4106161296367645,1.5527241230010986,5.172084808349609,1.6710015535354614,-0.38258635997772217,-0.4126721918582916,-0.4046805202960968,-0.4167155623435974,-0.4136386215686798,-0.41554170846939087,-0.41568925976753235,-0.4153457283973694,-0.41638633608818054,-0.419030100107193,-0.41756176948547363,-0.41903671622276306,-0.4181704819202423,-0.4199257493019104,-0.41928601264953613]
[-0.419789582490921,-0.41746723651885986,-0.4199679493904114,-0.4171983003616333,-0.4184754490852356,-0.4161073863506317,-0.4183720052242279,-0.41836369037628174,-0.41200631856918335,-0.40601134300231934,0.6811598539352417,1.6385176181793213,0.6227319240570068,-0.39761221408843994,-0.42126041650772095,-0.41586318612098694,-0.4193200469017029,-0.4157262444496155,-0.41931524872779846,-0.41770806908607483,-0.41810253262519836,-0.4163556396961212,-0.4189393222332001,-0.41724348068237305,-0.4191719889640808,-0.41711604595184326,-0.4193381369113922,-0.4184708595275879]
[-0.41774290800094604,-0.4184742271900177,-0.4200303554534912,-0.4200267791748047,-0.4201090931892395,-0.41937828063964844,-0.4199519753456116,-0.420175164937973,-0.41153478622436523,-0.39499980211257935,-0.3641005754470825,-0.18749578297138214,-0.37504082918167114,-0.4063095450401306,-0.41373613476753235,-0.4207669794559479,-0.41891705989837646,-0.415905624628067,-0.42057549953460693,-0.42037609219551086,-0.41856834292411804,-0.4173271059989929,-0.41950640082359314,-0.41904711723327637,-0.41979748010635376,-0.41949060559272766,-0.41999551653862,-0.41798004508018494]
