[-0.41666561365127563,-0.41791024804115295,-0.41961899399757385,-0.4185384511947632,-0.41916510462760925,-0.4188591539859772,-0.42020323872566223,-0.417871356010437,-0.42091476917266846,-0.4188842475414276,-0.42183104157447815,-0.4206349849700928,-0.42531460523605347,-0.4203466773033142,-0.42336541414260864,-0.42232537269592285,-0.42093801498413086,-0.4124244451522827,-0.42289653420448303,-0.3948908746242523,-0.39355817437171936,-0.3976527154445648,-0.3939370810985565,-0.40561842918395996,-0.4063345491886139,-0.3989940881729126,-0.4207383990287781,-0.40342774987220764]
[-0.4189929962158203,-0.419303297996521,-0.4197455942630768,-0.4184158444404602,-0.41912025213241577,-0.4181134104728699,-0.41867271065711975,-0.41777288913726807,-0.4193485379219055,-0.4183290898799896,-0.41956156492233276,-0.4177926182746887,-0.4226312041282654,-0.41629377007484436,-0.41678550839424133,-0.4148879647254944,-0.42184290289878845,-0.41282835602760315,-0.4230458736419678,-0.41406992077827454,-0.39064663648605347,-0.3983781933784485,-0.404287189245224,-0.40797653794288635,-0.407987505197525,-0.4068177342414856,-0.4017985165119171,-0.40958359837532043]
[-0.4210261404514313,-0.4194242060184479,-0.4197002947330475,-0.4190276265144348,-0.41965436935424805,-0.4187859296798706,-0.4192553758621216,-0.4187203347682953,-0.41978567838668823,-0.41956353187561035,-0.41702136397361755,-0.4202578067779541,-0.4239967167377472,-0.4245039224624634,-0.41587257385253906,-0.4213096797466278,-0.4229654371738434,-0.42412152886390686,-0.41826334595680237,-0.415183961391449,-0.4119863510131836,-0.41234415769577026,-0.4165610074996948,-0.4125451445579529,-0.4132917523384094,-0.4146641790866852,-0.41510894894599915,-0.4149632751941681]
[-0.421288400888443,-0.4201063811779022,-0.42061561346054077,-0.41956067085266113,-0.42042475938796997,-0.4197542369365692,-0.4195926785469055,-0.41941556334495544,-0.4203642010688782,-0.417625367641449,-0.41636228561401367,-0.4133220911026001,-0.4189666211605072,-0.40010783076286316,-0.3815031349658966,-0.3730405867099762,-0.39817550778388977,-0.45004287362098694,-0.4299522638320923,-0.3964902460575104,-0.3942258656024933,-0.41010528802871704,-0.4084215760231018,-0.41437408328056335,-0.4133550822734833,-0.41472211480140686,-0.4160849153995514,-0.41802966594696045]
[-0.42056694626808167,-0.4197937846183777,-0.42014530301094055,-0.4194835424423218,-0.4206289052963257,-0.4194819927215576,-0.41836848855018616,-0.41800758242607117,-0.41740334033966064,-0.4109356999397278,-0.3864295482635498,-0.3671098053455353,-0.3246084153652191,-0.40425899624824524,-0.41493552923202515,-0.32329094409942627,-0.07972148060798645,-0.15586940944194794,-0.27996230125427246,-0.3429596424102783,-0.3515472710132599,-0.3649035394191742,-0.398945689201355,-0.40617895126342773,-0.41414254903793335,-0.41518262028694153,-0.41649702191352844,-0.41744905710220337]
[-0.4204915463924408,-0.4195541739463806,-0.4202713668346405,-0.41939958930015564,-0.41999852657318115,-0.41969892382621765,-0.4185938835144043,-0.41835376620292664,-0.41803404688835144,-0.39823660254478455,-0.14594222605228424,1.6217492818832397,3.676637887954712,2.557591438293457,2.9189937114715576,2.8804898262023926,3.650759220123291,3.677999496459961,3.5827136039733887,2.11782169342041,1.4296356439590454,0.1622968316078186,-0.39438825845718384,-0.399621844291687,-0.41283178329467773,-0.41472169756889343,-0.4163365960121155,-0.4185726046562195]
[-0.4216232895851135,-0.4193006753921509,-0.4198708236217499,-0.4189578890800476,-0.4199581444263458,-0.4189118444919586,-0.41829538345336914,-0.4163224697113037,-0.41739505529403687,-0.3983783423900604,2.580211639404297,2.690333843231201,2.866102933883667,2.552309036254883,3.208040952682495,2.7578341960906982,3.0961103439331055,2.327324390411377,2.701786994934082,2.555077314376831,2.1862010955810547,0.5077468156814575,-0.380980521440506,-0.3966100513935089,-0.4119237959384918,-0.4139748513698578,-0.41645070910453796,-0.4169866442680359]
[-0.4214487671852112,-0.4201556146144867,-0.41982731223106384,-0.4190060496330261,-0.420127272605896,-0.4181426763534546,-0.4175293743610382,-0.41656050086021423,-0.41765668988227844,-0.28699928522109985,1.770404577255249,2.319125175476074,1.7609130144119263,1.729335904121399,1.2726269960403442,0.47494277358055115,1.7121713161468506,2.476001262664795,2.1192307472229004,2.8163533210754395,2.7399070262908936,1.3329341411590576,-0.4168241620063782,-0.39521464705467224,-0.40661221742630005,-0.4112987816333771,-0.41656753420829773,-0.41844066977500916]
[-0.4211178123950958,-0.4183606207370758,-0.4198096692562103,-0.4183886647224426,-0.41943857073783875,-0.4184427261352539,-0.4167194962501526,-0.4159344434738159,-0.4202069938182831,-0.39551252126693726,-0.314624547958374,-0.12494295090436935,-0.5339275598526001,-0.19269737601280212,-0.507165789604187,-0.7117956876754761,-0.3813505470752716,0.9039452075958252,2.05692982673645,2.3142569065093994,1.5059545040130615,1.1592950820922852,-0.15176770091056824,-0.378239244222641,-0.4082840085029602,-0.40949270129203796,-0.41696539521217346,-0.4172823131084442]
[-0.42073553800582886,-0.4189169108867645,-0.41965892910957336,-0.41853007674217224,-0.4196358621120453,-0.4174546003341675,-0.41816237568855286,-0.4152281582355499,-0.4179113805294037,-0.4202187657356262,-0.44314879179000854,-0.4129179120063782,-0.4582265019416809,-0.4840739071369171,-0.4330783486366272,-0.706816554069519,-0.42638736963272095,-0.8558001518249512,0.277887761592865,-0.24632304906845093,0.8062152862548828,2.4662258625030518,2.0188558101654053,-0.07623667269945145,-0.41174769401550293,-0.4101124703884125,-0.4158201813697815,-0.41969698667526245]
[-0.42127662897109985,-0.41873055696487427,-0.4194027781486511,-0.41894108057022095,-0.4196816682815552,-0.41711264848709106,-0.4174768626689911,-0.4161761701107025,-0.41614192724227905,-0.42088693380355835,-0.3603929877281189,-0.30596432089805603,-0.46938440203666687,-0.514511227607727,-0.3659070134162903,-0.4741375744342804,1.1951115131378174,1.35328209400177,1.7311452627182007,0.9497778415679932,1.620693564414978,2.5105018615722656,1.0769747495651245,-0.3969097137451172,-0.4083040952682495,-0.41466155648231506,-0.4183412194252014,-0.420022577047348]
[-0.42121854424476624,-0.41960641741752625,-0.41877856850624084,-0.41848909854888916,-0.4186648726463318,-0.41757065057754517,-0.41825950145721436,-0.4161544144153595,-0.4148317873477936,-0.41714873909950256,0.6708781719207764,1.7647837400436401,0.8200969696044922,1.6852003335952759,2.111750602722168,2.70282244682312,3.381612539291382,3.2629761695861816,3.026521921157837,2.5576984882354736,1.343463659286499,-0.09909915924072266,-0.4008002281188965,-0.3983970284461975,-0.4088134765625,-0.41494590044021606,-0.41786617040634155,-0.4196925163269043]
[-0.4206359386444092,-0.4188203811645508,-0.42001059651374817,-0.4197671115398407,-0.418883740901947,-0.4170270264148712,-0.4169847071170807,-0.41468143463134766,-0.4091719090938568,-0.4162192940711975,2.605987787246704,3.410411834716797,2.6548264026641846,3.2521605491638184,2.5403788089752197,2.8006479740142822,1.6079624891281128,2.7720534801483154,2.643251895904541,1.5136449337005615,-0.39696159958839417,-0.3712587356567383,-0.4118827283382416,-0.40518394112586975,-0.41315218806266785,-0.4167715609073639,-0.4196908175945282,-0.4201885759830475]
[-0.4215410053730011,-0.4205288887023926,-0.41965025663375854,-0.4196038842201233,-0.41938793659210205,-0.41683509945869446,-0.41698408126831055,-0.41658705472946167,-0.4093676507472992,-0.4162158668041229,1.890000343322754,2.307814598083496,2.069093942642212,2.6411831378936768,2.7497029304504395,2.2039523124694824,2.2672064304351807,1.8210808038711548,2.5039217472076416,-0.32265180349349976,-0.3798137605190277,-0.39514485001564026,-0.4140130877494812,-0.4117259979248047,-0.4187971353530884,-0.4171726107597351,-0.4208912253379822,-0.42014625668525696]
[-0.42205846309661865,-0.4193355441093445,-0.4182451069355011,-0.4195033013820648,-0.41899171471595764,-0.4166039228439331,-0.41590550541877747,-0.41297951340675354,-0.406486839056015,-0.41191187500953674,0.2940285801887512,1.343461513519287,2.118558168411255,2.3575620651245117,2.2621448040008545,2.53644061088562,2.3158419132232666,3.01348614692688,2.0369327068328857,-0.3958640992641449,-0.3876478672027588,-0.39816781878471375,-0.41674864292144775,-0.4128190875053406,-0.41757822036743164,-0.4190979301929474,-0.420128732919693,-0.42030712962150574]
[-0.4229644536972046,-0.41961389780044556,-0.4197048246860504,-0.41965800523757935,-0.4196487367153168,-0.4172899127006531,-0.4177784025669098,-0.4124986231327057,-0.40946492552757263,-0.4096895754337311,-0.42174264788627625,-0.4108242094516754,0.33101755380630493,-0.18890774250030518,-0.24943074584007263,-0.28805893659591675,0.861777663230896,3.1668283939361572,2.315251588821411,-0.13398461043834686,-0.393331915140152,-0.40885981917381287,-0.41812050342559814,-0.41611725091934204,-0.4197235703468323,-0.4183404743671417,-0.42035216093063354,-0.41950371861457825]
[-0.42130428552627563,-0.41904932260513306,-0.4193090796470642,-0.4182153046131134,-0.41850870847702026,-0.4152303636074066,-0.4165971577167511,-0.41317832469940186,-0.4135892987251282,-0.4127366840839386,-0.4235761761665344,-0.42794591188430786,-0.47616416215896606,-0.4025852084159851,-0.36387118697166443,-0.4788123667240143,-0.7927961349487305,2.313809633255005,2.1011736392974854,-0.3522339463233948,-0.3914005160331726,-0.411200612783432,-0.4182139039039612,-0.4180135130882263,-0.41945692896842957,-0.41763126850128174,-0.4191986918449402,-0.4191431403160095]
[-0.4196237623691559,-0.41941073536872864,-0.4188457429409027,-0.4176133871078491,-0.4196065366268158,-0.41645750403404236,-0.4177476763725281,-0.41597485542297363,-0.4183337390422821,-0.41067183017730713,-0.4191983640193939,-0.4169315695762634,-0.42667144536972046,-0.42582425475120544,-0.3972129225730896,-0.549044132232666,-0.150486022233963,2.471567392349243,2.048696756362915,-0.36677873134613037,-0.3998468518257141,-0.4123581349849701,-0.41808265447616577,-0.4189128875732422,-0.4199332594871521,-0.41828829050064087,-0.4199439287185669,-0.4202632009983063]
[-0.4214198589324951,-0.4188886284828186,-0.4190913140773773,-0.41741377115249634,-0.4190676510334015,-0.4162333607673645,-0.4190231263637543,-0.41562286019325256,-0.4203522801399231,-0.416239857673645,-0.4206593632698059,-0.4149385392665863,-0.4256444573402405,-0.4289284646511078,-0.4102242887020111,-0.5067508220672607,0.9650276899337769,2.9145092964172363,1.688225507736206,-0.3632816672325134,-0.4030361771583557,-0.4127778708934784,-0.41848471760749817,-0.41861340403556824,-0.41920188069343567,-0.4182432293891907,-0.4209950268268585,-0.42053380608558655]
[-0.420406699180603,-0.41824105381965637,-0.41950204968452454,-0.41852372884750366,-0.41960638761520386,-0.4182562828063965,-0.4195820987224579,-0.41808706521987915,-0.420819491147995,-0.41828209161758423,-0.44817960262298584,-0.4344210922718048,-0.43739017844200134,-0.42457082867622375,-0.4138547480106354,-0.08322402089834213,1.9174859523773193,2.7621405124664307,0.4500187933444977,-0.38322320580482483,-0.4068264663219452,-0.4159682095050812,-0.42085668444633484,-0.41919445991516113,-0.41977110505104065,-0.4193783402442932,-0.4207856059074402,-0.4214574098587036]
[-0.42054155468940735,-0.41921910643577576,-0.4202195107936859,-0.41767650842666626,-0.4201951324939728,-0.4164701998233795,-0.4193078279495239,-0.4177493751049042,-0.4179694354534149,-0.41545358300209045,-0.345656156539917,-0.3642904758453369,-0.3561886250972748,-0.4186108410358429,0.1991024613380432,2.2412149906158447,2.616117477416992,1.339824914932251,-0.38852134346961975,-0.3944808542728424,-0.4087647795677185,-0.4107588529586792,-0.4203546345233917,-0.41776612401008606,-0.41993048787117004,-0.41837653517723083,-0.4205359220504761,-0.4216141998767853]
[-0.42022743821144104,-0.41896408796310425,-0.42057350277900696,-0.4175134599208832,-0.4186415672302246,-0.416395902633667,-0.4186204969882965,-0.41877928376197815,-0.41597041487693787,-0.40904393792152405,1.2320563793182373,1.6078429222106934,1.1944186687469482,1.7932249307632446,2.2929751873016357,2.679138422012329,2.3969719409942627,-0.3842479884624481,-0.38989967107772827,-0.3994392156600952,-0.4131808578968048,-0.41427502036094666,-0.41977670788764954,-0.41851311922073364,-0.4192044138908386,-0.41853898763656616,-0.4203200340270996,-0.42091652750968933]
[-0.4209444522857666,-0.41824397444725037,-0.4194515347480774,-0.4178120195865631,-0.42007455229759216,-0.41884633898735046,-0.4193405508995056,-0.41943877935409546,-0.41831913590431213,-0.4064275026321411,0.2232578992843628,2.172264337539673,2.3540382385253906,2.0452353954315186,2.237245559692383,2.7663114070892334,0.9233691692352295,-0.4007229506969452,-0.4022459387779236,-0.4085555374622345,-0.4145706295967102,-0.41419917345046997,-0.4183324873447418,-0.4174206256866455,-0.41932937502861023,-0.4188375174999237,-0.4203939437866211,-0.42064183950424194]
[-0.4207068681716919,-0.4181038439273834,-0.419668048620224,-0.418637752532959,-0.42032167315483093,-0.4193101227283478,-0.4203382432460785,-0.42298391461372375,-0.41421642899513245,-0.4025391638278961,-0.5876424312591553,1.9387953281402588,2.0449893474578857,2.8824331760406494,1.6461414098739624,0.48348507285118103,-0.3960091769695282,-0.39408719539642334,-0.4095575213432312,-0.4154953360557556,-0.4177805185317993,-0.4170122742652893,-0.4188971221446991,-0.41847971081733704,-0.41995498538017273,-0.41867920756340027,-0.4197455942630768,-0.42029616236686707]
[-0.42020657658576965,-0.41785913705825806,-0.4181499779224396,-0.417721152305603,-0.42024773359298706,-0.4195643961429596,-0.4178060293197632,-0.42069491744041443,-0.4147712290287018,-0.3988249897956848,-0.5826003551483154,0.003423944115638733,2.2014212608337402,1.8539540767669678,0.048333898186683655,-0.41949591040611267,-0.4072393774986267,-0.3913078010082245,-0.40913093090057373,-0.41322335600852966,-0.4162037968635559,-0.41338837146759033,-0.4186958074569702,-0.4164223074913025,-0.4193408191204071,-0.418815553188324,-0.42037850618362427,-0.41998645663261414]
[-0.41893112659454346,-0.4194492697715759,-0.4190896451473236,-0.41915592551231384,-0.42025846242904663,-0.4196162223815918,-0.4214725196361542,-0.42132022976875305,-0.41524818539619446,-0.4004454016685486,-0.5279143452644348,-0.5237691402435303,-0.28645074367523193,-0.4007638394832611,-0.36430853605270386,-0.4005286693572998,-0.39408886432647705,-0.40588825941085815,-0.4143511950969696,-0.41275274753570557,-0.41613563895225525,-0.41670358180999756,-0.4175906479358673,-0.41775810718536377,-0.41994738578796387,-0.41880589723587036,-0.42021816968917847,-0.42032158374786377]
[-0.4182281792163849,-0.4178600013256073,-0.41937223076820374,-0.4180758595466614,-0.422506183385849,-0.4191015958786011,-0.4209609627723694,-0.4203172028064728,-0.41808977723121643,-0.41123515367507935,-0.436813622713089,-0.40196940302848816,-0.4072518050670624,-0.38915082812309265,-0.40587571263313293,-0.40621331334114075,-0.4052208662033081,-0.41067618131637573,-0.4126647114753723,-0.4124031364917755,-0.4160500764846802,-0.41385701298713684,-0.41797295212745667,-0.4174552261829376,-0.41950953006744385,-0.41804301738739014,-0.4196033179759979,-0.4196854829788208]
[-0.4162578582763672,-0.42126110196113586,-0.41893571615219116,-0.4196525514125824,-0.424189954996109,-0.42084071040153503,-0.4208885729312897,-0.42130401730537415,-0.42302611470222473,-0.41890957951545715,-0.4126393496990204,-0.40543490648269653,-0.4007285237312317,-0.409832626581192,-0.41142112016677856,-0.40516579151153564,-0.41412341594696045,-0.40839576721191406,-0.4121437668800354,-0.41377902030944824,-0.41735637187957764,-0.4162089228630066,-0.4188731610774994,-0.41943830251693726,-0.41984546184539795,-0.4198138117790222,-0.4207631051540375,-0.4204854667186737]
