[-0.41732171177864075,-0.41829541325569153,-0.41939088702201843,-0.4185991883277893,-0.41974952816963196,-0.4197196066379547,-0.41965216398239136,-0.4180651605129242,-0.420152872800827,-0.4197547435760498,-0.4221256375312805,-0.41864752769470215,-0.4241494834423065,-0.42208829522132874,-0.42374226450920105,-0.4201017916202545,-0.4224068224430084,-0.4167688488960266,-0.42743751406669617,-0.4019051194190979,-0.3870026171207428,-0.3923904597759247,-0.3742838203907013,-0.4057755172252655,-0.40708547830581665,-0.40886548161506653,-0.4097520709037781,-0.4061184823513031]
[-0.4199168086051941,-0.4198099970817566,-0.42061352729797363,-0.41998207569122314,-0.4206141233444214,-0.4200899004936218,-0.41941970586776733,-0.4181792736053467,-0.4201778769493103,-0.41749730706214905,-0.4187864363193512,-0.41499242186546326,-0.42213255167007446,-0.41709405183792114,-0.41610798239707947,-0.4154176414012909,-0.42213666439056396,-0.41399407386779785,-0.41816243529319763,-0.4127664268016815,-0.3884004056453705,-0.3945537805557251,-0.4050753116607666,-0.4134848713874817,-0.41198500990867615,-0.41275686025619507,-0.4159039556980133,-0.4123428463935852]
[-0.42132824659347534,-0.4204765856266022,-0.42059656977653503,-0.41981732845306396,-0.42109671235084534,-0.4201533794403076,-0.41989192366600037,-0.4188942611217499,-0.42032644152641296,-0.418253093957901,-0.41817760467529297,-0.419101744890213,-0.42180466651916504,-0.4242391884326935,-0.4153938293457031,-0.41809001564979553,-0.422157347202301,-0.42851144075393677,-0.41291266679763794,-0.4130099415779114,-0.4065384864807129,-0.4094434678554535,-0.4153663218021393,-0.4162609875202179,-0.41297587752342224,-0.4155952036380768,-0.418826699256897,-0.4160509705543518]
[-0.42106619477272034,-0.42060232162475586,-0.42077797651290894,-0.42034712433815,-0.4205774962902069,-0.42006388306617737,-0.42041438817977905,-0.4205421805381775,-0.4198261499404907,-0.41933202743530273,-0.4173640012741089,-0.4203098714351654,-0.42713797092437744,-0.4157349765300751,-0.4063936173915863,-0.5124185681343079,-0.4976121783256531,-0.5079598426818848,-0.4566650986671448,-0.3946378231048584,-0.4029041528701782,-0.41551917791366577,-0.41778305172920227,-0.41805359721183777,-0.4155793786048889,-0.4162046015262604,-0.41831672191619873,-0.41578927636146545]
[-0.4207300841808319,-0.4206649363040924,-0.42078664898872375,-0.42013320326805115,-0.4206410348415375,-0.4193241000175476,-0.4202318489551544,-0.4191710650920868,-0.4180365800857544,-0.4167402684688568,-0.4112780690193176,-0.4177204966545105,-0.3912360370159149,-0.15536829829216003,-0.08575758337974548,-0.11166541278362274,0.5717059373855591,1.4524379968643188,-0.018835321068763733,-0.3728979229927063,-0.3859311640262604,-0.40745043754577637,-0.41298383474349976,-0.41484442353248596,-0.41742968559265137,-0.4170394837856293,-0.41836678981781006,-0.41594910621643066]
[-0.42062368988990784,-0.4206807315349579,-0.4215633273124695,-0.420419305562973,-0.42007237672805786,-0.41891348361968994,-0.4205459952354431,-0.4200139343738556,-0.4175820052623749,-0.4169086515903473,-0.4080808758735657,-0.4174741208553314,1.5308724641799927,2.395728588104248,3.3621022701263428,3.8143296241760254,3.716434955596924,3.6851372718811035,2.640151023864746,0.3321969211101532,-0.3966732621192932,-0.4032477140426636,-0.40869462490081787,-0.4157593846321106,-0.41680893301963806,-0.4193212687969208,-0.4193369150161743,-0.41690704226493835]
[-0.4217655658721924,-0.42049115896224976,-0.4209578037261963,-0.4198816418647766,-0.4202158451080322,-0.4187929332256317,-0.4195929765701294,-0.41826435923576355,-0.4154200255870819,-0.4142392575740814,-0.4062708616256714,-0.4248218238353729,1.1694415807724,2.4177963733673096,2.7130868434906006,2.3756191730499268,2.3635873794555664,2.820387840270996,2.8172998428344727,2.7806646823883057,-0.1370777189731598,-0.39223214983940125,-0.40544578433036804,-0.4138409495353699,-0.41573652625083923,-0.41775697469711304,-0.4193456172943115,-0.41758716106414795]
[-0.4217612147331238,-0.4201720356941223,-0.42132601141929626,-0.4202543795108795,-0.4201844036579132,-0.4189220666885376,-0.41916027665138245,-0.4179612696170807,-0.4160628914833069,-0.41581958532333374,-0.40566524863243103,-0.406484454870224,0.5232207775115967,1.5811790227890015,0.04632169008255005,-0.14128169417381287,1.6905181407928467,2.5739057064056396,2.4718756675720215,2.5405354499816895,0.6025427579879761,-0.2977313995361328,-0.4060617983341217,-0.4167701005935669,-0.4188362658023834,-0.4177263081073761,-0.4192392826080322,-0.41678255796432495]
[-0.4220269024372101,-0.4205227792263031,-0.42118120193481445,-0.4194541573524475,-0.4201735258102417,-0.41859278082847595,-0.41892632842063904,-0.41753479838371277,-0.4159422218799591,-0.41352638602256775,-0.40811434388160706,-0.4148290455341339,-0.5518940687179565,0.5617653131484985,-0.4443611204624176,-0.6522027254104614,1.0156856775283813,2.1149559020996094,2.8250532150268555,3.358091115951538,1.048413872718811,-0.39045193791389465,-0.4024638235569,-0.4144045412540436,-0.4188983142375946,-0.41833919286727905,-0.4199632406234741,-0.4184664487838745]
[-0.4216497242450714,-0.42058807611465454,-0.42093968391418457,-0.41988831758499146,-0.42078477144241333,-0.4197559654712677,-0.4189486503601074,-0.4177195131778717,-0.416995108127594,-0.41381359100341797,-0.4089236259460449,-0.4142078757286072,-0.4415099024772644,-0.4752694368362427,-0.4130675792694092,-0.6008652448654175,1.4476271867752075,2.797304153442383,3.0367038249969482,2.8764491081237793,0.7181035280227661,-0.3925907611846924,-0.4074138402938843,-0.41520825028419495,-0.41985419392585754,-0.41854941844940186,-0.41891953349113464,-0.4184681475162506]
[-0.42146992683410645,-0.4202772080898285,-0.42072200775146484,-0.4199422597885132,-0.4205797016620636,-0.41837865114212036,-0.4179355800151825,-0.41682520508766174,-0.4184371829032898,-0.4182942509651184,-0.40339481830596924,-0.3922535479068756,-0.3758839964866638,-0.3538799285888672,-0.006293833255767822,0.5831238031387329,2.723210334777832,3.040698289871216,3.1564884185791016,1.8549484014511108,-0.355089008808136,-0.39602506160736084,-0.41108372807502747,-0.4164825677871704,-0.4190073311328888,-0.4185231029987335,-0.4201204478740692,-0.41935107111930847]
[-0.4215569496154785,-0.42047563195228577,-0.42073431611061096,-0.41944316029548645,-0.4200593829154968,-0.41887354850769043,-0.41976118087768555,-0.41591641306877136,-0.4163965880870819,-0.41734084486961365,-0.45433545112609863,-0.42312100529670715,0.6477521657943726,2.5622715950012207,2.579498529434204,2.759223222732544,3.1282026767730713,2.3548777103424072,2.6557013988494873,-0.15650172531604767,-0.38451746106147766,-0.39801979064941406,-0.41568735241889954,-0.4160442352294922,-0.41853684186935425,-0.41861656308174133,-0.4199778139591217,-0.4196755290031433]
[-0.42149513959884644,-0.42008939385414124,-0.42063790559768677,-0.4193149209022522,-0.4197230637073517,-0.41778507828712463,-0.4193227291107178,-0.41641074419021606,-0.4159894585609436,-0.25394946336746216,1.1701446771621704,2.0367517471313477,2.6244900226593018,2.8435957431793213,2.324655055999756,2.5167644023895264,2.2482941150665283,2.5572726726531982,1.6633962392807007,-0.34880244731903076,-0.38813459873199463,-0.40151655673980713,-0.41596463322639465,-0.41724616289138794,-0.4195297360420227,-0.41978275775909424,-0.4202844500541687,-0.41980963945388794]
[-0.42168259620666504,-0.42076098918914795,-0.4202130138874054,-0.41908565163612366,-0.4202841818332672,-0.4176137149333954,-0.4180751442909241,-0.416058748960495,-0.24751508235931396,2.1178483963012695,3.552229404449463,3.204878091812134,2.6904008388519287,2.8682610988616943,2.510721206665039,2.8816123008728027,3.0033905506134033,2.262781858444214,2.53214693069458,0.227093905210495,-0.3883669078350067,-0.4032900929450989,-0.41270148754119873,-0.41764429211616516,-0.4211061894893646,-0.4197317361831665,-0.420547753572464,-0.4193769097328186]
[-0.42082154750823975,-0.4195721447467804,-0.4196488857269287,-0.4190331995487213,-0.4202825427055359,-0.41678324341773987,-0.4163477420806885,-0.4161420166492462,-0.3896036744117737,-0.30147916078567505,0.7173057794570923,1.078105092048645,1.7645386457443237,2.036010980606079,2.318641424179077,2.8454957008361816,3.045208215713501,2.3202860355377197,3.0119504928588867,1.6884706020355225,-0.3161519765853882,-0.4124982953071594,-0.4103810787200928,-0.4128654897212982,-0.4189580976963043,-0.4186110496520996,-0.4190470278263092,-0.41880837082862854]
[-0.4205545485019684,-0.41952118277549744,-0.42026081681251526,-0.4191427230834961,-0.4197779893875122,-0.4185218811035156,-0.4173019230365753,-0.41927075386047363,-0.41242659091949463,-0.4142249524593353,-0.3430882394313812,-0.3528086245059967,-0.32568836212158203,-0.27304157614707947,-0.2687523663043976,-0.2026069462299347,-0.29148632287979126,0.3044433295726776,2.1291768550872803,2.899066209793091,1.5040409564971924,-0.3622484803199768,-0.413621187210083,-0.40967679023742676,-0.4159184396266937,-0.4171889126300812,-0.4187662601470947,-0.4182067811489105]
[-0.420402467250824,-0.41924771666526794,-0.4188520312309265,-0.41779398918151855,-0.41959768533706665,-0.4172535240650177,-0.4186522662639618,-0.4187520444393158,-0.41425853967666626,-0.41301122307777405,-0.41576266288757324,-0.40745195746421814,-0.41013237833976746,-0.4052847623825073,-0.39869314432144165,-0.38375240564346313,-0.4130498766899109,-0.4703662395477295,0.5085030794143677,2.9511971473693848,3.0473358631134033,1.1921991109848022,-0.39783287048339844,-0.4081311821937561,-0.4137977063655853,-0.4143383800983429,-0.4186670184135437,-0.417329877614975]
[-0.4201733469963074,-0.4190586507320404,-0.41907215118408203,-0.4181413948535919,-0.41988036036491394,-0.41870319843292236,-0.42155390977859497,-0.4199868440628052,-0.4199690818786621,-0.41181841492652893,-0.41482341289520264,-0.41343361139297485,-0.40675297379493713,-0.41151782870292664,-0.4066190719604492,-0.3975546061992645,-0.4075337052345276,-0.4680958390235901,-0.16691213846206665,2.5355894565582275,2.8700199127197266,1.338776707649231,-0.3904474973678589,-0.40620091557502747,-0.41628342866897583,-0.41507697105407715,-0.41930386424064636,-0.417922705411911]
[-0.42051780223846436,-0.4195513427257538,-0.4199439585208893,-0.4185212552547455,-0.4199986755847931,-0.4196317791938782,-0.420871376991272,-0.4188978374004364,-0.4182261526584625,-0.4128604531288147,-0.41453495621681213,-0.4067949950695038,-0.40977340936660767,-0.42086395621299744,-0.4088275730609894,-0.41535046696662903,-0.3971172869205475,-0.47954028844833374,0.1770738661289215,2.2772045135498047,2.4935402870178223,1.263306736946106,-0.3875393569469452,-0.3977983593940735,-0.41388994455337524,-0.41722145676612854,-0.4194395840167999,-0.417940616607666]
[-0.4198397994041443,-0.4189096689224243,-0.4199046790599823,-0.41947993636131287,-0.4217150807380676,-0.4196681082248688,-0.41899994015693665,-0.4178583025932312,-0.41163352131843567,-0.4074636399745941,-0.40528780221939087,-0.3909648656845093,-0.3629717528820038,-0.4108513295650482,-0.40421316027641296,-0.37782028317451477,-0.3684242367744446,0.09788167476654053,1.7372325658798218,2.4166359901428223,2.433290719985962,0.19422727823257446,-0.38866057991981506,-0.4038578271865845,-0.41549018025398254,-0.41820991039276123,-0.4200596809387207,-0.41980817914009094]
[-0.4212767779827118,-0.4200511574745178,-0.4180355370044708,-0.41748929023742676,-0.41564369201660156,-0.4150862693786621,-0.42077121138572693,-0.384480357170105,-0.3977017104625702,-0.3491779863834381,-0.23128701746463776,0.8539959192276001,1.6731951236724854,0.9811875820159912,0.8147811889648438,0.9427543878555298,2.039158344268799,1.8041077852249146,2.8181512355804443,2.6890406608581543,1.7766101360321045,-0.32361724972724915,-0.3995421230792999,-0.40911269187927246,-0.4158623218536377,-0.41744789481163025,-0.42056742310523987,-0.4200531244277954]
[-0.421390175819397,-0.42037272453308105,-0.4173447787761688,-0.4170963764190674,-0.4155808687210083,-0.38944098353385925,0.10001207888126373,0.5775295495986938,0.6975311040878296,1.9886066913604736,2.3347585201263428,3.025519609451294,3.115351676940918,2.7570443153381348,2.7402796745300293,2.5757598876953125,2.5569581985473633,2.562652349472046,2.941115617752075,2.4750211238861084,1.2544381618499756,-0.3612554669380188,-0.4056292474269867,-0.41297435760498047,-0.4171067774295807,-0.41853153705596924,-0.42083975672721863,-0.4207846522331238]
[-0.4224357008934021,-0.41885504126548767,-0.4179771840572357,-0.41424083709716797,-0.23621851205825806,1.1056594848632812,1.7257064580917358,2.8860960006713867,3.0128068923950195,3.6647260189056396,3.026557207107544,3.174170970916748,2.631112813949585,2.437298536300659,2.3451051712036133,3.186542272567749,2.5584757328033447,2.390090227127075,2.4314260482788086,1.6876726150512695,-0.16396762430667877,-0.3866526484489441,-0.4091625511646271,-0.41557374596595764,-0.4196005165576935,-0.4187890887260437,-0.4200019836425781,-0.41967180371284485]
[-0.42029282450675964,-0.420290470123291,-0.41761893033981323,-0.41581737995147705,-0.3822348117828369,-0.3101201355457306,-0.3235096335411072,-0.06789076328277588,-0.059304285794496536,0.91329026222229,1.6426974534988403,2.32898211479187,2.5986781120300293,2.434260606765747,2.392306089401245,2.4356653690338135,2.4512288570404053,1.4855575561523438,0.44808921217918396,-0.3289593458175659,-0.38711825013160706,-0.4026414155960083,-0.4158647358417511,-0.4170213043689728,-0.4199638068675995,-0.4185807704925537,-0.42062413692474365,-0.4202764928340912]
[-0.41957440972328186,-0.4192342460155487,-0.4212390184402466,-0.41688692569732666,-0.4173245429992676,-0.4083026349544525,-0.4141620397567749,-0.4135505259037018,-0.41946837306022644,-0.43542784452438354,-0.4241146743297577,-0.4190661609172821,-0.40141037106513977,-0.25395140051841736,0.44132593274116516,1.0341475009918213,1.0679987668991089,-0.2527731657028198,-0.43658506870269775,-0.4040066599845886,-0.409207820892334,-0.409187912940979,-0.4168069362640381,-0.4167245030403137,-0.41997820138931274,-0.4195031225681305,-0.42134326696395874,-0.4202125370502472]
[-0.4209275543689728,-0.4200618267059326,-0.42020371556282043,-0.4167948067188263,-0.41590645909309387,-0.41563448309898376,-0.41508540511131287,-0.4105919897556305,-0.41512438654899597,-0.3995124399662018,-0.4185148775577545,-0.42482051253318787,-0.39454108476638794,-0.38720446825027466,-0.41934826970100403,-0.3422776460647583,-0.4168069362640381,-0.41479387879371643,-0.40454888343811035,-0.4073410928249359,-0.4105794131755829,-0.41449907422065735,-0.4179227650165558,-0.41919711232185364,-0.41952598094940186,-0.4190232753753662,-0.42010533809661865,-0.4201079308986664]
[-0.41998377442359924,-0.41828295588493347,-0.4207778871059418,-0.4146031141281128,-0.42002594470977783,-0.4162994921207428,-0.41471067070961,-0.4129067361354828,-0.41484344005584717,-0.41058942675590515,-0.4067600667476654,-0.4030153453350067,-0.3905652165412903,-0.38350769877433777,-0.3887479603290558,-0.3910693824291229,-0.3953631818294525,-0.4045690894126892,-0.4102613925933838,-0.40530773997306824,-0.4130523204803467,-0.4157489538192749,-0.41834795475006104,-0.4171420633792877,-0.41898342967033386,-0.417670875787735,-0.41963648796081543,-0.4180620312690735]
[-0.41608256101608276,-0.42163726687431335,-0.4198055863380432,-0.4171350598335266,-0.420244961977005,-0.419832319021225,-0.4185836911201477,-0.4171603322029114,-0.41893088817596436,-0.41673946380615234,-0.40918031334877014,-0.40116700530052185,-0.3986564874649048,-0.40538063645362854,-0.3935292065143585,-0.39965203404426575,-0.4035625457763672,-0.4003334045410156,-0.4117019474506378,-0.4118010997772217,-0.412579745054245,-0.41651657223701477,-0.41749757528305054,-0.4172821342945099,-0.4178769290447235,-0.4177995026111603,-0.41914018988609314,-0.41379526257514954]
