[-0.416860431432724,-0.4186878502368927,-0.42109495401382446,-0.4191531538963318,-0.42089900374412537,-0.41935989260673523,-0.4205717444419861,-0.4189663231372833,-0.42245474457740784,-0.41967469453811646,-0.42422303557395935,-0.41584518551826477,-0.4277002513408661,-0.42190882563591003,-0.41841691732406616,-0.41286903619766235,-0.4110206067562103,-0.4119659960269928,-0.42826950550079346,0.2342173159122467,1.3541209697723389,1.595396876335144,-0.03390256315469742,-0.2668454945087433,-0.4064390957355499,-0.409738689661026,-0.4130375385284424,-0.4111716151237488]
[-0.4190473258495331,-0.42013877630233765,-0.42116308212280273,-0.41960418224334717,-0.42088180780410767,-0.41921839118003845,-0.418672651052475,-0.41806888580322266,-0.41889914870262146,-0.4157548248767853,-0.4166226387023926,-0.4105490446090698,-0.42139488458633423,-0.4465990960597992,-0.4382059872150421,-0.43732884526252747,-0.4189203679561615,-0.3979039788246155,-0.4113221764564514,-0.3659451901912689,-0.29026979207992554,-0.3313007950782776,-0.3766467571258545,-0.4063723683357239,-0.41150951385498047,-0.41299259662628174,-0.4175027906894684,-0.4150208830833435]
[-0.4209418296813965,-0.42069464921951294,-0.42093411087989807,-0.42011356353759766,-0.42041879892349243,-0.4203019440174103,-0.41945433616638184,-0.4177563786506653,-0.4179723858833313,-0.42010125517845154,-0.41839921474456787,-0.3943321704864502,-0.36596596240997314,-0.45281025767326355,-0.6248455047607422,-0.3356740474700928,-0.36203432083129883,-0.39324408769607544,-0.407287061214447,-0.40469348430633545,-0.3845071792602539,-0.3972892463207245,-0.41275230050086975,-0.41091132164001465,-0.4133702218532562,-0.4145348072052002,-0.418689489364624,-0.4180997610092163]
[-0.421176940202713,-0.4204411208629608,-0.4214463531970978,-0.4211403727531433,-0.4208306670188904,-0.41939449310302734,-0.4196426570415497,-0.41829001903533936,-0.4177975356578827,-0.4173303246498108,-0.39996615052223206,-0.36117321252822876,-0.6330827474594116,1.0303961038589478,1.2980964183807373,0.85170578956604,-0.41848117113113403,-0.36986610293388367,-0.40126481652259827,-0.4055213928222656,-0.40542328357696533,-0.4064231216907501,-0.4168861508369446,-0.41574180126190186,-0.4149939715862274,-0.4147641658782959,-0.4197206199169159,-0.417356938123703]
[-0.4210831820964813,-0.4200621545314789,-0.4204055368900299,-0.4194817543029785,-0.4194347858428955,-0.41875892877578735,-0.4197748303413391,-0.41543903946876526,-0.41192883253097534,-0.4093121290206909,-0.4098226726055145,-0.07119295001029968,1.0748950242996216,3.80365252494812,2.939321279525757,2.54773211479187,-0.7234506607055664,-0.3769083619117737,-0.39600783586502075,-0.4066455364227295,-0.4070108234882355,-0.40842315554618835,-0.4181438982486725,-0.41357865929603577,-0.41523733735084534,-0.41654539108276367,-0.4200386703014374,-0.4195799231529236]
[-0.4219536781311035,-0.42087164521217346,-0.4204551577568054,-0.4198080003261566,-0.42005717754364014,-0.4187288284301758,-0.418243944644928,-0.41721174120903015,-0.40704742074012756,-0.41032874584198,1.274292230606079,2.904583215713501,2.045278310775757,-0.2423906773328781,1.6593551635742188,3.6954352855682373,0.7453206777572632,-0.34544801712036133,-0.39267539978027344,-0.3983355760574341,-0.40058889985084534,-0.40545880794525146,-0.41708657145500183,-0.415765643119812,-0.4182437062263489,-0.4168032705783844,-0.4194943904876709,-0.4193090796470642]
[-0.42192360758781433,-0.420117050409317,-0.41954705119132996,-0.4196827709674835,-0.4192720651626587,-0.41740450263023376,-0.4177526831626892,-0.41431108117103577,-0.3757336735725403,-0.2890785336494446,2.224091053009033,2.065037488937378,1.411502718925476,-0.413039892911911,-0.3195180296897888,1.5074443817138672,1.6990164518356323,0.21488827466964722,-0.37126249074935913,-0.42401349544525146,-0.40194371342658997,-0.40501081943511963,-0.41605404019355774,-0.4144987463951111,-0.417475163936615,-0.4172583818435669,-0.4193522334098816,-0.42102521657943726]
[-0.42114683985710144,-0.4199998676776886,-0.42023053765296936,-0.4196818470954895,-0.41838517785072327,-0.41715189814567566,-0.4173225462436676,-0.41359224915504456,-0.3664700984954834,0.6087843179702759,2.8351311683654785,2.996795654296875,0.5746821165084839,-0.37649911642074585,-0.3258063793182373,-0.33400970697402954,2.109598159790039,2.412497043609619,0.3413819372653961,-0.40378057956695557,-0.40271472930908203,-0.4058283865451813,-0.4169512391090393,-0.41640597581863403,-0.4178570806980133,-0.41760218143463135,-0.42007091641426086,-0.4203628897666931]
[-0.42096903920173645,-0.42045778036117554,-0.4203048646450043,-0.41976121068000793,-0.4188213646411896,-0.4162451922893524,-0.41701674461364746,-0.41479742527008057,-0.3732035160064697,1.7159583568572998,2.650357723236084,2.2374014854431152,-0.331175297498703,-0.3577187955379486,-0.3501323461532593,-0.4529472887516022,0.3515620529651642,2.631288528442383,2.0456953048706055,-0.3585488200187683,-0.3937831223011017,-0.40567341446876526,-0.4169462323188782,-0.4161275625228882,-0.41613316535949707,-0.416817843914032,-0.4194415211677551,-0.42077746987342834]
[-0.4209468364715576,-0.4199478030204773,-0.42042502760887146,-0.4198840856552124,-0.4193663001060486,-0.4177359342575073,-0.41747400164604187,-0.41396644711494446,-0.21879726648330688,2.228395700454712,2.7291862964630127,2.113757848739624,-0.41181713342666626,-0.36495208740234375,-0.38977473974227905,-0.47604900598526,0.3103240132331848,1.8594560623168945,2.004849672317505,-0.3280045986175537,-0.390107661485672,-0.407909095287323,-0.41686534881591797,-0.41608142852783203,-0.4177572429180145,-0.41825950145721436,-0.4200003743171692,-0.420430988073349]
[-0.4206453263759613,-0.41995516419410706,-0.420349657535553,-0.41917407512664795,-0.41841626167297363,-0.4176598787307739,-0.4133533835411072,-0.4151625633239746,-0.0675748884677887,2.9574952125549316,2.959150791168213,0.8101025819778442,-0.37892448902130127,-0.3960680663585663,-0.40253666043281555,-0.4568445682525635,0.7064093351364136,2.4437644481658936,2.124751329421997,-0.34737610816955566,-0.3910398483276367,-0.4056144058704376,-0.4183506667613983,-0.41748979687690735,-0.4194827675819397,-0.4180237352848053,-0.42021235823631287,-0.42008304595947266]
[-0.42000290751457214,-0.4191780090332031,-0.4201817512512207,-0.420036643743515,-0.4192860424518585,-0.4176298677921295,-0.41736292839050293,-0.41029512882232666,0.3056521415710449,2.6227047443389893,2.686969518661499,1.0389713048934937,-0.3891545236110687,-0.3993140459060669,-0.40066125988960266,-0.4092051088809967,1.7085635662078857,2.506056785583496,2.1694815158843994,-0.35373181104660034,-0.3951791226863861,-0.40909144282341003,-0.4198319911956787,-0.4182111322879791,-0.4203144609928131,-0.4189358353614807,-0.4198512136936188,-0.42048171162605286]
[-0.4201139509677887,-0.41943326592445374,-0.42024970054626465,-0.41831275820732117,-0.41866058111190796,-0.41709768772125244,-0.4148590564727783,-0.40254661440849304,-0.0463690385222435,3.0983641147613525,2.911942481994629,1.1773953437805176,-0.3987661302089691,-0.40029868483543396,-0.4023240804672241,-0.4313700497150421,1.7447071075439453,2.7666425704956055,1.8705545663833618,-0.3773600459098816,-0.39418020844459534,-0.40728384256362915,-0.4184674918651581,-0.4184894263744354,-0.4201830327510834,-0.41838014125823975,-0.41984936594963074,-0.41941148042678833]
[-0.4199887216091156,-0.4194546937942505,-0.42003288865089417,-0.41999122500419617,-0.41990768909454346,-0.41623827815055847,-0.41546228528022766,-0.401555597782135,-0.2794548273086548,2.5694751739501953,2.578587532043457,0.9707037210464478,-0.4266676902770996,-0.39616188406944275,-0.3959195017814636,0.05182237923145294,2.1203453540802,1.3360594511032104,2.0844593048095703,-0.35837095975875854,-0.3858949542045593,-0.4072383642196655,-0.4163055419921875,-0.4185761511325836,-0.4213990569114685,-0.4184368848800659,-0.41992390155792236,-0.41893473267555237]
[-0.42096272110939026,-0.41814079880714417,-0.41871926188468933,-0.41800379753112793,-0.4188433885574341,-0.4162542521953583,-0.41586434841156006,-0.404336541891098,-0.2852257490158081,2.696258783340454,3.0278429985046387,1.2362477779388428,-0.5124335289001465,-0.4335545599460602,-0.1645718514919281,1.8829355239868164,2.489590644836426,2.249122142791748,2.5284931659698486,0.18594017624855042,-0.39547744393348694,-0.4084290862083435,-0.4160661995410919,-0.41543638706207275,-0.41900038719177246,-0.4183427095413208,-0.41822272539138794,-0.4186865985393524]
[-0.42038634419441223,-0.41796284914016724,-0.4195658266544342,-0.4182550013065338,-0.41842150688171387,-0.4154224991798401,-0.41687971353530884,-0.40890610218048096,-0.25969892740249634,2.3142051696777344,3.012160062789917,1.9840760231018066,0.5340033769607544,-0.24695853888988495,-0.15466031432151794,1.3298581838607788,1.6658902168273926,2.2648894786834717,2.5241458415985107,2.3460073471069336,-0.1765928417444229,-0.3851534426212311,-0.40738341212272644,-0.4164717495441437,-0.41466933488845825,-0.416571706533432,-0.4184443950653076,-0.41844430565834045]
[-0.4197421371936798,-0.4176546037197113,-0.4189346730709076,-0.41784027218818665,-0.41782301664352417,-0.4139474034309387,-0.41694527864456177,-0.4098404347896576,-0.4052807688713074,2.0784623622894287,2.521763563156128,1.921264886856079,2.571716785430908,-0.13674892485141754,-0.36190393567085266,-0.39076027274131775,-0.32101351022720337,-0.2763254642486572,0.8757028579711914,2.8232662677764893,2.165875196456909,-0.3090328872203827,-0.3799293339252472,-0.40721002221107483,-0.40792515873908997,-0.4128829538822174,-0.41755813360214233,-0.4188430607318878]
[-0.41958144307136536,-0.41780826449394226,-0.41975581645965576,-0.4182850122451782,-0.4176919162273407,-0.41598430275917053,-0.4173470139503479,-0.4086421728134155,-0.3632621169090271,2.190335750579834,2.3742446899414062,1.7407485246658325,1.1837718486785889,-0.40106135606765747,-0.3927939236164093,-0.38691866397857666,-0.47898492217063904,-0.5847646594047546,-0.5710864067077637,1.7343333959579468,2.590017080307007,1.5212469100952148,-0.37917765974998474,-0.4071747958660126,-0.4045579731464386,-0.409783273935318,-0.4153728783130646,-0.4178883135318756]
[-0.42009663581848145,-0.41783222556114197,-0.4189572334289551,-0.41717052459716797,-0.4174501299858093,-0.41517573595046997,-0.4153161644935608,-0.4070121645927429,-0.3775187134742737,2.062718391418457,3.116093397140503,2.2952113151550293,-0.13590310513973236,-0.3906753659248352,-0.377118319272995,-0.40513867139816284,-0.41493937373161316,-0.441074013710022,-0.011585794389247894,1.7504117488861084,2.093430757522583,2.6853816509246826,1.7675515413284302,-0.37564677000045776,-0.4046252369880676,-0.4116951525211334,-0.4184836745262146,-0.4204082489013672]
[-0.4207812547683716,-0.4190795123577118,-0.4187198579311371,-0.4177374243736267,-0.4179707169532776,-0.41629737615585327,-0.41729649901390076,-0.4079219698905945,-0.3269026279449463,2.0323076248168945,3.051870346069336,2.5515522956848145,0.4130118787288666,-0.41586679220199585,-0.29981863498687744,-0.09021832048892975,1.0393846035003662,1.61662757396698,1.806853175163269,2.443455934524536,2.5613770484924316,3.6975951194763184,2.1326165199279785,-0.36689621210098267,-0.4080754518508911,-0.41277894377708435,-0.4159771203994751,-0.4168153405189514]
[-0.41967809200286865,-0.4179649353027344,-0.41882747411727905,-0.41619980335235596,-0.4175921380519867,-0.4163157641887665,-0.4150090515613556,-0.40686342120170593,-0.4174543023109436,1.2784596681594849,2.2909083366394043,2.015939950942993,1.8459954261779785,1.0306998491287231,2.3863167762756348,2.0987703800201416,2.861664056777954,2.0987117290496826,2.5466086864471436,2.384113311767578,2.3514139652252197,1.7147881984710693,-0.3112918734550476,-0.3954354524612427,-0.40960052609443665,-0.41280412673950195,-0.41861674189567566,-0.41873446106910706]
[-0.4180985987186432,-0.418739378452301,-0.4205724895000458,-0.41774415969848633,-0.41778865456581116,-0.4153898060321808,-0.41528448462486267,-0.4081442356109619,-0.387653112411499,-0.2490587681531906,2.274918794631958,2.6444785594940186,2.959777355194092,2.627454996109009,3.014655828475952,2.251704216003418,3.3296725749969482,2.8720874786376953,2.5635299682617188,2.0783534049987793,0.7455438375473022,-0.36608803272247314,-0.3870663046836853,-0.4075353443622589,-0.40979787707328796,-0.4157904088497162,-0.42142608761787415,-0.41923198103904724]
[-0.4196414351463318,-0.41882941126823425,-0.4193287491798401,-0.41827067732810974,-0.41823211312294006,-0.4161122739315033,-0.41897520422935486,-0.4125767946243286,-0.39610669016838074,-0.3854276239871979,0.6210548877716064,1.5410330295562744,2.9200987815856934,1.9191365242004395,2.383338451385498,1.3688727617263794,2.5479187965393066,1.3398021459579468,0.23577925562858582,-0.24207419157028198,-0.38439226150512695,-0.3976263105869293,-0.40566399693489075,-0.40870940685272217,-0.41505011916160583,-0.41680672764778137,-0.42192545533180237,-0.4186427593231201]
[-0.41987329721450806,-0.41870394349098206,-0.42097869515419006,-0.4186795949935913,-0.4197998642921448,-0.4169085919857025,-0.41889336705207825,-0.41073110699653625,-0.40215426683425903,-0.39493054151535034,-0.49916744232177734,-0.5209059715270996,-0.35613977909088135,-0.17302438616752625,-0.2721256613731384,-0.30248045921325684,-0.3024439811706543,-0.3804357349872589,-0.3868257403373718,-0.3865962624549866,-0.39873993396759033,-0.4029090702533722,-0.4110126197338104,-0.41284945607185364,-0.41480162739753723,-0.41802898049354553,-0.4206048548221588,-0.41760778427124023]
[-0.4189544916152954,-0.4179544150829315,-0.4195666015148163,-0.4178791642189026,-0.41958633065223694,-0.4170099198818207,-0.4188537895679474,-0.41381901502609253,-0.41187089681625366,-0.40845173597335815,-0.4426195025444031,-0.46508827805519104,-0.40100282430648804,-0.3887065351009369,-0.40209028124809265,-0.39667263627052307,-0.4117696285247803,-0.40906819701194763,-0.41313865780830383,-0.4018400311470032,-0.4111109673976898,-0.40910422801971436,-0.4146074056625366,-0.4140316843986511,-0.41718074679374695,-0.4168933033943176,-0.4188742935657501,-0.41835516691207886]
[-0.420307457447052,-0.4192763566970825,-0.4200289249420166,-0.4188646972179413,-0.41967010498046875,-0.41969913244247437,-0.41913220286369324,-0.41802382469177246,-0.41074949502944946,-0.4162156283855438,-0.42546555399894714,-0.4206703305244446,-0.40871086716651917,-0.41324228048324585,-0.41228434443473816,-0.4162713289260864,-0.4149497449398041,-0.4119430184364319,-0.4129806458950043,-0.4155195951461792,-0.4176881015300751,-0.41687873005867004,-0.41710346937179565,-0.4159504473209381,-0.4156060814857483,-0.4156668484210968,-0.4158209264278412,-0.4167117774486542]
[-0.4207834005355835,-0.4188973307609558,-0.4197750389575958,-0.4184877276420593,-0.41940978169441223,-0.4182988405227661,-0.41799601912498474,-0.4184534251689911,-0.415257066488266,-0.415556937456131,-0.42485907673835754,-0.4177513122558594,-0.4166177213191986,-0.4151836335659027,-0.4139938950538635,-0.41897061467170715,-0.4165389835834503,-0.4188266098499298,-0.4217812120914459,-0.4187876284122467,-0.41880911588668823,-0.41785764694213867,-0.417708158493042,-0.41647207736968994,-0.41641244292259216,-0.414889931678772,-0.4166819751262665,-0.4150845408439636]
[-0.41918161511421204,-0.4200643002986908,-0.4181760251522064,-0.41827601194381714,-0.4196285903453827,-0.4184127151966095,-0.41694045066833496,-0.4188934862613678,-0.41561269760131836,-0.41747167706489563,-0.4263814687728882,-0.41464802622795105,-0.4113205373287201,-0.4132135808467865,-0.4165063798427582,-0.4154511094093323,-0.4183545708656311,-0.4189194440841675,-0.42327770590782166,-0.4212140142917633,-0.42081311345100403,-0.41758349537849426,-0.4159029424190521,-0.4126036763191223,-0.41307058930397034,-0.4117864966392517,-0.41233405470848083,-0.4049491286277771]
