[-0.41709351539611816,-0.41865167021751404,-0.42075011134147644,-0.41850876808166504,-0.4197603464126587,-0.4195031225681305,-0.41980963945388794,-0.41813480854034424,-0.41988715529441833,-0.4198244512081146,-0.4198139011859894,-0.4181230664253235,-0.42082351446151733,-0.41781550645828247,-0.42017629742622375,-0.4170357882976532,-0.41973742842674255,-0.4150484502315521,-0.414762943983078,-0.41372331976890564,-0.415222704410553,-0.4177767336368561,-0.4180407226085663,-0.41855472326278687,-0.41913607716560364,-0.4179318845272064,-0.4156944453716278,-0.41409674286842346]
[-0.4189988970756531,-0.4193684756755829,-0.4200453460216522,-0.41837167739868164,-0.4199778437614441,-0.4194444715976715,-0.42002537846565247,-0.4185114800930023,-0.41937607526779175,-0.4184735119342804,-0.4186863303184509,-0.41713833808898926,-0.41853952407836914,-0.4159696102142334,-0.41718384623527527,-0.41435888409614563,-0.4181276261806488,-0.4132257401943207,-0.41460752487182617,-0.4126187562942505,-0.4138600528240204,-0.41542714834213257,-0.4155140817165375,-0.41596662998199463,-0.4183930456638336,-0.41725975275039673,-0.4179246723651886,-0.4177836775779724]
[-0.4209488332271576,-0.41902369260787964,-0.419912189245224,-0.4185912609100342,-0.42012640833854675,-0.4200925827026367,-0.41983863711357117,-0.41831982135772705,-0.42102426290512085,-0.41986048221588135,-0.41903743147850037,-0.41886022686958313,-0.4188915193080902,-0.4177902042865753,-0.4155981242656708,-0.414214551448822,-0.4138587713241577,-0.41175562143325806,-0.4143370985984802,-0.41178110241889954,-0.41284939646720886,-0.4134899973869324,-0.41483408212661743,-0.4156297445297241,-0.41619375348091125,-0.4172387421131134,-0.4181744158267975,-0.41865333914756775]
[-0.42067763209342957,-0.4198232889175415,-0.41998130083084106,-0.4186972677707672,-0.42021486163139343,-0.41942912340164185,-0.4196301996707916,-0.4188730716705322,-0.4206545352935791,-0.4187038838863373,-0.4192095398902893,-0.4170917868614197,-0.41858190298080444,-0.41655516624450684,-0.41637906432151794,-0.4137427806854248,-0.4146718382835388,-0.4132942855358124,-0.4139668345451355,-0.4145626127719879,-0.4146362841129303,-0.4141197204589844,-0.4155882000923157,-0.41569170355796814,-0.41684550046920776,-0.4164547622203827,-0.4186946451663971,-0.4188423454761505]
[-0.42007744312286377,-0.4192957580089569,-0.41949549317359924,-0.4187922477722168,-0.4200797379016876,-0.41890883445739746,-0.42017489671707153,-0.4186009168624878,-0.4198199510574341,-0.4186073839664459,-0.417265385389328,-0.4165114760398865,-0.41473397612571716,-0.4113355875015259,-0.41592153906822205,-0.4096822440624237,-0.40745317935943604,-0.4081210494041443,-0.40647950768470764,-0.41028738021850586,-0.4092825949192047,-0.4096323847770691,-0.41380515694618225,-0.4121559262275696,-0.4164116084575653,-0.4156671166419983,-0.4195167124271393,-0.41889914870262146]
[-0.4198773205280304,-0.41896408796310425,-0.4193084239959717,-0.41853779554367065,-0.41971680521965027,-0.4182194471359253,-0.42016544938087463,-0.41897642612457275,-0.4190094470977783,-0.41850462555885315,-0.41622430086135864,-0.4137992262840271,-0.4091610312461853,-0.3948967456817627,-0.3808281123638153,-0.39359259605407715,-0.4061915874481201,-0.41011843085289,-0.37797483801841736,-0.38462838530540466,-0.39086857438087463,-0.40796995162963867,-0.4109640121459961,-0.41299137473106384,-0.417271226644516,-0.4176494777202606,-0.4189816415309906,-0.4194096028804779]
[-0.4211699664592743,-0.4192922115325928,-0.4193730056285858,-0.4188457727432251,-0.4192047119140625,-0.41831278800964355,-0.4198024868965149,-0.41838303208351135,-0.41769924759864807,-0.4153745472431183,-0.4104573726654053,-0.4011889398097992,-0.21111726760864258,1.4974137544631958,2.2408487796783447,3.1295926570892334,2.8136179447174072,3.00242018699646,2.0430147647857666,-0.39111533761024475,-0.3792067766189575,-0.40391138195991516,-0.40877050161361694,-0.4109387993812561,-0.41630247235298157,-0.41797342896461487,-0.4190767705440521,-0.4195040464401245]
[-0.4217485785484314,-0.4192262887954712,-0.4195873737335205,-0.4184800386428833,-0.41964733600616455,-0.41829320788383484,-0.41966521739959717,-0.4182380139827728,-0.4170800447463989,-0.41456711292266846,-0.40876519680023193,-0.27846336364746094,1.7890968322753906,2.9247076511383057,2.465721368789673,2.767690658569336,3.0033371448516846,2.106851577758789,2.7890889644622803,2.3057186603546143,-0.42112332582473755,-0.4063511788845062,-0.4054567813873291,-0.4116332530975342,-0.41698670387268066,-0.41736555099487305,-0.41925957798957825,-0.4189755618572235]
[-0.4210869371891022,-0.4195609390735626,-0.41950738430023193,-0.41806697845458984,-0.41952961683273315,-0.417271226644516,-0.4186575710773468,-0.4171295762062073,-0.41620102524757385,-0.41431212425231934,-0.4184683859348297,0.4562160074710846,2.3714845180511475,3.2476725578308105,2.2518727779388428,1.0980757474899292,1.232754111289978,1.5229599475860596,2.886077642440796,3.414097309112549,0.37434670329093933,-0.3730661869049072,-0.4021487832069397,-0.41138336062431335,-0.41752418875694275,-0.41723042726516724,-0.4198046326637268,-0.42018070816993713]
[-0.42123329639434814,-0.41971662640571594,-0.41984426975250244,-0.41837167739868164,-0.41970011591911316,-0.41788357496261597,-0.4184350371360779,-0.4170534908771515,-0.41558533906936646,-0.41052162647247314,-0.32800954580307007,1.8568542003631592,3.1703250408172607,2.0851070880889893,0.4963289797306061,-0.30086350440979004,-0.21534299850463867,-0.00866919755935669,2.7773377895355225,2.7297205924987793,1.3543564081192017,-0.36485350131988525,-0.4056941866874695,-0.4132198095321655,-0.4177054464817047,-0.4178042411804199,-0.4194130599498749,-0.4204694330692291]
[-0.4211622178554535,-0.41954684257507324,-0.41939064860343933,-0.4182261824607849,-0.4182986319065094,-0.41626688838005066,-0.41744786500930786,-0.41590434312820435,-0.4149147868156433,-0.4129799008369446,-0.39810460805892944,0.8852801322937012,2.739388942718506,0.7330030202865601,-0.46776726841926575,-0.4156353175640106,-0.35093066096305847,1.6411879062652588,3.060346841812134,2.7177717685699463,0.5319344997406006,-0.36663323640823364,-0.40450820326805115,-0.41248926520347595,-0.4177281856536865,-0.4179764986038208,-0.4197290241718292,-0.4199378490447998]
[-0.4209732115268707,-0.42042505741119385,-0.419609397649765,-0.4188835918903351,-0.4188329577445984,-0.41688475012779236,-0.4178692102432251,-0.41619908809661865,-0.41589444875717163,-0.41039782762527466,-0.42164671421051025,0.011473432183265686,0.34914442896842957,-0.39769598841667175,-0.4259440302848816,-0.42817941308021545,-0.11083070933818817,2.124882936477661,2.746920108795166,2.5842623710632324,-0.3397156596183777,-0.3795991539955139,-0.4075548052787781,-0.41305527091026306,-0.41772595047950745,-0.41783297061920166,-0.41930288076400757,-0.4200330078601837]
[-0.42080941796302795,-0.41969746351242065,-0.4192063510417938,-0.4184858202934265,-0.4179418087005615,-0.41718435287475586,-0.41667187213897705,-0.41583251953125,-0.41620251536369324,-0.4087843894958496,-0.4128444790840149,-0.40166887640953064,-0.4367210268974304,-0.42600440979003906,-0.40389779210090637,-0.0009192004799842834,1.6911563873291016,2.7740707397460938,2.673497200012207,1.012697458267212,-0.3789549171924591,-0.3907981216907501,-0.4104274809360504,-0.41441473364830017,-0.41723090410232544,-0.41793709993362427,-0.419838547706604,-0.4197585880756378]
[-0.4209323227405548,-0.42043957114219666,-0.4197354018688202,-0.4189198315143585,-0.41886240243911743,-0.41811203956604004,-0.4172137677669525,-0.417329341173172,-0.4153282642364502,-0.41063177585601807,-0.4084087312221527,-0.4142250418663025,-0.41038647294044495,-0.40056005120277405,0.31661221385002136,2.764150381088257,2.847374439239502,2.269087314605713,2.676846981048584,-0.3128132224082947,-0.3854784071445465,-0.40284809470176697,-0.4127879738807678,-0.4155704081058502,-0.4177913963794708,-0.4182608425617218,-0.42053940892219543,-0.41994577646255493]
[-0.4199616611003876,-0.4190695583820343,-0.4195970594882965,-0.418256551027298,-0.4181463420391083,-0.4154490530490875,-0.4161458909511566,-0.41536641120910645,-0.416095495223999,-0.413756787776947,-0.4141387641429901,-0.41855159401893616,-0.4294838607311249,-0.12870025634765625,0.7092506885528564,3.030740737915039,2.332322597503662,2.5525004863739014,1.9643559455871582,-0.333778440952301,-0.39228329062461853,-0.40605270862579346,-0.41521725058555603,-0.41490501165390015,-0.41827070713043213,-0.41743558645248413,-0.42031484842300415,-0.41986483335494995]
[-0.4203318953514099,-0.41988176107406616,-0.419526606798172,-0.4182991087436676,-0.41898438334465027,-0.4161241054534912,-0.41611921787261963,-0.41467535495758057,-0.41542670130729675,-0.4152107536792755,-0.4144342243671417,-0.4170556366443634,0.20673149824142456,1.1387789249420166,1.0858590602874756,2.810230255126953,2.5544562339782715,2.848348379135132,1.2828656435012817,-0.3610426187515259,-0.39851972460746765,-0.4110431969165802,-0.4161122441291809,-0.41654258966445923,-0.4186514914035797,-0.4181148409843445,-0.42066216468811035,-0.4200616478919983]
[-0.4200522303581238,-0.4190807044506073,-0.41827592253685,-0.4175560772418976,-0.4183677136898041,-0.4156859219074249,-0.41496899724006653,-0.41379451751708984,-0.4167424142360687,-0.41409775614738464,-0.41424015164375305,-0.41841936111450195,0.043470680713653564,0.7444802522659302,1.099103331565857,2.7793564796447754,2.831759214401245,2.086045503616333,-0.32210472226142883,-0.38635915517807007,-0.4044968783855438,-0.41053909063339233,-0.41730740666389465,-0.41624006628990173,-0.4192931354045868,-0.41840705275535583,-0.42051708698272705,-0.41981691122055054]
[-0.42011570930480957,-0.4187275469303131,-0.4191820025444031,-0.4181685447692871,-0.4184033274650574,-0.4162197709083557,-0.41585245728492737,-0.4155222177505493,-0.4174163043498993,-0.41432273387908936,-0.41297703981399536,-0.4168106019496918,-0.4370392858982086,-0.342440664768219,1.3015984296798706,3.1134166717529297,2.720205545425415,0.317026287317276,-0.37520894408226013,-0.39458224177360535,-0.4071134030818939,-0.4121675491333008,-0.4174822270870209,-0.41700395941734314,-0.41836318373680115,-0.41839879751205444,-0.42020052671432495,-0.41965875029563904]
[-0.4212423861026764,-0.4187926948070526,-0.41926202178001404,-0.41695788502693176,-0.4180752635002136,-0.41517525911331177,-0.41657349467277527,-0.41493287682533264,-0.4156353771686554,-0.41384121775627136,-0.409640371799469,-0.41313838958740234,-0.3726874589920044,-0.21148467063903809,2.2266924381256104,2.9213032722473145,2.283564805984497,-0.3127140998840332,-0.3882003724575043,-0.3959951400756836,-0.4106241464614868,-0.4126535952091217,-0.4178708791732788,-0.4170498847961426,-0.41956907510757446,-0.4195175766944885,-0.42066267132759094,-0.4199647009372711]
[-0.41975629329681396,-0.41899290680885315,-0.4180687367916107,-0.41892123222351074,-0.41961008310317993,-0.4172309637069702,-0.41732123494148254,-0.41621339321136475,-0.41773632168769836,-0.41506749391555786,-0.4090030789375305,-0.4099980890750885,-0.31068867444992065,1.0555890798568726,2.7940590381622314,2.515364408493042,1.8066918849945068,-0.3391808271408081,-0.3928386867046356,-0.40473154187202454,-0.4137880802154541,-0.41322702169418335,-0.4186881482601166,-0.418143093585968,-0.41965943574905396,-0.4199942648410797,-0.42032402753829956,-0.4197077453136444]
[-0.4195247292518616,-0.4189237654209137,-0.41818371415138245,-0.418670654296875,-0.4184730052947998,-0.41789212822914124,-0.41488561034202576,-0.4116706848144531,-0.40864068269729614,-0.4109794795513153,-0.41084980964660645,-0.40942394733428955,-0.1494905948638916,2.0351479053497314,2.7688210010528564,2.3360202312469482,-0.19142529368400574,-0.3651983141899109,-0.39748966693878174,-0.4102456569671631,-0.41339609026908875,-0.41464394330978394,-0.41954928636550903,-0.4177021384239197,-0.4197154939174652,-0.4193410575389862,-0.42116978764533997,-0.42009055614471436]
[-0.4202684760093689,-0.418609619140625,-0.41744232177734375,-0.41880935430526733,-0.41993680596351624,-0.416996568441391,-0.41272294521331787,-0.41225293278694153,-0.4122227430343628,-0.41345879435539246,-0.40897315740585327,-0.40047410130500793,1.3117603063583374,2.3369874954223633,2.461421251296997,1.9392614364624023,-0.36158812046051025,-0.3873917758464813,-0.4045122563838959,-0.41202038526535034,-0.4159758687019348,-0.4153774678707123,-0.4193071722984314,-0.4184400737285614,-0.4201289713382721,-0.4197847247123718,-0.4214562475681305,-0.420758455991745]
[-0.4212955832481384,-0.4178488254547119,-0.4182356595993042,-0.4170996844768524,-0.42017626762390137,-0.41672155261039734,-0.4183868169784546,-0.12178865075111389,-0.3608584403991699,-0.4101834297180176,-0.4023899435997009,-0.29780805110931396,1.9572932720184326,2.681591272354126,1.9398448467254639,-0.2676275074481964,-0.3881884813308716,-0.39858755469322205,-0.407362699508667,-0.4124448001384735,-0.4160280227661133,-0.4159134030342102,-0.4191672205924988,-0.4192220866680145,-0.4202633500099182,-0.4200398325920105,-0.42088910937309265,-0.42011019587516785]
[-0.41973018646240234,-0.4187239110469818,-0.4179510176181793,-0.4177584946155548,-0.4179617166519165,-0.4175288677215576,-0.2202710211277008,1.0476057529449463,-0.11626914888620377,-0.4141339659690857,-0.3074471354484558,0.9028376340866089,2.4578733444213867,2.8212757110595703,1.1215511560440063,-0.39394065737724304,-0.3982405960559845,-0.4081466794013977,-0.4133523404598236,-0.4153214693069458,-0.4177965223789215,-0.4170464873313904,-0.42054829001426697,-0.4184786379337311,-0.4205779731273651,-0.41983428597450256,-0.4208225905895233,-0.42019417881965637]
[-0.4187403917312622,-0.41760724782943726,-0.4186548590660095,-0.4176696538925171,-0.4165651798248291,-0.4167872965335846,-0.376200407743454,-0.37960997223854065,-0.40179964900016785,-0.411799818277359,-0.38367384672164917,0.3663939833641052,1.5056219100952148,1.4356962442398071,-0.44081932306289673,-0.40304771065711975,-0.406582772731781,-0.41274720430374146,-0.41523194313049316,-0.41598522663116455,-0.41907092928886414,-0.4178840219974518,-0.42011526226997375,-0.4185848534107208,-0.42061471939086914,-0.41940632462501526,-0.4208272695541382,-0.4206393361091614]
[-0.4200576841831207,-0.41828152537345886,-0.41929447650909424,-0.4168311357498169,-0.4168279469013214,-0.41685745120048523,-0.4092003405094147,-0.40950971841812134,-0.40765345096588135,-0.4097517132759094,-0.3989061415195465,-0.35388466715812683,-0.31308913230895996,-0.49803081154823303,-0.41684824228286743,-0.39762502908706665,-0.4061419367790222,-0.4153410792350769,-0.41719329357147217,-0.41806212067604065,-0.4181898832321167,-0.418987512588501,-0.42107129096984863,-0.41908514499664307,-0.4211125075817108,-0.4193984270095825,-0.421182245016098,-0.41978225111961365]
[-0.4206315875053406,-0.41822707653045654,-0.41837942600250244,-0.4170544743537903,-0.4169686436653137,-0.41603022813796997,-0.4117757976055145,-0.4127354621887207,-0.4142705202102661,-0.41122081875801086,-0.4016854166984558,-0.4100758731365204,-0.4019865095615387,-0.41276657581329346,-0.41241446137428284,-0.40390947461128235,-0.411089688539505,-0.41266557574272156,-0.4151458740234375,-0.4155304729938507,-0.4189571440219879,-0.41716471314430237,-0.4196915030479431,-0.4177882671356201,-0.4201754331588745,-0.4183044731616974,-0.4199705123901367,-0.41847169399261475]
[-0.41611209511756897,-0.41557127237319946,-0.41637906432151794,-0.4167309105396271,-0.4167560935020447,-0.415543794631958,-0.41304105520248413,-0.41511398553848267,-0.41643720865249634,-0.4109596908092499,-0.40897035598754883,-0.41361695528030396,-0.40701305866241455,-0.3946831226348877,-0.40660718083381653,-0.4080895185470581,-0.40683358907699585,-0.40864405035972595,-0.41294363141059875,-0.4158731997013092,-0.41775041818618774,-0.4197295904159546,-0.41985195875167847,-0.4192819595336914,-0.42035365104675293,-0.41970106959342957,-0.4204852283000946,-0.4171699285507202]
