[-0.4179626703262329,-0.418949693441391,-0.42057156562805176,-0.4195246398448944,-0.4193311333656311,-0.41858038306236267,-0.41913244128227234,-0.4186260998249054,-0.4191349148750305,-0.41947728395462036,-0.4197540879249573,-0.41866156458854675,-0.4210975170135498,-0.41981932520866394,-0.42081794142723083,-0.4189798831939697,-0.42009007930755615,-0.4182165861129761,-0.4193386733531952,-0.4184170663356781,-0.4150508940219879,-0.41085532307624817,-0.41241559386253357,-0.4099920392036438,-0.41129401326179504,-0.41197526454925537,-0.41157403588294983,-0.40926289558410645]
[-0.42070332169532776,-0.42041465640068054,-0.42178845405578613,-0.42043134570121765,-0.42107972502708435,-0.41981241106987,-0.42027661204338074,-0.4191610813140869,-0.4190349578857422,-0.4190670847892761,-0.42095568776130676,-0.4182339906692505,-0.41929399967193604,-0.41814571619033813,-0.4194246828556061,-0.4186704158782959,-0.4201183617115021,-0.4175620973110199,-0.4182862341403961,-0.4174143671989441,-0.41529449820518494,-0.41359904408454895,-0.41443589329719543,-0.414322167634964,-0.4146568477153778,-0.4146471619606018,-0.41704660654067993,-0.41436710953712463]
[-0.4217792749404907,-0.42083653807640076,-0.4222307503223419,-0.42127060890197754,-0.4218260943889618,-0.4197036325931549,-0.4211389720439911,-0.41932839155197144,-0.4199601113796234,-0.4185760021209717,-0.4192609488964081,-0.41807103157043457,-0.4205344319343567,-0.419913113117218,-0.4203028380870819,-0.4186825156211853,-0.4161737263202667,-0.4178667366504669,-0.4164251685142517,-0.41443005204200745,-0.41469109058380127,-0.4172918200492859,-0.41818076372146606,-0.4177206754684448,-0.4186627268791199,-0.41827091574668884,-0.4193239212036133,-0.41582217812538147]
[-0.4217677414417267,-0.4216771125793457,-0.4217657744884491,-0.42062804102897644,-0.421777606010437,-0.42042404413223267,-0.42024165391921997,-0.41965389251708984,-0.4196528196334839,-0.41776594519615173,-0.4194881021976471,-0.4183453321456909,-0.4209926724433899,-0.42038723826408386,-0.422252893447876,-0.41826552152633667,-0.4133930802345276,-0.417936235666275,-0.41738927364349365,-0.4122743010520935,-0.4136584401130676,-0.41401633620262146,-0.41441139578819275,-0.4169880747795105,-0.4186456799507141,-0.41725656390190125,-0.4185793399810791,-0.41658666729927063]
[-0.4215151369571686,-0.4211811423301697,-0.4210816025733948,-0.42014002799987793,-0.4212549328804016,-0.42030036449432373,-0.41991937160491943,-0.4196264445781708,-0.4199061095714569,-0.417248010635376,-0.4189993441104889,-0.4152696430683136,-0.4177837669849396,-0.41685864329338074,-0.4175513982772827,-0.4139021337032318,-0.40904128551483154,-0.3246026635169983,-0.34525421261787415,-0.3381462097167969,-0.4162498712539673,-0.3959837257862091,-0.40323448181152344,-0.41031041741371155,-0.41588884592056274,-0.41768893599510193,-0.41937559843063354,-0.41853243112564087]
[-0.421237587928772,-0.4201376736164093,-0.4209817051887512,-0.4202292561531067,-0.4212417006492615,-0.42055320739746094,-0.4196668565273285,-0.41877642273902893,-0.41908782720565796,-0.41735929250717163,-0.4170438051223755,-0.4160783886909485,-0.41788092255592346,-0.4229377210140228,-0.4311811029911041,-0.42866599559783936,-0.005548790097236633,1.5486828088760376,1.8948466777801514,1.439013123512268,0.5239790678024292,-0.010474495589733124,-0.3983360230922699,-0.4041494131088257,-0.4125608503818512,-0.41614896059036255,-0.4185430109500885,-0.4175158441066742]
[-0.4214024543762207,-0.4209035038948059,-0.42116230726242065,-0.4201594591140747,-0.42123037576675415,-0.4200635254383087,-0.42038267850875854,-0.4184447228908539,-0.41872772574424744,-0.41492679715156555,-0.4149830937385559,-0.41524192690849304,-0.43598705530166626,-0.3068859577178955,0.033709198236465454,0.5521786212921143,1.49923574924469,2.7492477893829346,3.059433937072754,3.2943289279937744,2.8726799488067627,1.7492958307266235,-0.3850115239620209,-0.4012957513332367,-0.4103260040283203,-0.414787232875824,-0.4181305766105652,-0.4168933928012848]
[-0.4216578006744385,-0.42068201303482056,-0.42049962282180786,-0.4196483790874481,-0.4208447337150574,-0.41903772950172424,-0.41959553956985474,-0.41811421513557434,-0.41840091347694397,-0.41591623425483704,-0.4124284088611603,-0.41706418991088867,0.6523803472518921,2.4804811477661133,2.138216495513916,2.83927321434021,3.313321352005005,2.9570505619049072,2.729647397994995,2.6042072772979736,3.3497917652130127,1.9521455764770508,-0.3812893033027649,-0.402645468711853,-0.4122692346572876,-0.4156254231929779,-0.41803592443466187,-0.4153645932674408]
[-0.4216495454311371,-0.4197636544704437,-0.41950342059135437,-0.41919586062431335,-0.42049694061279297,-0.41875386238098145,-0.4196903109550476,-0.41699153184890747,-0.4171609878540039,-0.4127786457538605,-0.4067324101924896,-0.19388127326965332,2.2145659923553467,3.336139678955078,3.0568909645080566,2.470332622528076,2.3463027477264404,2.7312850952148438,2.4021031856536865,2.699272394180298,3.432476043701172,2.2081785202026367,-0.3534940481185913,-0.39127087593078613,-0.4129905700683594,-0.4165882468223572,-0.41988053917884827,-0.41594478487968445]
[-0.42110326886177063,-0.4200058877468109,-0.42027541995048523,-0.41950950026512146,-0.4205775558948517,-0.41860443353652954,-0.4189828932285309,-0.4177516996860504,-0.4158811569213867,-0.4110330641269684,-0.4487323760986328,1.2032421827316284,2.8878796100616455,2.588494062423706,2.096623420715332,0.1437123417854309,-0.06080840900540352,1.721077561378479,2.9137330055236816,3.122398614883423,3.2026584148406982,1.7392725944519043,-0.19371795654296875,-0.3956918716430664,-0.41044068336486816,-0.4173736274242401,-0.4185045063495636,-0.4145206809043884]
[-0.4193372428417206,-0.4189102351665497,-0.41957226395606995,-0.4192377030849457,-0.4194175899028778,-0.41739749908447266,-0.41791921854019165,-0.41640526056289673,-0.41564202308654785,-0.40647009015083313,-0.36118385195732117,2.2313499450683594,2.927722930908203,1.8648840188980103,-0.20191028714179993,-0.45787513256073,-0.24798224866390228,2.04060697555542,2.7838077545166016,3.322244644165039,2.814201831817627,1.8379968404769897,0.323119580745697,-0.38887837529182434,-0.4072597920894623,-0.4191466271877289,-0.42026016116142273,-0.4157477021217346]
[-0.4186888039112091,-0.4173170328140259,-0.41943031549453735,-0.41951310634613037,-0.4194364547729492,-0.417774498462677,-0.4167358875274658,-0.4166679382324219,-0.4142627716064453,-0.4029316306114197,0.6108076572418213,2.8829033374786377,2.149245500564575,0.12304902076721191,-0.4078664183616638,-0.4406866431236267,0.3917548954486847,2.737196922302246,2.251739263534546,3.03918719291687,2.9058213233947754,2.5427486896514893,0.40649476647377014,-0.39636901021003723,-0.40686658024787903,-0.41831085085868835,-0.41871535778045654,-0.416598379611969]
[-0.4197574853897095,-0.4188128709793091,-0.4201423227787018,-0.4198002815246582,-0.4194263815879822,-0.4176883399486542,-0.4173669219017029,-0.4136333465576172,-0.4023435711860657,-0.0975978896021843,2.333655595779419,2.7323484420776367,0.3885771930217743,-0.42026984691619873,-0.40669071674346924,-0.2347201257944107,2.118156909942627,3.068507671356201,3.11055326461792,3.0136373043060303,2.505450487136841,2.236719846725464,0.7612512111663818,-0.37595897912979126,-0.4042334258556366,-0.4147290587425232,-0.42010271549224854,-0.41862988471984863]
[-0.4200170338153839,-0.4191681742668152,-0.42018988728523254,-0.4200560748577118,-0.41974571347236633,-0.41839733719825745,-0.4176322817802429,-0.4132217764854431,-0.3330446481704712,1.653678297996521,2.7867448329925537,1.7747937440872192,-0.4238303601741791,-0.4083702266216278,-0.24896609783172607,1.3880791664123535,2.726896047592163,2.1746208667755127,3.018902540206909,3.357750177383423,3.277722120285034,3.130502462387085,1.953819990158081,-0.38177770376205444,-0.4062522351741791,-0.41076502203941345,-0.4177359938621521,-0.41736218333244324]
[-0.4200703799724579,-0.41964030265808105,-0.42123255133628845,-0.42070266604423523,-0.4197952449321747,-0.4179918169975281,-0.41597890853881836,-0.4089704155921936,-0.2744654417037964,2.5963802337646484,2.54012131690979,0.08691456913948059,-0.3970908224582672,-0.4313439428806305,0.7863837480545044,2.3843462467193604,2.8988966941833496,2.3100762367248535,1.7416585683822632,2.835686683654785,3.218726396560669,3.164386510848999,1.6271415948867798,-0.3958606719970703,-0.4063572585582733,-0.4114392101764679,-0.4203982353210449,-0.4185888469219208]
[-0.4201339781284332,-0.41907745599746704,-0.4211371839046478,-0.420073539018631,-0.420087069272995,-0.4173153042793274,-0.4133302569389343,-0.40164098143577576,0.33656102418899536,2.7238357067108154,2.460183620452881,-0.3566911518573761,-0.4047558009624481,-0.385068416595459,1.0209567546844482,2.3602912425994873,2.077971935272217,0.46335354447364807,-0.18993982672691345,1.6912107467651367,2.8206019401550293,2.4917423725128174,1.78654146194458,-0.3766517639160156,-0.40548473596572876,-0.4133110046386719,-0.4203342795372009,-0.41687726974487305]
[-0.42027151584625244,-0.4203226864337921,-0.4203788936138153,-0.42023715376853943,-0.4198308289051056,-0.4152100384235382,-0.4011869728565216,-0.3543773293495178,1.6567894220352173,2.87870454788208,2.11427903175354,-0.36584344506263733,-0.3989887535572052,-0.30782702565193176,-0.04457557201385498,-0.35806572437286377,-0.3548809885978699,-0.37926796078681946,-0.3808998465538025,1.5106251239776611,2.54858136177063,2.5490407943725586,2.412846803665161,-0.3534547686576843,-0.4020746648311615,-0.4147624373435974,-0.42045921087265015,-0.4187791347503662]
[-0.42045238614082336,-0.4198611378669739,-0.419473260641098,-0.42060884833335876,-0.41898128390312195,-0.4156656265258789,-0.41061216592788696,0.29396992921829224,2.6813859939575195,2.9951648712158203,1.5157266855239868,-0.12551625072956085,-0.40321147441864014,-0.37919121980667114,-0.4065939784049988,-0.3886580467224121,-0.4201433062553406,-0.3851945102214813,-0.3545791506767273,1.570630431175232,2.107450485229492,2.3530242443084717,2.2452552318573,-0.37258416414260864,-0.4003525972366333,-0.41241464018821716,-0.41769304871559143,-0.41730961203575134]
[-0.4206463396549225,-0.4186910390853882,-0.41977909207344055,-0.42062270641326904,-0.41761207580566406,-0.41341421008110046,-0.39150452613830566,1.4382399320602417,3.5169291496276855,2.8254354000091553,1.5166116952896118,-0.16435003280639648,-0.38334524631500244,-0.4157615005970001,-0.41644132137298584,-0.4116300344467163,-0.3990825116634369,-0.4611799716949463,0.1543988585472107,1.6329998970031738,2.1458282470703125,2.717273235321045,1.7560415267944336,-0.362704336643219,-0.39650729298591614,-0.4156254529953003,-0.42048487067222595,-0.41979655623435974]
[-0.42053818702697754,-0.41988348960876465,-0.4202693700790405,-0.4198821783065796,-0.4163351356983185,-0.41239580512046814,-0.2397788166999817,2.100116014480591,3.0597147941589355,2.1917240619659424,1.8174641132354736,0.5230023860931396,-0.3823584020137787,-0.4148406386375427,-0.40598630905151367,-0.3950895667076111,-0.4116366505622864,0.2479436695575714,1.7538787126541138,2.1051573753356934,2.514007568359375,2.6415982246398926,-0.030705183744430542,-0.37686896324157715,-0.4031752943992615,-0.41436290740966797,-0.4211582839488983,-0.4200986623764038]
[-0.4206896424293518,-0.41842660307884216,-0.42002326250076294,-0.41974782943725586,-0.4159861207008362,-0.4108377695083618,-0.40303948521614075,1.185271143913269,2.7305965423583984,2.636582851409912,2.1050853729248047,1.5142593383789062,-0.17144715785980225,-0.3579702377319336,-0.3339381515979767,-0.2049533575773239,0.755994439125061,1.6181681156158447,2.9465863704681396,2.104228973388672,3.0054543018341064,1.863254427909851,-0.34968045353889465,-0.39360928535461426,-0.41019386053085327,-0.4161425530910492,-0.42302918434143066,-0.4204324781894684]
[-0.4208786189556122,-0.4189527928829193,-0.4201866090297699,-0.41948050260543823,-0.4176180958747864,-0.4100630283355713,-0.40911102294921875,-0.3323378264904022,2.008362054824829,2.964715003967285,2.918480157852173,2.7829442024230957,2.590550661087036,2.992990493774414,2.9383835792541504,2.898414373397827,2.4925537109375,2.4881985187530518,3.143632173538208,2.685594320297241,2.9002764225006104,-0.11225967854261398,-0.3837927579879761,-0.39805102348327637,-0.4136684238910675,-0.4177387058734894,-0.4225170612335205,-0.4214501678943634]
[-0.420532763004303,-0.4192449450492859,-0.41998493671417236,-0.41869232058525085,-0.417842298746109,-0.41174161434173584,-0.40147775411605835,-0.4081406891345978,-0.44476616382598877,0.29859620332717896,0.811579704284668,2.7496771812438965,3.8064422607421875,3.6176891326904297,3.6365978717803955,3.3473734855651855,3.571308135986328,3.3986268043518066,3.0111472606658936,1.8965425491333008,0.5233227014541626,-0.3383559584617615,-0.39969274401664734,-0.4062264859676361,-0.41709908843040466,-0.41895177960395813,-0.42294952273368835,-0.42124143242836]
[-0.4204851984977722,-0.41881057620048523,-0.4201546907424927,-0.4188859164714813,-0.41933122277259827,-0.4155569076538086,-0.4029672145843506,-0.40464943647384644,-0.4172065854072571,-0.44254231452941895,-0.44708874821662903,-0.3477667272090912,0.5589910745620728,1.3840229511260986,2.5614078044891357,2.8138604164123535,2.5058276653289795,1.9243297576904297,-0.13503091037273407,-0.3328813910484314,-0.38542741537094116,-0.39252573251724243,-0.40862998366355896,-0.41206449270248413,-0.41858720779418945,-0.4203207194805145,-0.42137858271598816,-0.42031407356262207]
[-0.4216517210006714,-0.41962912678718567,-0.42026543617248535,-0.4177124798297882,-0.41902655363082886,-0.41698378324508667,-0.41271522641181946,-0.4073134958744049,-0.4140596389770508,-0.41523799300193787,-0.45057934522628784,-0.475217342376709,-0.452847957611084,-0.484715074300766,-0.3621061444282532,-0.4231931269168854,-0.39811182022094727,-0.413622111082077,-0.3595705032348633,-0.38743507862091064,-0.40041273832321167,-0.40502339601516724,-0.4136277735233307,-0.4127258062362671,-0.41880732774734497,-0.41944462060928345,-0.42059823870658875,-0.41920095682144165]
[-0.42190295457839966,-0.4201005697250366,-0.42049044370651245,-0.41897159814834595,-0.41937726736068726,-0.4178306460380554,-0.4135558605194092,-0.4086976647377014,-0.40545380115509033,-0.4086282551288605,-0.4267359673976898,-0.42566239833831787,-0.4282073974609375,-0.39800122380256653,-0.4199032485485077,-0.4077024757862091,-0.4028334319591522,-0.4032420814037323,-0.3856445550918579,-0.4081030488014221,-0.4083921015262604,-0.4113047122955322,-0.4158017039299011,-0.4158466160297394,-0.41805389523506165,-0.4195857644081116,-0.4187180697917938,-0.4199198782444]
[-0.42295873165130615,-0.42047640681266785,-0.42139506340026855,-0.4198754131793976,-0.4209742248058319,-0.41855481266975403,-0.4174908399581909,-0.41734495759010315,-0.4186786413192749,-0.41337719559669495,-0.419596403837204,-0.41378435492515564,-0.42016419768333435,-0.4007510542869568,-0.3991154432296753,-0.398688405752182,-0.39437443017959595,-0.40045952796936035,-0.41126444935798645,-0.411347895860672,-0.41366615891456604,-0.4156494438648224,-0.4177098870277405,-0.41555336117744446,-0.41613125801086426,-0.4165513515472412,-0.4189731180667877,-0.4167591333389282]
[-0.42159348726272583,-0.422139048576355,-0.4226752519607544,-0.4196983873844147,-0.4215438663959503,-0.41949793696403503,-0.41927099227905273,-0.42092645168304443,-0.41827890276908875,-0.4151040315628052,-0.41849207878112793,-0.41408011317253113,-0.4174492359161377,-0.41825464367866516,-0.4089924693107605,-0.4081016480922699,-0.41202518343925476,-0.4094502329826355,-0.4162101149559021,-0.41523975133895874,-0.4181726574897766,-0.41787609457969666,-0.41640713810920715,-0.41342779994010925,-0.4132809340953827,-0.41338321566581726,-0.41646474599838257,-0.4110909104347229]
