[-0.4159106910228729,-0.4164574444293976,-0.4191061854362488,-0.4184204936027527,-0.4201330244541168,-0.41838422417640686,-0.42087921500205994,-0.41792869567871094,-0.41976338624954224,-0.4198141098022461,-0.4203724265098572,-0.4182041585445404,-0.4221913516521454,-0.41890013217926025,-0.4213457703590393,-0.4169774055480957,-0.42017561197280884,-0.41726696491241455,-0.4150086045265198,-0.41628462076187134,-0.4170617163181305,-0.41460132598876953,-0.41435474157333374,-0.4123079180717468,-0.4100245535373688,-0.4319917857646942,-0.39816635847091675,-0.4018460214138031]
[-0.4178845286369324,-0.41789281368255615,-0.41848069429397583,-0.4174230992794037,-0.4184024930000305,-0.4176853597164154,-0.4198896288871765,-0.4183627665042877,-0.41853973269462585,-0.41792452335357666,-0.4194793999195099,-0.418361634016037,-0.4207518398761749,-0.41825172305107117,-0.4203492999076843,-0.41646048426628113,-0.41887444257736206,-0.41956856846809387,-0.41893619298934937,-0.41435572504997253,-0.4142993688583374,-0.41290342807769775,-0.41637352108955383,-0.4144410789012909,-0.4090677797794342,-0.4058036208152771,-0.40715667605400085,-0.4085965156555176]
[-0.42058494687080383,-0.41818463802337646,-0.419258177280426,-0.41779807209968567,-0.4185898005962372,-0.4183221757411957,-0.42067083716392517,-0.41832590103149414,-0.41878318786621094,-0.4179464876651764,-0.41836607456207275,-0.4196847081184387,-0.4201265573501587,-0.41938188672065735,-0.41904252767562866,-0.4159599542617798,-0.433103084564209,-0.40078607201576233,-0.41335856914520264,-0.4308593273162842,-0.4100279211997986,-0.4127398729324341,-0.4133540689945221,-0.4120647609233856,-0.41839760541915894,-0.41739267110824585,-0.41696396470069885,-0.4147171080112457]
[-0.4204290807247162,-0.41908320784568787,-0.419276624917984,-0.4180625379085541,-0.4189895689487457,-0.41881823539733887,-0.41920387744903564,-0.4182443618774414,-0.41949599981307983,-0.41886791586875916,-0.42061278223991394,-0.41932064294815063,-0.4196426272392273,-0.4193422794342041,-0.42080050706863403,-0.40889450907707214,-0.18048115074634552,1.168568730354309,1.1008005142211914,0.2099049687385559,-0.4177584648132324,-0.4001295566558838,-0.3938271105289459,-0.41036298871040344,-0.415546715259552,-0.4192562997341156,-0.41892534494400024,-0.41913360357284546]
[-0.41995707154273987,-0.4187915325164795,-0.41983115673065186,-0.41789260506629944,-0.4197019934654236,-0.41747286915779114,-0.41832926869392395,-0.4172825813293457,-0.41746798157691956,-0.41641494631767273,-0.42079219222068787,-0.4159766435623169,-0.41684651374816895,-0.4169215261936188,-0.331287682056427,1.1521227359771729,1.327330231666565,2.5441808700561523,2.811971426010132,1.3616517782211304,0.7790175676345825,-0.3434254229068756,-0.385505735874176,-0.39757248759269714,-0.41297587752342224,-0.41461342573165894,-0.41991689801216125,-0.4190994203090668]
[-0.42084890604019165,-0.41923412680625916,-0.4196482300758362,-0.4181613028049469,-0.42019665241241455,-0.4183351993560791,-0.4189820885658264,-0.41722604632377625,-0.4167415499687195,-0.41655653715133667,-0.4187546968460083,-0.4153960347175598,-0.41237011551856995,-0.42206621170043945,0.9824678897857666,2.0411126613616943,1.6758859157562256,2.1818830966949463,1.9894351959228516,2.6614279747009277,3.0031051635742188,1.4993000030517578,-0.29661452770233154,-0.36087316274642944,-0.40488263964653015,-0.4110284149646759,-0.41788187623023987,-0.4195358455181122]
[-0.4209860861301422,-0.41964447498321533,-0.41977760195732117,-0.41870173811912537,-0.42041081190109253,-0.4177497625350952,-0.4187443256378174,-0.41733166575431824,-0.41909244656562805,-0.4187994599342346,-0.42030036449432373,-0.4165816307067871,-0.41384240984916687,-0.43220841884613037,2.1497881412506104,2.006059169769287,0.27775734663009644,-0.3343438506126404,-0.6074923276901245,0.8876214027404785,3.128147602081299,2.4714267253875732,2.011526584625244,-0.2866273522377014,-0.4095200300216675,-0.41417503356933594,-0.42104247212409973,-0.4214743375778198]
[-0.4207410216331482,-0.41955864429473877,-0.41929569840431213,-0.4183496832847595,-0.4201941192150116,-0.4181519150733948,-0.41866135597229004,-0.4175416827201843,-0.41976675391197205,-0.4166910648345947,-0.42086198925971985,-0.41548120975494385,-0.4168540835380554,-0.436165452003479,2.069969892501831,2.007528066635132,-0.4349796175956726,-0.39007604122161865,-0.36971789598464966,-0.4759126305580139,2.531869649887085,2.6361265182495117,2.5142266750335693,-0.34086745977401733,-0.40129199624061584,-0.4121659994125366,-0.41738778352737427,-0.4192599654197693]
[-0.42163312435150146,-0.4189700186252594,-0.41897350549697876,-0.41761884093284607,-0.42022573947906494,-0.4172404706478119,-0.42020177841186523,-0.4178081452846527,-0.4197889268398285,-0.4174777567386627,-0.42073920369148254,-0.4163549840450287,-0.4128492474555969,-0.4231570363044739,2.0052056312561035,1.6310253143310547,-0.4312777519226074,-0.39815735816955566,-0.32767972350120544,-0.5227339267730713,2.0702645778656006,2.1148223876953125,2.9748740196228027,-0.0005778372287750244,-0.3914291262626648,-0.4017193913459778,-0.4162798821926117,-0.4211685061454773]
[-0.4207379221916199,-0.4191862642765045,-0.41940128803253174,-0.4181254804134369,-0.4208860993385315,-0.41925838589668274,-0.4197145700454712,-0.4178133010864258,-0.42010629177093506,-0.41802725195884705,-0.41957491636276245,-0.4108324348926544,-0.4066571593284607,-0.11650830507278442,2.86266827583313,1.4441431760787964,-0.41021209955215454,-0.38987451791763306,-0.3340814709663391,0.5654575824737549,1.9677343368530273,2.0666770935058594,3.9284467697143555,1.3657723665237427,-0.40614089369773865,-0.4007894992828369,-0.41641491651535034,-0.4190363585948944]
[-0.42057502269744873,-0.4187287986278534,-0.4194625914096832,-0.41805407404899597,-0.41928642988204956,-0.4181686341762543,-0.42006999254226685,-0.4185788333415985,-0.41824182868003845,-0.410745769739151,-0.40978360176086426,-0.3994797170162201,-0.49752277135849,1.091393232345581,3.367009401321411,1.4785165786743164,-0.4174906611442566,-0.1363537311553955,0.827115535736084,1.8113939762115479,1.7667924165725708,2.324739456176758,3.0668699741363525,1.0065187215805054,-0.39234328269958496,-0.4079667031764984,-0.41635072231292725,-0.41906678676605225]
[-0.4202808141708374,-0.41910773515701294,-0.41868555545806885,-0.41785329580307007,-0.4193207919597626,-0.41922470927238464,-0.41903990507125854,-0.41850513219833374,-0.41801145672798157,-0.4084584712982178,-0.39901337027549744,-0.4020683765411377,1.3763878345489502,2.7526235580444336,3.040583372116089,2.192930221557617,0.7941292524337769,2.251272439956665,2.661609649658203,2.555644989013672,3.10516357421875,2.7460713386535645,1.5255069732666016,-0.3488902449607849,-0.3826029896736145,-0.4029579162597656,-0.41177690029144287,-0.4169144928455353]
[-0.42080339789390564,-0.41966208815574646,-0.41926389932632446,-0.41883766651153564,-0.41941267251968384,-0.4185243844985962,-0.4162673354148865,-0.41433489322662354,-0.413746178150177,-0.40094253420829773,-0.486966609954834,1.042883038520813,2.93394136428833,2.3648030757904053,1.6763744354248047,1.4697908163070679,1.0038789510726929,2.1716039180755615,2.7519397735595703,2.2962334156036377,2.5700812339782715,3.1561341285705566,2.2302186489105225,0.4043084681034088,-0.4181486666202545,-0.41588085889816284,-0.4123499393463135,-0.41342565417289734]
[-0.4202777147293091,-0.4189601540565491,-0.4197898209095001,-0.4181610345840454,-0.4190470576286316,-0.4179933965206146,-0.41469424962997437,-0.41409412026405334,-0.39605197310447693,-0.26078927516937256,1.4625403881072998,3.2618353366851807,2.398909091949463,-0.024313323199748993,-0.33140915632247925,-0.3056541681289673,-0.4214923083782196,0.4707849323749542,2.1023643016815186,2.5316216945648193,2.6646175384521484,2.3855228424072266,2.302776575088501,2.021467685699463,-0.014168426394462585,-0.4047713577747345,-0.4136371910572052,-0.4093143045902252]
[-0.42128098011016846,-0.41944554448127747,-0.4194216728210449,-0.4186343848705292,-0.4158455729484558,-0.41518500447273254,-0.40192940831184387,-0.38690289855003357,0.13277685642242432,2.473400354385376,3.193612575531006,2.1810741424560547,0.7681112289428711,-0.3656773269176483,-0.37888044118881226,-0.3876695930957794,-0.4080128073692322,-0.3487241864204407,1.419281005859375,2.219120502471924,2.870992660522461,2.948066234588623,2.7411835193634033,3.711517333984375,1.5499902963638306,0.022565841674804688,-0.42162221670150757,-0.41467657685279846]
[-0.42057546973228455,-0.418266236782074,-0.4194387197494507,-0.4170840382575989,-0.4152723550796509,-0.4131244719028473,-0.375771701335907,-0.04401540011167526,2.602651357650757,2.4887092113494873,3.2226474285125732,1.6198810338974,-0.37647220492362976,-0.39604535698890686,-0.3950439989566803,-0.39238402247428894,-0.3960769474506378,-0.40331244468688965,0.9889721870422363,1.700574278831482,2.4756722450256348,2.7629735469818115,3.719426155090332,2.8457260131835938,-0.3977240324020386,-0.42738065123558044,-0.40859970450401306,-0.41035425662994385]
[-0.42034465074539185,-0.4193490743637085,-0.4179452955722809,-0.41589459776878357,-0.4140093922615051,-0.40614816546440125,-0.3637414872646332,2.0092737674713135,3.4090323448181152,2.254106044769287,2.984240770339966,0.021072059869766235,-0.4134127199649811,-0.40656551718711853,-0.41145601868629456,-0.403458833694458,-0.38023802638053894,-0.5319517850875854,1.518050193786621,1.8476723432540894,2.5372209548950195,1.6625709533691406,0.8454909324645996,-0.3583803176879883,-0.40429598093032837,-0.4045383930206299,-0.4113047122955322,-0.4141896665096283]
[-0.4189302921295166,-0.41768932342529297,-0.4167579710483551,-0.41646459698677063,-0.4135100841522217,-0.3901885151863098,1.4685460329055786,3.2131507396698,2.961564302444458,1.932189702987671,1.6266987323760986,-0.369428813457489,-0.4056001305580139,-0.4120466113090515,-0.41044381260871887,-0.39302799105644226,-0.3974815309047699,0.06266090273857117,2.847032308578491,2.65663480758667,2.5714290142059326,-0.2572391927242279,-0.3556744456291199,-0.3760528862476349,-0.39381322264671326,-0.4042503237724304,-0.41497623920440674,-0.4161926805973053]
[-0.4203501045703888,-0.4182107150554657,-0.41338422894477844,-0.412081778049469,-0.39711377024650574,-0.15328532457351685,2.6307241916656494,3.249164342880249,2.3147218227386475,2.110819101333618,0.7030849456787109,-0.39120832085609436,-0.39513811469078064,-0.42498570680618286,-0.41426220536231995,-0.42843499779701233,0.28145959973335266,2.665323257446289,2.9264376163482666,2.9797260761260986,0.46112534403800964,-0.35061460733413696,-0.3934519290924072,-0.3972873389720917,-0.40647298097610474,-0.4122622311115265,-0.41849687695503235,-0.4163622558116913]
[-0.41853466629981995,-0.4188702404499054,-0.41146084666252136,-0.40603750944137573,-0.4229072034358978,0.9467277526855469,3.207000494003296,2.5607872009277344,1.6869608163833618,1.1348594427108765,0.8800030946731567,-0.36587291955947876,-0.37364476919174194,-0.3959437310695648,-0.3238650858402252,0.6353724002838135,2.570460796356201,2.796297311782837,2.556558847427368,0.7488620281219482,-0.3530258536338806,-0.38602063059806824,-0.3960281312465668,-0.40811678767204285,-0.4142632782459259,-0.41643717885017395,-0.4180140197277069,-0.4190351665019989]
[-0.41801580786705017,-0.41840386390686035,-0.40820562839508057,-0.4037953019142151,-0.511666476726532,0.8169410228729248,2.424729585647583,2.9115755558013916,1.8384029865264893,2.8394381999969482,1.933243751525879,-0.3670923709869385,-0.391194224357605,0.21119272708892822,2.2624661922454834,3.3776988983154297,2.5757498741149902,1.952672004699707,0.5640140771865845,-0.31657010316848755,-0.3953233063220978,-0.4016563296318054,-0.4121472239494324,-0.41380736231803894,-0.41642409563064575,-0.41802701354026794,-0.41975635290145874,-0.4200204312801361]
[-0.41549283266067505,-0.4198527932167053,-0.4077146649360657,-0.4224931299686432,0.3819194734096527,3.6802115440368652,3.6550443172454834,2.440497398376465,2.209219455718994,2.0885422229766846,3.3290364742279053,2.428046941757202,1.9737915992736816,2.8723561763763428,2.465369462966919,2.5775673389434814,1.9483771324157715,-0.004682019352912903,-0.3737335503101349,-0.39367711544036865,-0.4056834578514099,-0.41101253032684326,-0.41642847657203674,-0.41592052578926086,-0.4182274043560028,-0.4186546802520752,-0.4196486175060272,-0.42082685232162476]
[-0.41898876428604126,-0.41750335693359375,-0.41058725118637085,-0.4226560890674591,-0.45800843834877014,1.6234861612319946,3.966646671295166,3.804783582687378,3.3060269355773926,2.907416820526123,3.3722612857818604,3.726344108581543,2.9068872928619385,2.5874927043914795,2.580925703048706,0.6455317735671997,-0.3891965448856354,-0.4062712490558624,-0.40925687551498413,-0.40660375356674194,-0.4127626121044159,-0.413975328207016,-0.4178173840045929,-0.4175434410572052,-0.4189694821834564,-0.41849231719970703,-0.4185730516910553,-0.4196479916572571]
[-0.4162973165512085,-0.4166318476200104,-0.41327476501464844,-0.40632113814353943,-0.3925144672393799,-0.3158664405345917,0.6966112852096558,1.9024367332458496,2.443692207336426,2.415715456008911,2.497291088104248,1.996324062347412,1.4740227460861206,1.2935519218444824,-0.31618404388427734,-0.3331139087677002,-0.40165671706199646,-0.4124312102794647,-0.41076967120170593,-0.4064677357673645,-0.4145914316177368,-0.415912926197052,-0.4178130328655243,-0.41759955883026123,-0.41792118549346924,-0.4189673364162445,-0.41877657175064087,-0.41847020387649536]
[-0.41740018129348755,-0.4171212613582611,-0.4169626533985138,-0.4089899957180023,-0.39346978068351746,-0.43428170680999756,-0.5644599199295044,-0.42360982298851013,-0.49104318022727966,-0.37572017312049866,-0.5553665161132812,-0.5423515439033508,-0.4587479829788208,-0.4482545852661133,-0.4092312455177307,-0.39631175994873047,-0.4135906994342804,-0.40727075934410095,-0.41750067472457886,-0.4128640294075012,-0.41583219170570374,-0.41601890325546265,-0.4179239273071289,-0.41668716073036194,-0.41805770993232727,-0.41834110021591187,-0.41814443469047546,-0.41897401213645935]
[-0.4210146367549896,-0.4181411564350128,-0.4169081151485443,-0.4035576283931732,-0.3890438377857208,-0.3966030776500702,-0.41796305775642395,-0.4686105251312256,-0.38676348328590393,-0.3867316246032715,-0.43381768465042114,-0.44119992852211,-0.3982619345188141,-0.4120006263256073,-0.4078139364719391,-0.40706145763397217,-0.40857061743736267,-0.41115978360176086,-0.4159355163574219,-0.41431528329849243,-0.4164351522922516,-0.4162103831768036,-0.4175940752029419,-0.4178268611431122,-0.4187876284122467,-0.4194425046443939,-0.4186627268791199,-0.41822102665901184]
[-0.42684683203697205,-0.42071542143821716,-0.42394107580184937,-0.4155443012714386,-0.4206722378730774,-0.3995838463306427,-0.4059508144855499,-0.3987730145454407,-0.3964195251464844,-0.3921871781349182,-0.40006279945373535,-0.39820829033851624,-0.4014523923397064,-0.4025856554508209,-0.41861197352409363,-0.41171079874038696,-0.4144822359085083,-0.41344425082206726,-0.4180629849433899,-0.41406136751174927,-0.414700448513031,-0.4155835509300232,-0.41855958104133606,-0.4174406826496124,-0.41804495453834534,-0.4175950288772583,-0.4181816875934601,-0.4172726571559906]
[-0.4243987500667572,-0.42634686827659607,-0.4246027171611786,-0.42203572392463684,-0.43146300315856934,-0.42042192816734314,-0.40319153666496277,-0.40300697088241577,-0.409099817276001,-0.41208407282829285,-0.3993586599826813,-0.39904123544692993,-0.412118136882782,-0.4145076870918274,-0.41993799805641174,-0.41800081729888916,-0.41702330112457275,-0.4178319275379181,-0.416812926530838,-0.4149439036846161,-0.4155791699886322,-0.41706520318984985,-0.4182907044887543,-0.418925404548645,-0.41944795846939087,-0.41945064067840576,-0.41784992814064026,-0.4150769114494324]
