[-0.028265438973903656,-0.38898786902427673,-0.4142453968524933,-0.41571706533432007,-0.41969868540763855,-0.4179877042770386,-0.4203043282032013,-0.41803309321403503,-0.420363187789917,-0.41982030868530273,-0.4210997223854065,-0.4094845950603485,-0.40815362334251404,-0.3606452941894531,-0.4172043800354004,-0.4171622097492218,-0.41746366024017334,-0.4155206084251404,-0.4103318452835083,-0.40231794118881226,0.17003366351127625,1.157683253288269,-0.3571857810020447,-0.40051066875457764,-0.4111427962779999,-0.4139244258403778,-0.41388729214668274,-0.40980803966522217]
[-0.3933176100254059,-0.41264352202415466,-0.4192843437194824,-0.41872110962867737,-0.41960713267326355,-0.41760140657424927,-0.42076119780540466,-0.41940125823020935,-0.4201136827468872,-0.4176423251628876,-0.41772499680519104,-0.416861355304718,-0.4095173478126526,-0.40607208013534546,-0.4151366055011749,-0.41714441776275635,-0.4158838987350464,-0.4115135967731476,-0.4151530861854553,-0.3191481828689575,0.9536159038543701,1.8531818389892578,-0.008203752338886261,-0.4000530540943146,-0.41473188996315,-0.4158669412136078,-0.41787073016166687,-0.4152578115463257]
[-0.4157199263572693,-0.41827380657196045,-0.4194389283657074,-0.4163223206996918,-0.4184378385543823,-0.4174913763999939,-0.4198397994041443,-0.41808339953422546,-0.41941747069358826,-0.4184543788433075,-0.41404637694358826,-0.40970349311828613,-0.40984487533569336,-0.41677695512771606,-0.4098401665687561,-0.40950915217399597,-0.409638375043869,-0.39469581842422485,-0.2106391191482544,1.5891387462615967,2.1799800395965576,1.6382769346237183,-0.326693594455719,-0.3988950550556183,-0.41301679611206055,-0.4161723554134369,-0.41861847043037415,-0.41705405712127686]
[-0.4207185208797455,-0.4202016294002533,-0.4179844558238983,-0.4172569513320923,-0.4180067777633667,-0.41824620962142944,-0.41965988278388977,-0.41840529441833496,-0.4187541902065277,-0.41711440682411194,-0.41400447487831116,-0.399507075548172,-0.41018936038017273,-0.18267583847045898,-0.4988864064216614,-0.44266724586486816,-0.4135805368423462,-0.33896130323410034,0.9270333051681519,2.9193532466888428,2.669178009033203,0.9931364059448242,-0.39725494384765625,-0.40780186653137207,-0.4136263132095337,-0.4165482223033905,-0.41915634274482727,-0.4183759391307831]
[-0.42037153244018555,-0.4186321496963501,-0.4182813763618469,-0.41767436265945435,-0.4191673696041107,-0.4176047742366791,-0.41824814677238464,-0.4164237678050995,-0.41715797781944275,-0.41582027077674866,-0.2974052131175995,0.7997803688049316,1.7097556591033936,2.1883625984191895,0.3018304705619812,-0.18484434485435486,-0.4244057834148407,0.19232410192489624,1.732564926147461,3.823949098587036,2.339503049850464,-0.36223819851875305,-0.4019797742366791,-0.41054224967956543,-0.413467675447464,-0.4181842505931854,-0.4219147264957428,-0.4195536673069]
[-0.4172195792198181,-0.41909554600715637,-0.4184463620185852,-0.4184721112251282,-0.4197932779788971,-0.41809388995170593,-0.41812965273857117,-0.41655102372169495,-0.4176117479801178,-0.4105657637119293,-0.14375841617584229,2.19600772857666,3.389371871948242,2.6895828247070312,2.0794432163238525,2.0421621799468994,0.5691961050033569,1.0894685983657837,1.8670657873153687,2.779945135116577,1.7197881937026978,-0.36591845750808716,-0.40205124020576477,-0.41417521238327026,-0.4172323942184448,-0.418085515499115,-0.42015498876571655,-0.4194302260875702]
[-0.418552964925766,-0.4184344410896301,-0.4187522530555725,-0.41885706782341003,-0.41985341906547546,-0.4183814525604248,-0.4187486171722412,-0.41687384247779846,-0.4166696071624756,-0.412485808134079,-0.36737143993377686,-0.30586162209510803,2.075562000274658,2.517890453338623,2.534846305847168,2.612739324569702,1.0608142614364624,2.1853222846984863,2.5625007152557373,2.6546788215637207,0.314527690410614,-0.391267865896225,-0.40550145506858826,-0.4147975444793701,-0.4173659086227417,-0.41935452818870544,-0.4218263328075409,-0.42052707076072693]
[-0.42085668444633484,-0.4186282455921173,-0.41903799772262573,-0.4191264808177948,-0.4197555482387543,-0.4193401038646698,-0.4194612503051758,-0.41727688908576965,-0.4150617718696594,-0.41335511207580566,-0.40240296721458435,-0.3908561170101166,0.4564211666584015,2.7710158824920654,1.9531316757202148,2.1505544185638428,1.9279072284698486,2.848888635635376,2.647573947906494,2.2787561416625977,-0.3842568099498749,-0.39674854278564453,-0.40785321593284607,-0.41569599509239197,-0.4185435473918915,-0.4182400107383728,-0.421692818403244,-0.4210362434387207]
[-0.42093196511268616,-0.41902828216552734,-0.4193538427352905,-0.41884705424308777,-0.4193098247051239,-0.41881242394447327,-0.41938096284866333,-0.4163094460964203,-0.41501688957214355,-0.41441041231155396,-0.41162562370300293,-0.402710497379303,-0.48656782507896423,1.5028891563415527,2.12961745262146,2.9838385581970215,1.7825969457626343,2.687065839767456,2.6595237255096436,1.1027878522872925,-0.39361247420310974,-0.4000399112701416,-0.41489937901496887,-0.4170846939086914,-0.4196670353412628,-0.4177340865135193,-0.42212170362472534,-0.42044273018836975]
[-0.4200631082057953,-0.42054420709609985,-0.41986656188964844,-0.41894805431365967,-0.420000821352005,-0.4190579652786255,-0.4192473888397217,-0.4159923493862152,-0.4165862202644348,-0.41189977526664734,-0.41885146498680115,-0.40405532717704773,-0.47527989745140076,-0.19955626130104065,1.0564823150634766,2.784830093383789,2.556175470352173,2.7270419597625732,2.425630569458008,-0.31292542815208435,-0.39465823769569397,-0.4048537313938141,-0.4171052873134613,-0.4164378345012665,-0.41857612133026123,-0.4171750247478485,-0.4210062325000763,-0.42101147770881653]
[-0.42036372423171997,-0.41971299052238464,-0.4198335111141205,-0.41912245750427246,-0.41874632239341736,-0.4174937307834625,-0.4189312756061554,-0.41478392481803894,-0.4166029989719391,-0.4133695960044861,-0.42057931423187256,-0.3950968086719513,0.7801817655563354,1.540598750114441,1.1227631568908691,1.9143710136413574,2.708611488342285,2.9179844856262207,1.1221646070480347,-0.34809720516204834,-0.4011062979698181,-0.4118570387363434,-0.4165932536125183,-0.41609200835227966,-0.41909968852996826,-0.4177618622779846,-0.4213699698448181,-0.4204846918582916]
[-0.42072024941444397,-0.4203910529613495,-0.42070895433425903,-0.41978690028190613,-0.4192025661468506,-0.4184667468070984,-0.41790100932121277,-0.41606149077415466,-0.4158916175365448,-0.41182848811149597,-0.42918744683265686,-0.2672531008720398,2.400305986404419,2.472102165222168,2.0385754108428955,2.980734348297119,2.3988969326019287,1.8812618255615234,-0.3423004746437073,-0.3825923502445221,-0.40748468041419983,-0.4114440977573395,-0.41769498586654663,-0.4168150722980499,-0.4190032184123993,-0.4171218276023865,-0.4205447733402252,-0.4212748408317566]
[-0.4203120768070221,-0.42014217376708984,-0.41977375745773315,-0.4183974862098694,-0.4171942472457886,-0.4168231785297394,-0.4165748357772827,-0.4144861400127411,-0.4160483479499817,-0.4132046103477478,-0.4563317894935608,0.6375559568405151,3.124109983444214,2.7641794681549072,2.5481700897216797,2.9365551471710205,2.1344876289367676,-0.3495616614818573,-0.39021041989326477,-0.3909505605697632,-0.40813735127449036,-0.41139695048332214,-0.41839852929115295,-0.4152310788631439,-0.41827863454818726,-0.4172791540622711,-0.42021477222442627,-0.4209441840648651]
[-0.42077726125717163,-0.41979339718818665,-0.4194948077201843,-0.4182042181491852,-0.4168679118156433,-0.41734665632247925,-0.41682952642440796,-0.41756144165992737,-0.4163396954536438,-0.4103468954563141,-0.43017950654029846,1.5463968515396118,3.3985466957092285,2.184518337249756,3.1494851112365723,2.689283847808838,1.9276986122131348,-0.3623657822608948,-0.38658931851387024,-0.3996295630931854,-0.4112505316734314,-0.41289812326431274,-0.419231653213501,-0.41645458340644836,-0.41797563433647156,-0.41759738326072693,-0.4200827479362488,-0.42080965638160706]
[-0.42142289876937866,-0.4197883605957031,-0.42011335492134094,-0.41762951016426086,-0.418161541223526,-0.41669726371765137,-0.41645094752311707,-0.4159259796142578,-0.41327112913131714,-0.4087522029876709,-0.44646286964416504,0.9415937662124634,3.037896156311035,2.6646411418914795,2.291320323944092,2.822847843170166,0.7477415800094604,-0.38429147005081177,-0.38475316762924194,-0.40734463930130005,-0.4140843451023102,-0.41346943378448486,-0.418782114982605,-0.4170636236667633,-0.41837647557258606,-0.4172029495239258,-0.42060545086860657,-0.42058536410331726]
[-0.42083996534347534,-0.419540673494339,-0.4207744002342224,-0.41825273633003235,-0.4184723198413849,-0.41718119382858276,-0.41684412956237793,-0.4169158339500427,-0.41441473364830017,-0.4109278917312622,-0.4228643476963043,0.2336633801460266,2.3403091430664062,2.8982386589050293,2.201249599456787,2.701042413711548,-0.19979792833328247,-0.3870321810245514,-0.38559073209762573,-0.4101533889770508,-0.4130590558052063,-0.416381299495697,-0.41886433959007263,-0.41768679022789,-0.41832205653190613,-0.4182586967945099,-0.42115652561187744,-0.4212512969970703]
[-0.42078885436058044,-0.4196542203426361,-0.41885310411453247,-0.4176228642463684,-0.4183896481990814,-0.4177866280078888,-0.41715970635414124,-0.41697007417678833,-0.4147481322288513,-0.413113534450531,-0.41199952363967896,-0.4021189212799072,0.9062463045120239,1.798893928527832,2.54325008392334,1.8494991064071655,1.1896313428878784,-0.4093470573425293,-0.3929888904094696,-0.40607255697250366,-0.4156987965106964,-0.4167153835296631,-0.4188002049922943,-0.41697996854782104,-0.4190329909324646,-0.4186878800392151,-0.42116808891296387,-0.42052125930786133]
[-0.4211136996746063,-0.41904839873313904,-0.418265700340271,-0.4184260070323944,-0.4195026159286499,-0.4179367423057556,-0.4178312122821808,-0.41803523898124695,-0.4160873591899872,-0.4128734767436981,-0.41479623317718506,-0.39892494678497314,-0.2467155009508133,1.3307316303253174,2.3940441608428955,2.836839437484741,2.3079819679260254,-0.30439481139183044,-0.40400099754333496,-0.4002057611942291,-0.4145353436470032,-0.41846808791160583,-0.4201226532459259,-0.41790851950645447,-0.41887396574020386,-0.4190138876438141,-0.4216129779815674,-0.4206518828868866]
[-0.4205973446369171,-0.41920024156570435,-0.41850557923316956,-0.41678091883659363,-0.4188913106918335,-0.4168848693370819,-0.41679590940475464,-0.4169769883155823,-0.41505834460258484,-0.4135201871395111,-0.41040274500846863,-0.3796575367450714,-0.08833176642656326,1.7733969688415527,2.7067129611968994,3.068330764770508,2.283597469329834,1.1051239967346191,-0.41089189052581787,-0.4032961428165436,-0.4144575595855713,-0.4190853238105774,-0.4203853905200958,-0.4182935357093811,-0.4199265241622925,-0.41945117712020874,-0.42100128531455994,-0.4209135174751282]
[-0.4188525676727295,-0.4174421727657318,-0.4187265932559967,-0.4175887703895569,-0.419660359621048,-0.41735148429870605,-0.4162271022796631,-0.41725993156433105,-0.4185207486152649,-0.41414278745651245,-0.3313240110874176,0.7228578329086304,2.0707058906555176,2.5614778995513916,2.238830804824829,2.568148136138916,2.822716236114502,2.0473554134368896,-0.40787816047668457,-0.40328413248062134,-0.41513803601264954,-0.41761514544487,-0.42037299275398254,-0.41860952973365784,-0.4202747642993927,-0.41866812109947205,-0.42091140151023865,-0.4193526804447174]
[-0.420087605714798,-0.41819843649864197,-0.4182374179363251,-0.417472779750824,-0.41895249485969543,-0.4176124930381775,-0.4184131622314453,-0.4163227081298828,-0.40057259798049927,-0.23912861943244934,-0.14370714128017426,1.8420411348342896,2.5514140129089355,3.2111053466796875,2.6515026092529297,2.326819896697998,2.182406187057495,0.9446438550949097,-0.3844868838787079,-0.4072391092777252,-0.4165252447128296,-0.41694551706314087,-0.4199239909648895,-0.41880539059638977,-0.42009276151657104,-0.4194343686103821,-0.4205394983291626,-0.4196411967277527]
[-0.419798880815506,-0.4183298647403717,-0.41852736473083496,-0.41752487421035767,-0.41685551404953003,-0.41794005036354065,-0.4167635142803192,-0.41453367471694946,-0.23420289158821106,0.652071475982666,0.8676282167434692,2.7179737091064453,2.562880039215088,2.9775562286376953,2.7134766578674316,2.529303789138794,0.8281987905502319,-0.42624759674072266,-0.3985339403152466,-0.41070857644081116,-0.41806426644325256,-0.418565958738327,-0.41851475834846497,-0.41918784379959106,-0.4198075830936432,-0.41881147027015686,-0.4202609658241272,-0.4188317060470581]
[-0.4195198118686676,-0.4175189137458801,-0.4188289940357208,-0.41684824228286743,-0.41812145709991455,-0.41763734817504883,-0.42011895775794983,-0.41420722007751465,0.3271307051181793,2.179074764251709,1.7482362985610962,3.2930848598480225,2.477297067642212,2.816223621368408,2.664125680923462,1.1487247943878174,-0.37864014506340027,-0.3984672725200653,-0.41052573919296265,-0.41448912024497986,-0.4192463755607605,-0.41880205273628235,-0.4192017912864685,-0.41742560267448425,-0.4195592999458313,-0.4176122546195984,-0.42071884870529175,-0.41960620880126953]
[-0.4196556508541107,-0.4182683825492859,-0.41823628544807434,-0.41768765449523926,-0.4179632365703583,-0.41765373945236206,-0.4199160039424896,-0.4206032156944275,0.19873666763305664,2.3882553577423096,2.292999744415283,3.2031776905059814,2.355790138244629,2.8951339721679688,2.1345913410186768,-0.32854732871055603,-0.4055492579936981,-0.4053836166858673,-0.41354066133499146,-0.4174003005027771,-0.418546199798584,-0.42095494270324707,-0.41866984963417053,-0.4187624752521515,-0.4184568524360657,-0.41809767484664917,-0.4198470115661621,-0.4192086160182953]
[-0.4190649688243866,-0.4169171452522278,-0.4193476140499115,-0.4177188277244568,-0.41795554757118225,-0.41601091623306274,-0.42129597067832947,-0.42678648233413696,-0.44385457038879395,-0.3298340439796448,-0.11438644677400589,1.4470361471176147,2.4173078536987305,3.0197153091430664,1.5427252054214478,-0.3770996630191803,-0.40810754895210266,-0.4099356234073639,-0.41728705167770386,-0.4166637063026428,-0.41804951429367065,-0.41845622658729553,-0.41867339611053467,-0.41760772466659546,-0.4198843538761139,-0.4177648723125458,-0.42067933082580566,-0.4203927218914032]
[-0.4191678762435913,-0.41788214445114136,-0.4181663393974304,-0.41695621609687805,-0.4177546501159668,-0.4189283847808838,-0.42007315158843994,-0.4232892692089081,-0.4130050241947174,-0.41787704825401306,-0.42670106887817383,-0.39023688435554504,-0.39437469840049744,-0.22651532292366028,-0.3235895037651062,-0.3986267149448395,-0.40870600938796997,-0.41401407122612,-0.41851481795310974,-0.4170476496219635,-0.41788896918296814,-0.41831350326538086,-0.4184381067752838,-0.4179093539714813,-0.41933774948120117,-0.4191017746925354,-0.420753538608551,-0.41956591606140137]
[-0.42009493708610535,-0.4175581634044647,-0.4191848039627075,-0.4177905023097992,-0.4197251796722412,-0.4185217022895813,-0.42117780447006226,-0.41991108655929565,-0.423892080783844,-0.4180722236633301,-0.4199570119380951,-0.4100990295410156,-0.41625818610191345,-0.42354515194892883,-0.40919896960258484,-0.4130271077156067,-0.4137151539325714,-0.41420236229896545,-0.4188131093978882,-0.4151105582714081,-0.41680461168289185,-0.41658347845077515,-0.4196805953979492,-0.4179014563560486,-0.4191841781139374,-0.41783013939857483,-0.4202639162540436,-0.41709384322166443]
[-0.41853639483451843,-0.41971108317375183,-0.4201122224330902,-0.4194651246070862,-0.42019137740135193,-0.41963890194892883,-0.4208739101886749,-0.4200271666049957,-0.4229961335659027,-0.418631374835968,-0.41112756729125977,-0.40835487842559814,-0.4052799940109253,-0.39499491453170776,-0.4123902916908264,-0.41284242272377014,-0.41035526990890503,-0.41009634733200073,-0.41471225023269653,-0.4132178723812103,-0.41371721029281616,-0.41305437684059143,-0.41616290807724,-0.4177095293998718,-0.41809967160224915,-0.4147697389125824,-0.41785991191864014,-0.4115689694881439]
