[-0.41757291555404663,-0.4173407554626465,-0.4199029505252838,-0.4185895025730133,-0.42082443833351135,-0.41869914531707764,-0.42087802290916443,-0.418636679649353,-0.4203982353210449,-0.4192877411842346,-0.4224500060081482,-0.41912221908569336,-0.42377203702926636,-0.42051127552986145,-0.4210250973701477,-0.4174243211746216,-0.4226559102535248,-0.4188305735588074,-0.4212111532688141,-0.41771793365478516,-0.41844937205314636,-0.4136345088481903,-0.4177241325378418,-0.4151143729686737,-0.41311076283454895,-0.41088446974754333,-0.39955636858940125,-0.3879087269306183]
[-0.4185895025730133,-0.41837021708488464,-0.4187389612197876,-0.41744565963745117,-0.4179466664791107,-0.4183482825756073,-0.42069047689437866,-0.4183350205421448,-0.4197036623954773,-0.4185628592967987,-0.4204113483428955,-0.4180309772491455,-0.42103585600852966,-0.4171525537967682,-0.41953134536743164,-0.4141467213630676,-0.4197302460670471,-0.4167403280735016,-0.4241577982902527,-0.4186730682849884,-0.41566187143325806,-0.41275519132614136,-0.4147956371307373,-0.41388946771621704,-0.4130310118198395,-0.412719190120697,-0.4038490355014801,-0.3982143998146057]
[-0.4202437698841095,-0.4183979332447052,-0.41858401894569397,-0.417214035987854,-0.41846558451652527,-0.4186013340950012,-0.4195397198200226,-0.41907650232315063,-0.4203205108642578,-0.4181266129016876,-0.41918349266052246,-0.4159219264984131,-0.4192432463169098,-0.41574832797050476,-0.41726213693618774,-0.41461503505706787,-0.4221096336841583,-0.4199864864349365,-0.4223840832710266,-0.4167667627334595,-0.414121150970459,-0.41374263167381287,-0.41412582993507385,-0.41294288635253906,-0.413134902715683,-0.41394203901290894,-0.413596510887146,-0.40751543641090393]
[-0.4209872782230377,-0.4197986423969269,-0.4181691110134125,-0.4181414246559143,-0.4193345904350281,-0.41852250695228577,-0.42004552483558655,-0.41919785737991333,-0.42035534977912903,-0.4185616075992584,-0.41886842250823975,-0.4155609905719757,-0.417113333940506,-0.4163822531700134,-0.4153502881526947,-0.4130267798900604,-0.41979625821113586,-0.4168354570865631,-0.42137834429740906,-0.41599684953689575,-0.4150855541229248,-0.4134158194065094,-0.41513383388519287,-0.4125169515609741,-0.4139995872974396,-0.4129997789859772,-0.41388168931007385,-0.41127192974090576]
[-0.4197942614555359,-0.4184539020061493,-0.4184522330760956,-0.41784942150115967,-0.41996529698371887,-0.41822320222854614,-0.4194502532482147,-0.4175737798213959,-0.4199865758419037,-0.4166037440299988,-0.41925865411758423,-0.41561397910118103,-0.4168911278247833,-0.41401413083076477,-0.4163362383842468,-0.41441744565963745,-0.4166407287120819,-0.4193127751350403,-0.4188687801361084,-0.4145045876502991,-0.41353142261505127,-0.4142448902130127,-0.41689398884773254,-0.41626426577568054,-0.4144023060798645,-0.4147322177886963,-0.4179913401603699,-0.4151053726673126]
[-0.4201352298259735,-0.41929835081100464,-0.4191170334815979,-0.418694406747818,-0.4204772412776947,-0.41864657402038574,-0.41983744502067566,-0.41839471459388733,-0.42013511061668396,-0.4184700548648834,-0.41877129673957825,-0.4153814911842346,-0.4173642098903656,-0.418300062417984,-0.4174555838108063,-0.4146626591682434,-0.418640673160553,-0.42025405168533325,-0.41988030076026917,-0.4139549136161804,-0.4186665713787079,-0.4144059419631958,-0.41610124707221985,-0.41442012786865234,-0.41552677750587463,-0.41555142402648926,-0.417655348777771,-0.4140930771827698]
[-0.4213341474533081,-0.41954174637794495,-0.4187809228897095,-0.4195365309715271,-0.4207243323326111,-0.41785183548927307,-0.4204580783843994,-0.4173394441604614,-0.4199812412261963,-0.4168151617050171,-0.4169810712337494,-0.41670891642570496,-0.4101923406124115,-0.40831372141838074,-0.41323965787887573,-0.4129573702812195,-0.41322341561317444,-0.41526129841804504,-0.41456666588783264,-0.4103044271469116,-0.418458491563797,-0.4178510308265686,-0.4181774854660034,-0.416853129863739,-0.4157978296279907,-0.4165816605091095,-0.4182356297969818,-0.4171036183834076]
[-0.4205363094806671,-0.4195513427257538,-0.41839799284935,-0.41824743151664734,-0.42044323682785034,-0.41977834701538086,-0.4212972819805145,-0.4183717370033264,-0.41998404264450073,-0.41829830408096313,-0.4196189343929291,-0.4184958040714264,-0.41332849860191345,-0.3874134123325348,-0.3542710244655609,-0.3855721652507782,-0.4021146893501282,-0.40512025356292725,-0.4179716408252716,-0.40976405143737793,-0.4131942093372345,-0.41225653886795044,-0.41542020440101624,-0.4166646897792816,-0.41846799850463867,-0.4171890318393707,-0.4189903438091278,-0.41658636927604675]
[-0.4212697744369507,-0.41955214738845825,-0.4189060628414154,-0.41855648159980774,-0.42061108350753784,-0.418515145778656,-0.4200877249240875,-0.4168654680252075,-0.4166341722011566,-0.41319698095321655,-0.40191328525543213,-0.3866508901119232,-0.3349573314189911,1.5780366659164429,1.5796504020690918,-0.3376762270927429,-0.3857274651527405,-0.2906050682067871,-0.16762086749076843,-0.3057287037372589,-0.3968641757965088,-0.4064062237739563,-0.41340240836143494,-0.4164092540740967,-0.4184558689594269,-0.41797614097595215,-0.4201453626155853,-0.417847603559494]
[-0.42076990008354187,-0.41981616616249084,-0.42050275206565857,-0.417767196893692,-0.41947150230407715,-0.4186664819717407,-0.42045387625694275,-0.41751906275749207,-0.41300565004348755,-0.4101159870624542,-0.39289745688438416,-0.13160336017608643,2.2687408924102783,2.128572702407837,1.9269254207611084,-0.34737804532051086,-0.2726285457611084,1.1282271146774292,2.376709461212158,1.2897658348083496,-0.39619937539100647,-0.4039456844329834,-0.4173923134803772,-0.4167103171348572,-0.41811469197273254,-0.4186254143714905,-0.420064240694046,-0.4176737666130066]
[-0.42231303453445435,-0.41901838779449463,-0.42065295577049255,-0.41855841875076294,-0.4193876385688782,-0.41894179582595825,-0.41845613718032837,-0.4157714545726776,-0.4144629240036011,-0.4080960154533386,-0.6370044946670532,1.6380387544631958,3.2669026851654053,1.7930406332015991,-0.49910619854927063,-0.3875682055950165,-0.30502426624298096,1.9444046020507812,2.484858751296997,1.0228745937347412,-0.39956849813461304,-0.4043360948562622,-0.41666921973228455,-0.4165455102920532,-0.416707307100296,-0.41932353377342224,-0.4221195578575134,-0.4183818995952606]
[-0.42303821444511414,-0.42044469714164734,-0.42093080282211304,-0.4190915822982788,-0.41911929845809937,-0.4182127118110657,-0.4172157645225525,-0.41513198614120483,-0.3914548456668854,-0.3983352780342102,1.045548439025879,2.0751540660858154,2.922494888305664,-0.4327870011329651,-0.3744505047798157,-0.3961949050426483,0.33381325006484985,2.8318958282470703,1.5098034143447876,-0.37263575196266174,-0.3962182402610779,-0.4063982665538788,-0.4166964292526245,-0.41696590185165405,-0.4187658727169037,-0.41893479228019714,-0.4211960732936859,-0.4178602695465088]
[-0.4235462248325348,-0.4206731915473938,-0.4211834967136383,-0.4181461036205292,-0.41806018352508545,-0.4176216125488281,-0.4141591787338257,-0.41127437353134155,-0.3451703190803528,-0.05287677049636841,2.2635560035705566,2.8937954902648926,1.500679850578308,-0.3294834792613983,-0.3808591961860657,-0.4541960656642914,1.5289967060089111,1.941145896911621,-0.4203309714794159,-0.38685449957847595,-0.4044642150402069,-0.4098663926124573,-0.4163103401660919,-0.4160896837711334,-0.41929879784584045,-0.4183984100818634,-0.42093759775161743,-0.41899555921554565]
[-0.4228794276714325,-0.4207085371017456,-0.4203440248966217,-0.41958895325660706,-0.41798049211502075,-0.41874223947525024,-0.41184988617897034,-0.41189202666282654,-0.41079196333885193,2.0249760150909424,2.9099667072296143,2.2436163425445557,-0.186859130859375,-0.3926942050457001,-0.3928639590740204,-0.5011621713638306,2.076437473297119,0.2590417265892029,-0.38928893208503723,-0.39467060565948486,-0.4077778160572052,-0.41258010268211365,-0.41933080554008484,-0.41688016057014465,-0.4199429154396057,-0.41764044761657715,-0.4210912883281708,-0.4196901023387909]
[-0.4215741753578186,-0.4205113649368286,-0.4205683469772339,-0.4182954430580139,-0.4172118008136749,-0.41431930661201477,-0.4089895188808441,-0.4139661192893982,-0.4124378561973572,2.2694621086120605,2.9406707286834717,1.7067598104476929,-0.4511986970901489,-0.4184471368789673,-0.41871100664138794,1.1069356203079224,1.9572105407714844,-0.3022599220275879,-0.38681498169898987,-0.40339747071266174,-0.41031259298324585,-0.41352880001068115,-0.41532596945762634,-0.41437336802482605,-0.4191737771034241,-0.41759732365608215,-0.4214901328086853,-0.4204481840133667]
[-0.42112401127815247,-0.4196584224700928,-0.4215362071990967,-0.41868090629577637,-0.4165622591972351,-0.41656339168548584,-0.40959641337394714,-0.40236833691596985,0.2810579836368561,2.6752524375915527,3.010258197784424,2.5165817737579346,-0.3748595714569092,-0.3499966859817505,-0.1465480625629425,2.716869831085205,1.7589892148971558,-0.3944688141345978,-0.389337956905365,-0.40556779503822327,-0.4078129827976227,-0.4121558964252472,-0.4168725907802582,-0.4157525599002838,-0.41849544644355774,-0.4170716106891632,-0.4222881495952606,-0.42145994305610657]
[-0.4195978343486786,-0.4180440604686737,-0.4189320504665375,-0.41722872853279114,-0.41677743196487427,-0.4129442870616913,-0.4094868302345276,-0.40664613246917725,-0.2818256616592407,1.5242736339569092,2.2923524379730225,2.0117063522338867,2.2260661125183105,0.023680374026298523,-0.07921485602855682,2.209808349609375,2.062342882156372,-0.41108906269073486,-0.38996776938438416,-0.4033616781234741,-0.41143688559532166,-0.41036227345466614,-0.4161074459552765,-0.41445043683052063,-0.41760823130607605,-0.4174639880657196,-0.4212550222873688,-0.42149993777275085]
[-0.4209904968738556,-0.4182686507701874,-0.4200775921344757,-0.41746786236763,-0.4174629747867584,-0.41131526231765747,-0.4141690731048584,-0.40725037455558777,-0.4582125246524811,-0.32670336961746216,-0.3280555009841919,-0.4011056423187256,-0.4114435613155365,-0.497930109500885,0.5494492053985596,3.0119035243988037,2.588041305541992,-0.3979167640209198,-0.39550167322158813,-0.4066840410232544,-0.4154491722583771,-0.41170889139175415,-0.4183884263038635,-0.41582900285720825,-0.41698285937309265,-0.41770535707473755,-0.4208359122276306,-0.4211762547492981]
[-0.41992804408073425,-0.4182884991168976,-0.4188947081565857,-0.41634368896484375,-0.4173486530780792,-0.4108191728591919,-0.4165235757827759,-0.409379780292511,-0.404648095369339,-0.40967875719070435,-0.38437792658805847,-0.41962555050849915,-0.3945384621620178,-0.5066438317298889,0.6137508153915405,2.889843702316284,1.643987774848938,-0.3626869320869446,-0.3925379812717438,-0.40599650144577026,-0.4157937169075012,-0.4146418571472168,-0.4178934395313263,-0.4150938093662262,-0.41869375109672546,-0.41937315464019775,-0.4211440980434418,-0.4219345152378082]
[-0.41894882917404175,-0.41811859607696533,-0.41981208324432373,-0.41822290420532227,-0.4178902804851532,-0.41112983226776123,-0.41680148243904114,-0.4112927317619324,-0.4105145335197449,-0.4018121063709259,-0.4032560884952545,-0.40268394351005554,-0.36211591958999634,-0.4385719299316406,1.7691584825515747,2.8859293460845947,0.3981340825557709,-0.3545290529727936,-0.39693766832351685,-0.4111672341823578,-0.41741299629211426,-0.416241317987442,-0.42003777623176575,-0.4166535437107086,-0.4188274145126343,-0.419581800699234,-0.4214257597923279,-0.4218267500400543]
[-0.41984236240386963,-0.41781625151634216,-0.41843852400779724,-0.41702181100845337,-0.4182543158531189,-0.41271209716796875,-0.41790732741355896,-0.4121694266796112,-0.41692399978637695,-0.40661776065826416,-0.40567079186439514,-0.3977549374103546,-0.38755321502685547,0.5953363180160522,3.0985324382781982,2.644228219985962,-0.29686301946640015,-0.37596219778060913,-0.40394482016563416,-0.41254934668540955,-0.4169330596923828,-0.4153536260128021,-0.42015308141708374,-0.41666021943092346,-0.4183311462402344,-0.41930022835731506,-0.42036378383636475,-0.42106664180755615]
[-0.41945070028305054,-0.41815730929374695,-0.41893577575683594,-0.41746053099632263,-0.41792041063308716,-0.41469618678092957,-0.416443407535553,-0.4152217209339142,-0.415748655796051,-0.411196231842041,-0.409363329410553,-0.40942656993865967,-0.33609539270401,2.7558531761169434,2.623504161834717,2.1441218852996826,-0.36442282795906067,-0.39361509680747986,-0.40862947702407837,-0.41460829973220825,-0.41719499230384827,-0.41459402441978455,-0.41867247223854065,-0.41757795214653015,-0.418756365776062,-0.4189795255661011,-0.421642929315567,-0.4206317663192749]
[-0.4202359616756439,-0.4191724359989166,-0.41825100779533386,-0.4169023931026459,-0.4187687337398529,-0.4159536063671112,-0.4182679057121277,-0.41443151235580444,-0.41747426986694336,-0.4151097238063812,-0.45951810479164124,-0.313642680644989,2.1652023792266846,2.8902182579040527,2.0598092079162598,-0.15538734197616577,-0.3754425346851349,-0.3990386128425598,-0.4155862629413605,-0.4153960645198822,-0.41661807894706726,-0.4159516990184784,-0.41791245341300964,-0.41774263978004456,-0.4200516641139984,-0.4190814197063446,-0.4207531213760376,-0.42100200057029724]
[-0.42088964581489563,-0.42006173729896545,-0.41799962520599365,-0.41771596670150757,-0.4187338650226593,-0.41758134961128235,-0.4186685383319855,-0.4134250581264496,-0.40386733412742615,-0.39198341965675354,-0.22588783502578735,2.9893524646759033,2.4388298988342285,2.9667999744415283,2.2414324283599854,-0.36268049478530884,-0.39916756749153137,-0.40859857201576233,-0.42048221826553345,-0.416354238986969,-0.4171226918697357,-0.4167344868183136,-0.417845219373703,-0.41734063625335693,-0.4195046126842499,-0.4197016656398773,-0.4214869439601898,-0.42130935192108154]
[-0.41842395067214966,-0.4179304838180542,-0.41748377680778503,-0.4166302978992462,-0.4181279242038727,-0.41598382592201233,-0.4178105294704437,-0.4105307459831238,-0.17934957146644592,0.9639420509338379,2.7387278079986572,3.9060869216918945,3.3010401725769043,2.9988157749176025,0.7546501159667969,-0.366073340177536,-0.4059876799583435,-0.4081469476222992,-0.4137422442436218,-0.4143327474594116,-0.4180384874343872,-0.4168574810028076,-0.4177887737751007,-0.417111873626709,-0.4194056987762451,-0.4188721179962158,-0.4212210476398468,-0.42164650559425354]
[-0.4191446006298065,-0.4193057715892792,-0.41731786727905273,-0.4170152246952057,-0.4170917570590973,-0.41718924045562744,-0.4195348620414734,-0.40243446826934814,0.1829538345336914,2.337413787841797,2.9157047271728516,4.273232936859131,2.2853848934173584,-0.4467000663280487,-0.3419787883758545,-0.3643897771835327,-0.3954114317893982,-0.4139215648174286,-0.4146483540534973,-0.41574862599372864,-0.4164775311946869,-0.417747437953949,-0.41958439350128174,-0.417603075504303,-0.42084988951683044,-0.41931676864624023,-0.42140039801597595,-0.4206209182739258]
[-0.42164066433906555,-0.4186910390853882,-0.4191565215587616,-0.4195809066295624,-0.4172160029411316,-0.4155646562576294,-0.4150066077709198,-0.4049799144268036,0.2328675091266632,0.3664836883544922,0.37746039032936096,-0.2650880217552185,-0.40323638916015625,-0.39121755957603455,-0.3963581919670105,-0.3849468231201172,-0.40893441438674927,-0.4117068946361542,-0.4147883355617523,-0.41568654775619507,-0.4197337329387665,-0.41744619607925415,-0.4210021495819092,-0.4177219867706299,-0.42025986313819885,-0.4183148741722107,-0.4210571050643921,-0.4194514751434326]
[-0.4194518029689789,-0.41979631781578064,-0.41885489225387573,-0.4192292392253876,-0.4166554808616638,-0.4143201410770416,-0.4096328318119049,-0.40139156579971313,-0.3413071036338806,-0.32372164726257324,-0.4519025683403015,-0.45500028133392334,-0.4125690162181854,-0.4092233180999756,-0.3996140658855438,-0.40355604887008667,-0.4081646800041199,-0.40901851654052734,-0.4143874943256378,-0.4171399474143982,-0.4192613959312439,-0.4198932647705078,-0.4200478494167328,-0.41873759031295776,-0.41997167468070984,-0.41918039321899414,-0.4205474555492401,-0.4134395718574524]
