[-0.4181411862373352,-0.41917017102241516,-0.41927647590637207,-0.4187712073326111,-0.4199901521205902,-0.418425977230072,-0.4200565814971924,-0.418439656496048,-0.41869616508483887,-0.4173735976219177,-0.4190554916858673,-0.41470566391944885,-0.41910693049430847,-0.41777870059013367,-0.41862332820892334,-0.41737791895866394,-0.41561076045036316,-0.41511911153793335,-0.41709551215171814,-0.41522467136383057,-0.4168519079685211,-0.4165957570075989,-0.4195724129676819,-0.4150746166706085,-0.4133969843387604,-0.4131050705909729,-0.41288718581199646,-0.4122468829154968]
[-0.42071133852005005,-0.4203338027000427,-0.4206613600254059,-0.41947102546691895,-0.4198809266090393,-0.418810099363327,-0.4193858802318573,-0.41893988847732544,-0.4189230501651764,-0.4179016947746277,-0.41609248518943787,-0.4112495481967926,-0.41814953088760376,-0.4148951470851898,-0.41685640811920166,-0.4156745374202728,-0.4158792197704315,-0.4144594371318817,-0.416363000869751,-0.41427579522132874,-0.4153088629245758,-0.4138830304145813,-0.4161219298839569,-0.4150661826133728,-0.4135190546512604,-0.4143986701965332,-0.41367557644844055,-0.41448986530303955]
[-0.4214245676994324,-0.4197520613670349,-0.42037996649742126,-0.4195527732372284,-0.41985267400741577,-0.4190411865711212,-0.4198245108127594,-0.41882461309432983,-0.41743579506874084,-0.41510874032974243,-0.4309047758579254,-0.4059685170650482,-0.41792482137680054,-0.4176531732082367,-0.41490697860717773,-0.4144105911254883,-0.4130585491657257,-0.41500091552734375,-0.41414186358451843,-0.42000362277030945,-0.4268292486667633,-0.4155631959438324,-0.4113248288631439,-0.4128597676753998,-0.4157353639602661,-0.41643860936164856,-0.4191496968269348,-0.4154398739337921]
[-0.4216649532318115,-0.42056581377983093,-0.42002975940704346,-0.4193836748600006,-0.4190024137496948,-0.4191623628139496,-0.4199680984020233,-0.4181809425354004,-0.41994377970695496,-0.4189836382865906,-0.024313397705554962,-0.37214067578315735,-0.4239988625049591,-0.4169790744781494,-0.41724514961242676,-0.41497963666915894,-0.4114449918270111,-0.4055616557598114,-0.42046231031417847,-0.4155065417289734,-0.42891448736190796,-0.4072968065738678,-0.4080013930797577,-0.4123159945011139,-0.41598570346832275,-0.41750502586364746,-0.4195813834667206,-0.41869407892227173]
[-0.4211178719997406,-0.41994768381118774,-0.4198662042617798,-0.4190812110900879,-0.41974568367004395,-0.41859835386276245,-0.4199616611003876,-0.41745516657829285,-0.42246511578559875,-0.25495344400405884,0.8867412805557251,-0.3019666373729706,-0.42209574580192566,-0.41287755966186523,-0.42840951681137085,-0.4042186141014099,-0.467331200838089,-0.340065598487854,1.2940845489501953,2.5685338973999023,1.4340676069259644,-0.39144253730773926,-0.40616536140441895,-0.4106033444404602,-0.41641777753829956,-0.41788023710250854,-0.4197339713573456,-0.42027390003204346]
[-0.42131516337394714,-0.42042049765586853,-0.42031726241111755,-0.4194514751434326,-0.4186263680458069,-0.4188104569911957,-0.41970178484916687,-0.418035089969635,-0.4256625473499298,-0.3800252377986908,0.10322216153144836,-0.3869413435459137,-0.4136672019958496,-0.38212087750434875,0.24031031131744385,0.9936283826828003,1.4875364303588867,2.597862482070923,3.0505928993225098,3.1864349842071533,2.229954957962036,-0.35662519931793213,-0.40275129675865173,-0.40810856223106384,-0.4163510203361511,-0.4170307517051697,-0.4196494221687317,-0.4196545481681824]
[-0.4206736385822296,-0.4194190502166748,-0.419830322265625,-0.4197685122489929,-0.41977086663246155,-0.418008029460907,-0.4196628928184509,-0.41789570450782776,-0.4238090515136719,-0.4149421453475952,-0.42829596996307373,-0.4203159213066101,-0.27376648783683777,1.2923990488052368,2.8486995697021484,2.8787522315979004,2.992603302001953,3.114664316177368,2.9349052906036377,3.1318721771240234,2.474393129348755,-0.032071247696876526,-0.40264883637428284,-0.4050629734992981,-0.4156303405761719,-0.41771018505096436,-0.419683039188385,-0.41978582739830017]
[-0.42102834582328796,-0.4201050400733948,-0.41996702551841736,-0.4204556345939636,-0.4198690950870514,-0.4193660318851471,-0.4191693067550659,-0.41876065731048584,-0.4207603931427002,-0.41831591725349426,-0.4203321635723114,-0.41662901639938354,-0.33425042033195496,0.9848932027816772,2.5371477603912354,2.74807071685791,2.7018637657165527,2.5333268642425537,2.520050525665283,2.4860875606536865,2.8870151042938232,0.5305604934692383,-0.4041461944580078,-0.4090295433998108,-0.4158667027950287,-0.4177754521369934,-0.4197545051574707,-0.41943302750587463]
[-0.4217538833618164,-0.420104056596756,-0.41926389932632446,-0.41888654232025146,-0.41950011253356934,-0.41750580072402954,-0.4192635416984558,-0.41842150688171387,-0.42009738087654114,-0.41900667548179626,-0.41926348209381104,-0.41288864612579346,-0.40636131167411804,0.7241320610046387,2.414214849472046,2.7643589973449707,2.584251880645752,2.9416375160217285,2.7787461280822754,2.9898006916046143,2.625225782394409,-0.11665273457765579,-0.4017237424850464,-0.412537544965744,-0.4172869026660919,-0.417902410030365,-0.4208918809890747,-0.4195185899734497]
[-0.4215744733810425,-0.42072781920433044,-0.42045316100120544,-0.41956618428230286,-0.42021477222442627,-0.4182821214199066,-0.4195547103881836,-0.41768282651901245,-0.419200599193573,-0.41669702529907227,-0.4167628884315491,-0.4109392762184143,-0.42524808645248413,0.5621626377105713,2.8975348472595215,2.6042418479919434,2.765885591506958,2.8081107139587402,2.9038898944854736,2.7439095973968506,1.5943650007247925,-0.3725496530532837,-0.40907737612724304,-0.41682207584381104,-0.4185154438018799,-0.4186375141143799,-0.42025110125541687,-0.4187074899673462]
[-0.42068690061569214,-0.4199206829071045,-0.4197774827480316,-0.41911911964416504,-0.4198365807533264,-0.41709229350090027,-0.41976961493492126,-0.4163748621940613,-0.4173130393028259,-0.4152315557003021,-0.41806864738464355,-0.4100129008293152,-0.4385749101638794,0.9394177198410034,2.822871446609497,2.9662671089172363,2.129835605621338,2.649519205093384,2.623636245727539,1.5674632787704468,-0.3561698794364929,-0.40071532130241394,-0.4116811454296112,-0.41708487272262573,-0.41893070936203003,-0.4187571704387665,-0.4210452735424042,-0.4188791513442993]
[-0.42118918895721436,-0.41987842321395874,-0.41993653774261475,-0.41910848021507263,-0.4201192557811737,-0.4186951518058777,-0.4187101721763611,-0.41688939929008484,-0.417040079832077,-0.414598673582077,-0.4137735366821289,-0.4041806757450104,-0.4359661936759949,0.8223025798797607,2.0543453693389893,3.0215327739715576,2.560232400894165,2.662207841873169,2.2965755462646484,-0.2423204779624939,-0.40785545110702515,-0.4057939052581787,-0.41297441720962524,-0.4158326983451843,-0.4190768301486969,-0.41873133182525635,-0.42032504081726074,-0.4180641174316406]
[-0.4202433228492737,-0.41975370049476624,-0.4201761484146118,-0.4188861846923828,-0.4195879101753235,-0.41751977801322937,-0.41738155484199524,-0.4169106185436249,-0.41683414578437805,-0.41411054134368896,-0.4130496680736542,-0.4118240177631378,-0.3507395386695862,1.625964879989624,2.1441538333892822,3.2947988510131836,2.715106964111328,2.7618303298950195,1.5128980875015259,-0.3551381528377533,-0.4015369713306427,-0.4051333963871002,-0.4159749448299408,-0.4167598485946655,-0.4185263216495514,-0.41856715083122253,-0.42130786180496216,-0.41879868507385254]
[-0.42051106691360474,-0.41839858889579773,-0.41908159852027893,-0.4185657799243927,-0.41910529136657715,-0.4182763993740082,-0.4170117974281311,-0.4177231788635254,-0.41727206110954285,-0.41697824001312256,-0.41263720393180847,-0.41419732570648193,0.4857349097728729,2.168466091156006,2.8650593757629395,2.8276331424713135,2.7013907432556152,2.366478204727173,0.6991384029388428,-0.385407418012619,-0.40007635951042175,-0.4104800820350647,-0.4172925055027008,-0.41781994700431824,-0.4196625053882599,-0.41887393593788147,-0.4203285872936249,-0.4192329943180084]
[-0.42078423500061035,-0.4185399115085602,-0.4184954762458801,-0.418140172958374,-0.41882163286209106,-0.41757291555404663,-0.41728881001472473,-0.4166988134384155,-0.41528430581092834,-0.41502654552459717,-0.41433387994766235,-0.4210750460624695,0.7964441776275635,2.937154769897461,2.8138744831085205,2.916055917739868,2.3410985469818115,1.992614507675171,0.48331090807914734,-0.3819619417190552,-0.39677694439888,-0.41048070788383484,-0.41833019256591797,-0.4175198972225189,-0.4200536012649536,-0.4176945090293884,-0.4208814203739166,-0.4188913106918335]
[-0.42036932706832886,-0.4182662069797516,-0.4186702072620392,-0.4166927635669708,-0.4184912145137787,-0.4170238971710205,-0.41790515184402466,-0.41818463802337646,-0.4156050682067871,-0.41602176427841187,-0.4128204882144928,-0.41534167528152466,-0.22738921642303467,1.898730754852295,2.3645784854888916,3.0056607723236084,2.643444061279297,2.4633891582489014,1.5497726202011108,-0.39848408102989197,-0.39656636118888855,-0.41253820061683655,-0.4165377616882324,-0.418324738740921,-0.41925880312919617,-0.41851457953453064,-0.419424831867218,-0.4190211594104767]
[-0.4205808937549591,-0.4182119369506836,-0.41623520851135254,-0.4180152714252472,-0.41671082377433777,-0.41610440611839294,-0.42107900977134705,-0.4167511761188507,-0.4166613221168518,-0.41790303587913513,-0.4159453213214874,-0.410537987947464,-0.35049688816070557,-0.21416589617729187,1.31279456615448,2.9192111492156982,2.934544086456299,2.739244222640991,2.299762010574341,-0.2762184739112854,-0.3948468863964081,-0.40878552198410034,-0.41761964559555054,-0.4190501570701599,-0.41969963908195496,-0.4187983274459839,-0.42000165581703186,-0.41966432332992554]
[-0.4186563193798065,-0.41720131039619446,-0.4165504574775696,-0.4174269139766693,-0.421148419380188,-0.4200955927371979,-0.4180879592895508,-0.4178977608680725,-0.4188007116317749,-0.41570380330085754,-0.4158121645450592,-0.4133828580379486,-0.390863835811615,-0.34272509813308716,-0.22081783413887024,1.9625880718231201,2.7375824451446533,2.3586270809173584,2.9821763038635254,0.8388391733169556,-0.4033488929271698,-0.40465429425239563,-0.4148593842983246,-0.4184008538722992,-0.4197639226913452,-0.4191213846206665,-0.42037686705589294,-0.42018020153045654]
[-0.41847607493400574,-0.41837191581726074,-0.41733652353286743,-0.4111846685409546,-0.41200780868530273,-0.4158284664154053,-0.41018667817115784,-0.41639524698257446,-0.41615960001945496,-0.41521716117858887,-0.4156021773815155,-0.4160768389701843,-0.40722039341926575,-0.3895513117313385,-0.30910539627075195,1.3164650201797485,2.4954686164855957,2.6973989009857178,2.6817708015441895,1.3846914768218994,-0.3901412785053253,-0.4027078449726105,-0.41559088230133057,-0.4189051687717438,-0.4196268320083618,-0.41980576515197754,-0.42015406489372253,-0.41984763741493225]
[-0.41793325543403625,-0.41460752487182617,-0.41499659419059753,-0.40108761191368103,-0.3480335474014282,-0.4229198694229126,-0.4386228024959564,-0.39930298924446106,-0.40959787368774414,-0.4101540446281433,-0.4163873791694641,-0.41395071148872375,-0.4161306321620941,-0.4070049822330475,-0.3104666471481323,1.0075291395187378,2.774461269378662,2.881523609161377,2.6027650833129883,1.6244876384735107,-0.3820006549358368,-0.39925089478492737,-0.41517627239227295,-0.41888612508773804,-0.4201381802558899,-0.4195050299167633,-0.4202847480773926,-0.4191294014453888]
[-0.417447030544281,-0.4170435667037964,-0.4239215552806854,0.2773810625076294,1.3239442110061646,0.7120043039321899,-0.25742971897125244,-0.4101388156414032,-0.38732850551605225,-0.39856278896331787,-0.40862879157066345,-0.4091998040676117,-0.4109153747558594,-0.4055054485797882,-0.24198222160339355,1.21055269241333,2.5167274475097656,3.4156174659729004,3.1793100833892822,1.9159314632415771,-0.4056400954723358,-0.40383079648017883,-0.41415196657180786,-0.4205804765224457,-0.4205264747142792,-0.4189170300960541,-0.4202181100845337,-0.4179108738899231]
[-0.4154864251613617,-0.4177827537059784,-0.44941258430480957,0.8159052133560181,2.629361391067505,3.7029621601104736,3.025703191757202,0.12557192146778107,-0.37330445647239685,-0.39061322808265686,-0.39134272933006287,-0.40904298424720764,-0.41102173924446106,-0.40964415669441223,0.40506312251091003,1.784548282623291,1.6798880100250244,1.8346103429794312,2.8742995262145996,1.8883171081542969,-0.3712499141693115,-0.40391892194747925,-0.4122311770915985,-0.418932169675827,-0.4221973717212677,-0.4204874634742737,-0.420029878616333,-0.4175250828266144]
[-0.4174160659313202,-0.41748443245887756,-0.437753826379776,-0.31643766164779663,-0.09487903863191605,2.6006298065185547,4.167689323425293,3.5224599838256836,1.540909767150879,-0.3805543780326843,-0.40676504373550415,-0.4005761742591858,-0.4113994836807251,-0.4073687195777893,0.6041898727416992,2.3821117877960205,2.203064203262329,1.9227890968322754,2.7618067264556885,1.668081521987915,-0.4003060460090637,-0.40318912267684937,-0.4136953353881836,-0.41749054193496704,-0.4201538860797882,-0.41957125067710876,-0.4198986291885376,-0.4172976016998291]
[-0.4152229428291321,-0.4175794720649719,-0.42251747846603394,-0.40640464425086975,-0.3500155508518219,0.05815114080905914,3.2613484859466553,4.084605693817139,3.9477343559265137,1.4449318647384644,-0.4317403733730316,-0.396591454744339,-0.4137934148311615,-0.40379220247268677,0.9934855699539185,2.210176706314087,2.2549822330474854,3.0756165981292725,2.8206546306610107,1.591050386428833,-0.3443714678287506,-0.405815988779068,-0.41736727952957153,-0.4177090525627136,-0.41984567046165466,-0.41920867562294006,-0.4191531836986542,-0.4168778657913208]
[-0.4188169240951538,-0.4165276885032654,-0.42349138855934143,-0.42012110352516174,-0.41326162219047546,-0.4701085388660431,0.38069382309913635,1.1549336910247803,2.9926259517669678,1.421836256980896,-0.4275134801864624,-0.4029251039028168,-0.4133366346359253,-0.4102841317653656,0.7248446941375732,1.8344602584838867,2.825009822845459,3.3247439861297607,2.929417848587036,1.0878640413284302,-0.38143107295036316,-0.40384641289711,-0.41855794191360474,-0.4181504249572754,-0.4188915491104126,-0.418276846408844,-0.42001011967658997,-0.4173177480697632]
[-0.4201548397541046,-0.41821879148483276,-0.41930294036865234,-0.4157809615135193,-0.39976513385772705,-0.40406543016433716,-0.42601317167282104,-0.3873361349105835,-0.1705530881881714,-0.3659115135669708,-0.4088501036167145,-0.41364800930023193,-0.41231289505958557,-0.4193052351474762,-0.24841170012950897,2.3811793327331543,2.433469295501709,0.8459666967391968,1.9652481079101562,-0.0867016464471817,-0.39867153763771057,-0.41070985794067383,-0.41815847158432007,-0.41961973905563354,-0.4187491834163666,-0.4182993173599243,-0.4192329943180084,-0.41703248023986816]
[-0.42287179827690125,-0.4174942374229431,-0.4192087948322296,-0.41498464345932007,-0.4099571108818054,-0.4126950800418854,-0.4237663447856903,-0.4066427946090698,-0.40529972314834595,-0.4047110080718994,-0.4070678949356079,-0.4152795672416687,-0.41342291235923767,-0.42444345355033875,-0.4359361231327057,-0.34161919355392456,-0.4335057735443115,-0.4046901762485504,-0.28996986150741577,-0.4026113450527191,-0.4135901927947998,-0.41588327288627625,-0.4207824170589447,-0.4183834493160248,-0.41881635785102844,-0.4171167314052582,-0.4191835820674896,-0.41481271386146545]
[-0.41954419016838074,-0.4236236810684204,-0.42221981287002563,-0.4186977446079254,-0.4227142930030823,-0.414799302816391,-0.41441574692726135,-0.43093016743659973,-0.4164069592952728,-0.41546234488487244,-0.4119720757007599,-0.4146866500377655,-0.4118596315383911,-0.41943833231925964,-0.4030669927597046,-0.43553972244262695,-0.39877626299858093,-0.3678215742111206,-0.39775049686431885,-0.4154054820537567,-0.41381511092185974,-0.4155682325363159,-0.41942742466926575,-0.41885805130004883,-0.41935858130455017,-0.4165521264076233,-0.4186817407608032,-0.41159361600875854]
