[-0.41799941658973694,-0.4189416468143463,-0.4195743501186371,-0.41944560408592224,-0.4203861653804779,-0.4198831617832184,-0.41911786794662476,-0.4180591404438019,-0.41982775926589966,-0.4194311201572418,-0.42103034257888794,-0.41796937584877014,-0.41787245869636536,-0.41661274433135986,-0.41695624589920044,-0.4166429340839386,-0.4153631329536438,-0.4091334342956543,-0.4065553843975067,-0.41138067841529846,-0.41165974736213684,-0.41218101978302,-0.4144202470779419,-0.41378942131996155,-0.4143892526626587,-0.4157900810241699,-0.4141075313091278,-0.41116437315940857]
[-0.42039886116981506,-0.42024844884872437,-0.42027756571769714,-0.420169472694397,-0.42050230503082275,-0.4197125732898712,-0.41962572932243347,-0.41860342025756836,-0.4192296862602234,-0.41864532232284546,-0.4201883375644684,-0.4186267554759979,-0.4175272285938263,-0.4178992211818695,-0.41827592253685,-0.42511919140815735,-0.40667152404785156,-0.40419283509254456,-0.40933892130851746,-0.4126650393009186,-0.41104429960250854,-0.4120331108570099,-0.4173460304737091,-0.41584497690200806,-0.4170163869857788,-0.4172459840774536,-0.4180586636066437,-0.4159865379333496]
[-0.4213905334472656,-0.4206541180610657,-0.4201394021511078,-0.4201585054397583,-0.42097386717796326,-0.4199681580066681,-0.42027634382247925,-0.4183599352836609,-0.42010757327079773,-0.4183691143989563,-0.4195917546749115,-0.4199858605861664,-0.41990840435028076,-0.4176318347454071,-0.44475942850112915,-0.10798647999763489,1.1668978929519653,0.3357730507850647,-0.4026736617088318,-0.3781096041202545,-0.3655906617641449,-0.40273451805114746,-0.41648268699645996,-0.41341909766197205,-0.4161132872104645,-0.41837528347969055,-0.41955646872520447,-0.4174676239490509]
[-0.4216763377189636,-0.42047470808029175,-0.42000558972358704,-0.419701486825943,-0.4210249185562134,-0.41984421014785767,-0.4202154576778412,-0.4179573655128479,-0.41974037885665894,-0.4180712401866913,-0.4195147454738617,-0.4169695973396301,-0.41467320919036865,-0.403018057346344,-0.2976042628288269,1.9651942253112793,2.855281114578247,1.0401679277420044,-0.39678955078125,-0.3168114721775055,-0.19392740726470947,-0.3967289924621582,-0.4166399836540222,-0.41333654522895813,-0.41742968559265137,-0.4165087938308716,-0.41927167773246765,-0.4176190197467804]
[-0.42095160484313965,-0.42032238841056824,-0.42033863067626953,-0.4189978837966919,-0.4205043315887451,-0.4190596342086792,-0.42036333680152893,-0.417611300945282,-0.42009231448173523,-0.4178403913974762,-0.4170451760292053,-0.41614022850990295,-0.39884093403816223,-0.3463273048400879,1.4645335674285889,3.6548655033111572,2.1016671657562256,-0.39117398858070374,-0.39296093583106995,-0.3847620189189911,-0.3785369396209717,-0.4064498543739319,-0.4186476469039917,-0.4145272672176361,-0.41838186979293823,-0.417457640171051,-0.4200737774372101,-0.4188162684440613]
[-0.4207223653793335,-0.42068052291870117,-0.42049869894981384,-0.4193703830242157,-0.42043471336364746,-0.41862839460372925,-0.41997167468070984,-0.41798079013824463,-0.4196898639202118,-0.4176174998283386,-0.41613534092903137,-0.4120984971523285,-0.40651097893714905,0.7849143743515015,2.9709315299987793,2.9751381874084473,2.0533487796783447,-0.38894909620285034,-0.3928802013397217,-0.39998844265937805,-0.407033771276474,-0.4127838611602783,-0.4170524775981903,-0.4162466824054718,-0.4189983904361725,-0.41757145524024963,-0.4195595383644104,-0.4184546172618866]
[-0.42012977600097656,-0.4210566282272339,-0.4203319251537323,-0.41920918226242065,-0.42027920484542847,-0.41855546832084656,-0.4197095036506653,-0.41698452830314636,-0.4178372025489807,-0.4144879877567291,-0.41032490134239197,-0.40404921770095825,-0.31875133514404297,2.246807813644409,2.953577756881714,2.8128433227539062,1.5726256370544434,-0.37884318828582764,-0.3995300531387329,-0.40968969464302063,-0.41371095180511475,-0.415280818939209,-0.41673433780670166,-0.41652587056159973,-0.4190516769886017,-0.41888999938964844,-0.42022815346717834,-0.4197792410850525]
[-0.42022210359573364,-0.42016589641571045,-0.42021501064300537,-0.4195854067802429,-0.4195000231266022,-0.418889582157135,-0.41849905252456665,-0.41752633452415466,-0.41740524768829346,-0.4154167175292969,-0.4086291193962097,-0.3664749264717102,1.0509587526321411,2.7663605213165283,2.3645694255828857,2.2229862213134766,0.10211797058582306,-0.39593279361724854,-0.40365228056907654,-0.41458860039711,-0.4182247519493103,-0.41496527194976807,-0.4190823435783386,-0.4157387912273407,-0.41928452253341675,-0.4180131256580353,-0.4203951954841614,-0.41884738206863403]
[-0.421421617269516,-0.4207631051540375,-0.42040690779685974,-0.4192417860031128,-0.4197697043418884,-0.4186914563179016,-0.41742366552352905,-0.4160599410533905,-0.4138931632041931,-0.41231605410575867,-0.4244660437107086,0.5472391843795776,2.370248556137085,2.7117865085601807,2.036393880844116,-0.12535084784030914,-0.36561501026153564,-0.3903310298919678,-0.40730780363082886,-0.4121212959289551,-0.41928258538246155,-0.41570985317230225,-0.41755586862564087,-0.41578057408332825,-0.41949936747550964,-0.4194963574409485,-0.42074134945869446,-0.41915595531463623]
[-0.420349657535553,-0.42054808139801025,-0.4211561381816864,-0.4191601276397705,-0.41998639702796936,-0.4191106855869293,-0.4177027642726898,-0.41640719771385193,-0.4093148708343506,-0.40613386034965515,0.10447423160076141,2.4787261486053467,2.8603219985961914,2.372046709060669,0.879825234413147,-0.35265934467315674,-0.3882533013820648,-0.3979426622390747,-0.4118398129940033,-0.412069708108902,-0.4187152087688446,-0.41664427518844604,-0.41770631074905396,-0.4164826273918152,-0.41910964250564575,-0.41853779554367065,-0.4203607141971588,-0.418006032705307]
[-0.42013469338417053,-0.42046043276786804,-0.4208044707775116,-0.4191829562187195,-0.41833004355430603,-0.4165682792663574,-0.41656914353370667,-0.4145297706127167,-0.40228304266929626,0.14923888444900513,1.9632213115692139,2.6377577781677246,3.403874635696411,1.5437310934066772,-0.3285847306251526,-0.39180970191955566,-0.4008934497833252,-0.40844565629959106,-0.41265228390693665,-0.40846890211105347,-0.41737911105155945,-0.4160915017127991,-0.4167975187301636,-0.41667553782463074,-0.41831687092781067,-0.41780251264572144,-0.41963568329811096,-0.4186677038669586]
[-0.41934654116630554,-0.42036744952201843,-0.42034444212913513,-0.42013949155807495,-0.41855108737945557,-0.41758963465690613,-0.4159954786300659,-0.41476547718048096,-0.27671968936920166,1.54937744140625,2.829601526260376,3.152456760406494,2.434671401977539,0.19336631894111633,-0.43852803111076355,-0.39367401599884033,-0.40241876244544983,-0.41144537925720215,-0.41119900345802307,-0.41133400797843933,-0.41552042961120605,-0.41619616746902466,-0.419133722782135,-0.41681233048439026,-0.41838374733924866,-0.4184648096561432,-0.4192763864994049,-0.41882604360580444]
[-0.4207893908023834,-0.41956621408462524,-0.4189441502094269,-0.41937339305877686,-0.4176180958747864,-0.41529741883277893,-0.4123486578464508,-0.4121212959289551,0.5787584781646729,2.476177930831909,2.85595703125,2.6330418586730957,1.9912605285644531,0.8997291326522827,-0.26431477069854736,-0.3840329945087433,-0.30448514223098755,-0.35439515113830566,-0.41440021991729736,-0.40663638710975647,-0.4103996157646179,-0.4155750572681427,-0.4176211953163147,-0.4154975414276123,-0.4191865622997284,-0.41745319962501526,-0.4200260639190674,-0.41888466477394104]
[-0.4219468832015991,-0.41942211985588074,-0.4185939133167267,-0.4184425473213196,-0.4183705449104309,-0.4163562059402466,-0.40978723764419556,-0.4095117151737213,1.7755389213562012,3.061107873916626,2.5268568992614746,1.9267330169677734,1.1817348003387451,1.3848241567611694,1.99638032913208,2.226675510406494,2.0424649715423584,0.6876692771911621,-0.40020617842674255,-0.3870648741722107,-0.39274144172668457,-0.4174179136753082,-0.4127883017063141,-0.41556257009506226,-0.4181004464626312,-0.41855376958847046,-0.4211425185203552,-0.41938307881355286]
[-0.42082616686820984,-0.41865280270576477,-0.4191952347755432,-0.41750773787498474,-0.4182617962360382,-0.41671863198280334,-0.40791383385658264,-0.40462198853492737,2.5078866481781006,2.9719736576080322,2.28648042678833,1.7245579957962036,0.8928985595703125,1.5263094902038574,2.6654465198516846,2.4000792503356934,2.703369617462158,2.838218927383423,2.3068432807922363,1.5778131484985352,-0.014263704419136047,-0.40167632699012756,-0.4135512113571167,-0.40548548102378845,-0.4161003530025482,-0.4185118079185486,-0.4203491806983948,-0.4189291298389435]
[-0.41933590173721313,-0.41877344250679016,-0.41939958930015564,-0.41791602969169617,-0.41885802149772644,-0.4157218933105469,-0.4089827537536621,-0.39957842230796814,1.8335964679718018,3.1801156997680664,2.6489920616149902,2.493356466293335,2.026736259460449,2.5629336833953857,2.831073760986328,3.257416248321533,3.4265799522399902,2.9128613471984863,2.4162490367889404,2.6365692615509033,2.150341272354126,0.11635580658912659,-0.40772292017936707,-0.4055291712284088,-0.4145960509777069,-0.41733479499816895,-0.4200403094291687,-0.41910773515701294]
[-0.4194771647453308,-0.41841572523117065,-0.41874435544013977,-0.4182470738887787,-0.4193212687969208,-0.4174806475639343,-0.4109686315059662,-0.3910817503929138,0.0885118693113327,1.5984715223312378,0.8885138034820557,-0.12705376744270325,0.2383056879043579,1.9518053531646729,2.809908866882324,1.910933256149292,1.8544425964355469,2.04541015625,1.107009768486023,2.223503589630127,3.0298171043395996,0.8547002077102661,-0.40270817279815674,-0.40529733896255493,-0.4149927794933319,-0.41625282168388367,-0.42061880230903625,-0.4195655286312103]
[-0.4197703003883362,-0.4187696874141693,-0.4184463620185852,-0.41941338777542114,-0.42113780975341797,-0.4176390469074249,-0.41338086128234863,-0.3938691020011902,-0.4072800576686859,-0.4425504207611084,-0.4281638562679291,-0.6281026601791382,-0.5110541582107544,-0.17351095378398895,1.2665647268295288,-0.26389238238334656,-0.40484514832496643,-0.016764335334300995,0.8160439729690552,2.515152931213379,2.8069684505462646,0.21018284559249878,-0.39790403842926025,-0.4108235538005829,-0.41828131675720215,-0.4168474078178406,-0.41988611221313477,-0.41915035247802734]
[-0.4202096462249756,-0.4183279871940613,-0.41894692182540894,-0.4178210198879242,-0.4201367199420929,-0.4188885986804962,-0.41651082038879395,-0.4021216630935669,-0.41714242100715637,-0.390481561422348,-0.3942314386367798,-0.40825533866882324,0.11367857456207275,2.363804578781128,2.5944454669952393,1.1270127296447754,1.2625936269760132,1.6144033670425415,2.061260938644409,3.15028977394104,2.006110668182373,-0.36223161220550537,-0.3977390229701996,-0.41269707679748535,-0.41764071583747864,-0.41885384917259216,-0.4211271107196808,-0.4198527932167053]
[-0.41981416940689087,-0.4179566204547882,-0.4185607135295868,-0.4184766709804535,-0.4195689260959625,-0.4177715480327606,-0.416102796792984,-0.4095977544784546,-0.26359352469444275,0.8610457181930542,1.1550954580307007,1.784809947013855,2.7643561363220215,3.1499269008636475,3.1291422843933105,2.640594959259033,3.249610662460327,2.982623815536499,1.9884185791015625,2.1782588958740234,0.1980377435684204,-0.40345320105552673,-0.4045232832431793,-0.41404417157173157,-0.4182567596435547,-0.4204624593257904,-0.4203190207481384,-0.4203813970088959]
[-0.41958433389663696,-0.4180549681186676,-0.4191807210445404,-0.41773688793182373,-0.41866904497146606,-0.41655683517456055,-0.41835394501686096,-0.4183404743671417,0.822924017906189,2.4952306747436523,2.2396490573883057,3.097849130630493,2.4753782749176025,2.560485363006592,2.482891798019409,3.141078233718872,3.119131565093994,2.84551739692688,1.5299599170684814,-0.01104196161031723,-0.4179724156856537,-0.41025209426879883,-0.4145607054233551,-0.4154786169528961,-0.4198628067970276,-0.4208090305328369,-0.4211136996746063,-0.421011745929718]
[-0.41897308826446533,-0.41805335879325867,-0.41909006237983704,-0.4182695150375366,-0.4189103841781616,-0.4184175431728363,-0.41559314727783203,-0.4171900153160095,1.001825213432312,2.414722204208374,2.6035873889923096,2.635067939758301,2.926952362060547,2.4400253295898438,1.7449780702590942,2.292759895324707,1.5692287683486938,0.6158062219619751,-0.1888558566570282,-0.3941793143749237,-0.42327502369880676,-0.40888598561286926,-0.4182516634464264,-0.41685816645622253,-0.41845014691352844,-0.42105722427368164,-0.4215804934501648,-0.421317458152771]
[-0.4206986725330353,-0.41787970066070557,-0.418332040309906,-0.41755160689353943,-0.4178645610809326,-0.41676121950149536,-0.41629713773727417,-0.4170905649662018,-0.18023739755153656,0.8639175891876221,0.9316082000732422,0.4285432994365692,-0.19024741649627686,-0.3830535113811493,-0.37662824988365173,-0.42017778754234314,-0.41954144835472107,-0.3976825475692749,-0.396649032831192,-0.40750017762184143,-0.4162139594554901,-0.40793025493621826,-0.41844797134399414,-0.41727200150489807,-0.41951972246170044,-0.4201839864253998,-0.4209032952785492,-0.4206751883029938]
[-0.4195731282234192,-0.4174758195877075,-0.4181341528892517,-0.4168483018875122,-0.4191506505012512,-0.4191199243068695,-0.41755950450897217,-0.41371357440948486,-0.3717763125896454,-0.3641158640384674,-0.3661234378814697,-0.41507238149642944,-0.4120376408100128,-0.40135130286216736,-0.4107823371887207,-0.3960593342781067,-0.41064319014549255,-0.40521398186683655,-0.4105607271194458,-0.4089824855327606,-0.41397595405578613,-0.41633597016334534,-0.4193989932537079,-0.41721615195274353,-0.4191526770591736,-0.4203505516052246,-0.4200136363506317,-0.41883498430252075]
[-0.4196550250053406,-0.4169697165489197,-0.41930681467056274,-0.4157411754131317,-0.41788119077682495,-0.41630053520202637,-0.4162083864212036,-0.4124736189842224,-0.4131994843482971,-0.4052986204624176,-0.40909358859062195,-0.4135811924934387,-0.40832170844078064,-0.40157583355903625,-0.41022250056266785,-0.41056495904922485,-0.4110461175441742,-0.4063926339149475,-0.41730350255966187,-0.41486525535583496,-0.41523927450180054,-0.4162377715110779,-0.4177958369255066,-0.41711971163749695,-0.4195170998573303,-0.41988739371299744,-0.4209241569042206,-0.41953006386756897]
[-0.4205511510372162,-0.4183565378189087,-0.4196200370788574,-0.4162578880786896,-0.4185815751552582,-0.41642817854881287,-0.4167764484882355,-0.413679301738739,-0.4136503040790558,-0.4173101782798767,-0.4083627164363861,-0.40740054845809937,-0.40863507986068726,-0.4084984064102173,-0.4123474061489105,-0.41119906306266785,-0.4169493615627289,-0.4161565899848938,-0.41709592938423157,-0.4167037308216095,-0.4168456792831421,-0.416778028011322,-0.41673198342323303,-0.41900572180747986,-0.4186176061630249,-0.4190387725830078,-0.42030635476112366,-0.4181879460811615]
[-0.42111679911613464,-0.417690634727478,-0.4202382564544678,-0.4168596565723419,-0.417458176612854,-0.41644108295440674,-0.41676414012908936,-0.41407567262649536,-0.41722729802131653,-0.41780737042427063,-0.41624459624290466,-0.41413581371307373,-0.41863468289375305,-0.41163206100463867,-0.41621193289756775,-0.41581499576568604,-0.4164629578590393,-0.41334405541419983,-0.4148184061050415,-0.412845641374588,-0.4159625470638275,-0.41583389043807983,-0.41754797101020813,-0.4166666865348816,-0.4175291359424591,-0.4182175099849701,-0.42049551010131836,-0.41706061363220215]
[-0.42113640904426575,-0.4191513955593109,-0.4203980267047882,-0.41964685916900635,-0.41741034388542175,-0.4182245135307312,-0.41668856143951416,-0.4157206118106842,-0.41733574867248535,-0.4160802364349365,-0.4196518659591675,-0.4152398109436035,-0.4150359630584717,-0.41117432713508606,-0.4171372056007385,-0.4158739447593689,-0.4169143736362457,-0.4143877923488617,-0.4174279570579529,-0.41617172956466675,-0.41743171215057373,-0.4178604781627655,-0.4174696207046509,-0.4165044128894806,-0.4160615801811218,-0.41454991698265076,-0.41690221428871155,-0.4113155007362366]
