[-0.41604191064834595,-0.4175175726413727,-0.4181889593601227,-0.4165889620780945,-0.41992759704589844,-0.41792890429496765,-0.41900327801704407,-0.41853073239326477,-0.41887956857681274,-0.41783010959625244,-0.4136500656604767,-0.40538957715034485,-0.5268157124519348,1.1661003828048706,-0.1559426188468933,-0.3811613619327545,-0.3956494927406311,-0.36220842599868774,-0.2763146758079529,1.1134638786315918,2.5697126388549805,2.196049690246582,0.026151686906814575,-0.3927314877510071,-0.4068404734134674,-0.41017836332321167,-0.412198930978775,-0.4072932302951813]
[-0.4181576669216156,-0.41825810074806213,-0.41835853457450867,-0.41742897033691406,-0.4187566339969635,-0.41685250401496887,-0.4200602173805237,-0.4194393455982208,-0.4176745116710663,-0.4145967364311218,-0.4098900258541107,-0.4028743803501129,-0.5108230710029602,2.3691883087158203,2.563432455062866,1.3125813007354736,0.756425142288208,2.4876997470855713,2.4167938232421875,2.7776646614074707,4.01385498046875,2.477324962615967,-0.05803115665912628,-0.4073958396911621,-0.4127580523490906,-0.4141593277454376,-0.4161641597747803,-0.41308048367500305]
[-0.41838598251342773,-0.41684192419052124,-0.418487012386322,-0.41600844264030457,-0.4186551570892334,-0.41746851801872253,-0.4201635718345642,-0.41682055592536926,-0.4171821177005768,-0.41691336035728455,-0.4045078158378601,-0.3905981183052063,1.031929612159729,3.023766040802002,3.0769615173339844,3.5486562252044678,4.239747047424316,4.020431041717529,3.480534553527832,3.6551761627197266,3.169262170791626,1.2206214666366577,-0.40634727478027344,-0.40546905994415283,-0.4129071831703186,-0.41407668590545654,-0.41788479685783386,-0.416022926568985]
[-0.41953620314598083,-0.418281614780426,-0.41823238134384155,-0.41771236062049866,-0.4191421866416931,-0.41883400082588196,-0.4206220507621765,-0.41696876287460327,-0.4158041775226593,-0.4130041301250458,-0.3798026740550995,-0.20504622161388397,2.5083165168762207,3.2032830715179443,2.8835062980651855,3.3353238105773926,2.5629594326019287,0.9576239585876465,-0.09974519908428192,0.10800029337406158,-0.027999810874462128,-0.37210214138031006,-0.4020898938179016,-0.408719539642334,-0.4143635332584381,-0.4140845835208893,-0.4176431894302368,-0.4156036972999573]
[-0.41824010014533997,-0.41728392243385315,-0.4187674820423126,-0.41725459694862366,-0.42001888155937195,-0.41861844062805176,-0.4192095100879669,-0.4174102544784546,-0.41513684391975403,-0.41303712129592896,-0.34353119134902954,1.190334439277649,1.2681127786636353,2.7684144973754883,2.2644808292388916,2.343050479888916,-0.3903921842575073,-0.3807828426361084,-0.4308217763900757,-0.4081609547138214,-0.4143127202987671,-0.4131591022014618,-0.41058439016342163,-0.4116426706314087,-0.4178493022918701,-0.4173699915409088,-0.4199161231517792,-0.4176079034805298]
[-0.4198976755142212,-0.4176499843597412,-0.419615238904953,-0.4178699851036072,-0.42025795578956604,-0.4187850058078766,-0.4192241430282593,-0.41817963123321533,-0.41119614243507385,-0.4056209325790405,-0.23996689915657043,3.0209105014801025,3.0005242824554443,1.2747750282287598,1.4346940517425537,0.13361138105392456,-0.382498562335968,-0.394205242395401,-0.41717177629470825,-0.4061024487018585,-0.41146567463874817,-0.4138091802597046,-0.4155608117580414,-0.4166176915168762,-0.4190661311149597,-0.4179442524909973,-0.4189591407775879,-0.4184103012084961]
[-0.4197288155555725,-0.41755181550979614,-0.41968652606010437,-0.4184023439884186,-0.42037466168403625,-0.41821786761283875,-0.4179084897041321,-0.4180435538291931,-0.4105408787727356,-0.40807196497917175,-0.246958926320076,1.8458410501480103,3.1989529132843018,1.2305209636688232,0.6600940227508545,-0.29262375831604004,-0.3736423850059509,-0.3918892741203308,-0.41202494502067566,-0.41191619634628296,-0.4163820147514343,-0.4166928231716156,-0.4166150391101837,-0.41642120480537415,-0.41766470670700073,-0.41838276386260986,-0.4201699495315552,-0.41928014159202576]
[-0.42026424407958984,-0.41834259033203125,-0.4204501211643219,-0.4188244342803955,-0.42004138231277466,-0.41881924867630005,-0.41915199160575867,-0.4184015989303589,-0.4130697250366211,-0.40334242582321167,-0.36493629217147827,0.5433275699615479,2.154538154602051,3.295574188232422,0.9213773012161255,-0.3958573639392853,-0.3711926341056824,-0.4006558954715729,-0.40802472829818726,-0.4137357473373413,-0.4178784191608429,-0.4181135892868042,-0.4178970158100128,-0.41627931594848633,-0.41804152727127075,-0.41799330711364746,-0.4195554256439209,-0.41868075728416443]
[-0.4217090606689453,-0.41896769404411316,-0.4192477762699127,-0.417976975440979,-0.4196949303150177,-0.41716498136520386,-0.4190860986709595,-0.41632726788520813,-0.4150610566139221,-0.4158317744731903,-0.3581996560096741,-0.36711204051971436,1.1335660219192505,3.289382219314575,1.4729323387145996,-0.3955768048763275,-0.3866557776927948,-0.4038737416267395,-0.4074764549732208,-0.40660661458969116,-0.4149366617202759,-0.4152679145336151,-0.41801396012306213,-0.4164721965789795,-0.41912126541137695,-0.41934168338775635,-0.4200747013092041,-0.4193733036518097]
[-0.4220905601978302,-0.41994214057922363,-0.42073312401771545,-0.4188865125179291,-0.41939178109169006,-0.417599081993103,-0.4185022711753845,-0.41645410656929016,-0.4147108793258667,-0.41227588057518005,-0.35736557841300964,-0.37048548460006714,1.5189591646194458,1.9009902477264404,1.2807055711746216,-0.3891521990299225,-0.39274531602859497,-0.41104164719581604,-0.4195971190929413,-0.4052415192127228,-0.4155557453632355,-0.4171070456504822,-0.4178808927536011,-0.4166184961795807,-0.42053112387657166,-0.419155478477478,-0.41987675428390503,-0.4175371825695038]
[-0.41994133591651917,-0.4184625744819641,-0.4189493954181671,-0.41836199164390564,-0.4185033142566681,-0.41701826453208923,-0.41974616050720215,-0.4158613979816437,-0.41558942198753357,-0.4155288338661194,-0.4227921962738037,-0.2117607146501541,2.3558099269866943,1.2323360443115234,-0.1825125515460968,-0.4074125289916992,-0.40041109919548035,-0.3598288893699646,-0.1876550018787384,-0.39284107089042664,-0.413301557302475,-0.4160204529762268,-0.41748401522636414,-0.41667068004608154,-0.41821029782295227,-0.41919848322868347,-0.42108964920043945,-0.41774982213974]
[-0.4198170006275177,-0.41886022686958313,-0.42028141021728516,-0.4185861647129059,-0.4196881353855133,-0.4182147681713104,-0.4180561304092407,-0.4146501123905182,-0.41591882705688477,-0.4136762320995331,-0.5111351013183594,0.4521712362766266,2.5787134170532227,0.7394306659698486,-0.46279799938201904,-0.393960177898407,-0.40976881980895996,-0.14374896883964539,0.4604310691356659,-0.3739292323589325,-0.4059349000453949,-0.4090974032878876,-0.4117918610572815,-0.4128167927265167,-0.4165557026863098,-0.41645267605781555,-0.41912293434143066,-0.4168705940246582]
[-0.41919511556625366,-0.4177265465259552,-0.4194934368133545,-0.4184970557689667,-0.41904014348983765,-0.41720205545425415,-0.4189533591270447,-0.41517865657806396,-0.41410690546035767,-0.4093552231788635,-0.7337449789047241,1.44296133518219,3.0758419036865234,-0.5290932655334473,-0.3700905442237854,-0.4386845529079437,-0.36388468742370605,0.4796276390552521,1.2098318338394165,-0.31585896015167236,-0.4396209716796875,-0.4048590064048767,-0.3299800753593445,-0.3861641585826874,-0.4160694479942322,-0.4193112850189209,-0.421539306640625,-0.41924571990966797]
[-0.41918036341667175,-0.41769811511039734,-0.41934332251548767,-0.4185645878314972,-0.41947776079177856,-0.4188622534275055,-0.4204297363758087,-0.41686156392097473,-0.41424670815467834,-0.404114305973053,-0.6354174613952637,2.229149580001831,2.5410032272338867,-0.5915950536727905,-0.3036620616912842,-0.46466755867004395,-0.008908219635486603,-0.089304618537426,0.2942175567150116,0.4641178548336029,0.226406991481781,1.4670894145965576,0.4402683675289154,-0.3690364956855774,-0.4006774425506592,-0.4134199321269989,-0.41866937279701233,-0.4180716574192047]
[-0.42009010910987854,-0.4187321662902832,-0.41897207498550415,-0.41784465312957764,-0.4196104109287262,-0.4160526692867279,-0.41820910573005676,-0.41541916131973267,-0.405189573764801,-0.4067041873931885,0.8378456830978394,3.3858776092529297,2.740739107131958,0.43582430481910706,3.0837721824645996,1.789217233657837,0.18804392218589783,-0.3923066258430481,-0.40132784843444824,-0.35271286964416504,1.8276729583740234,2.691715955734253,1.2097474336624146,-0.3959942162036896,-0.387839674949646,-0.40903469920158386,-0.4154297709465027,-0.41286081075668335]
[-0.4201481342315674,-0.4199962615966797,-0.42101404070854187,-0.41811123490333557,-0.42048031091690063,-0.41606390476226807,-0.41887328028678894,-0.4117179214954376,-0.3809490501880646,-0.2681916356086731,2.272897481918335,2.6093802452087402,2.5033035278320312,2.39797306060791,2.9618496894836426,1.3549724817276,-0.31455016136169434,-0.38121524453163147,-0.3962407112121582,-0.4207104444503784,-0.18836158514022827,1.6611261367797852,2.427044630050659,-0.22588908672332764,-0.3711073696613312,-0.3466474413871765,-0.3840450942516327,-0.410507470369339]
[-0.42106112837791443,-0.4208398461341858,-0.4194759130477905,-0.41624507308006287,-0.41887277364730835,-0.41049954295158386,-0.4079355299472809,-0.373733788728714,-0.4265861511230469,2.1683290004730225,3.1144137382507324,1.048888921737671,2.7896056175231934,2.667576551437378,3.038358449935913,-0.2755524516105652,-0.36304041743278503,-0.3675125241279602,-0.3721354901790619,-0.5479527711868286,-0.005401767790317535,1.4562735557556152,4.157341003417969,1.328479528427124,-0.7532944679260254,-0.429038941860199,-0.40625616908073425,-0.40199989080429077]
[-0.4211699962615967,-0.4212426543235779,-0.4195590317249298,-0.41777896881103516,-0.41402536630630493,-0.4138464033603668,-0.4051615297794342,-0.15104781091213226,2.3912081718444824,2.996860980987549,2.6247446537017822,2.233783483505249,3.253387212753296,2.850001335144043,3.465059995651245,0.9343831539154053,-0.3954472243785858,-0.3655993342399597,-0.3271806240081787,-1.0828462839126587,0.5581568479537964,1.884031057357788,3.7835917472839355,3.9019885063171387,3.3425278663635254,2.714513063430786,0.03932701051235199,-0.406414270401001]
[-0.42202240228652954,-0.41943007707595825,-0.41696494817733765,-0.411954402923584,-0.41039735078811646,-0.41492342948913574,-0.46351364254951477,2.3600611686706543,3.9664688110351562,2.025911331176758,2.094480514526367,2.8164761066436768,2.0781161785125732,0.8556100130081177,0.9622774124145508,-0.4398897886276245,-0.38130924105644226,-0.5159308314323425,-0.6476930379867554,0.2047593593597412,0.7836202383041382,1.6865073442459106,2.713165521621704,3.762629508972168,2.9085516929626465,2.805593252182007,1.1142699718475342,-0.3730466961860657]
[-0.42219477891921997,-0.42062193155288696,-0.4179431200027466,-0.41658300161361694,-0.40634945034980774,-0.3977198302745819,0.5181057453155518,2.174243927001953,3.0200836658477783,1.6316767930984497,2.9277701377868652,0.40721145272254944,-0.2267822027206421,-0.48154276609420776,-0.3901582956314087,-0.4327976107597351,-0.2589077055454254,0.3382740914821625,1.4240610599517822,1.6860767602920532,2.406317710876465,2.5654704570770264,2.9550201892852783,2.736774444580078,2.6289005279541016,1.6472606658935547,-0.41311031579971313,-0.378328800201416]
[-0.41987553238868713,-0.4177638590335846,-0.4155048131942749,-0.4132704734802246,-0.40402328968048096,-0.3849632740020752,-0.6870020627975464,2.7326319217681885,1.9386777877807617,1.6999337673187256,2.2154483795166016,0.25146719813346863,-0.4249090552330017,-0.43172532320022583,-0.36910170316696167,0.30619725584983826,2.000532627105713,2.1760213375091553,3.260469436645508,2.4252514839172363,2.285282611846924,1.5570404529571533,1.4688152074813843,3.1817731857299805,0.8159375190734863,-0.44679728150367737,-0.42290475964546204,-0.39669114351272583]
[-0.4186670482158661,-0.41741231083869934,-0.4132605195045471,-0.41273626685142517,-0.40517479181289673,-0.3853480815887451,-0.5842433571815491,3.297903299331665,2.6944711208343506,2.3794524669647217,3.1988019943237305,1.331356167793274,0.9200109243392944,2.0660951137542725,2.453465700149536,2.403062105178833,1.441794514656067,1.5774269104003906,2.343451976776123,2.2665162086486816,1.5398284196853638,-0.6958819627761841,-1.057452917098999,0.1301744282245636,-0.29514843225479126,-0.44775521755218506,-0.41146764159202576,-0.41580262780189514]
[-0.4192843735218048,-0.41599878668785095,-0.41459593176841736,-0.4135188162326813,-0.4169638156890869,-0.3988529145717621,-0.38432055711746216,0.6972836256027222,3.606678009033203,3.9058079719543457,3.3563404083251953,3.477905511856079,2.7611453533172607,1.1309446096420288,0.2227005660533905,-0.3655073046684265,-0.3492826223373413,-0.32163316011428833,-0.279236376285553,-0.3497598469257355,-0.31600290536880493,-0.2838353216648102,-0.5023906230926514,-0.4123517572879791,-0.39066755771636963,-0.40784260630607605,-0.41977426409721375,-0.42469164729118347]
[-0.41856998205184937,-0.41624918580055237,-0.4162220358848572,-0.4082571864128113,-0.4168039858341217,-0.4005916714668274,-0.3798070549964905,-0.46045786142349243,-0.4016733169555664,-0.27736860513687134,-0.23764975368976593,-0.19971713423728943,-0.3735367953777313,-0.3697648048400879,-0.44009074568748474,-0.4093044698238373,-0.38840723037719727,-0.37050795555114746,-0.3969525396823883,-0.4034419357776642,-0.3632274568080902,-0.37000736594200134,-0.40367570519447327,-0.4070490598678589,-0.4041721820831299,-0.40288329124450684,-0.413248747587204,-0.4233287572860718]
[-0.41913118958473206,-0.4158458113670349,-0.4192184805870056,-0.4102981984615326,-0.41728225350379944,-0.41065675020217896,-0.403376966714859,-0.38724181056022644,-0.38807594776153564,-0.3993742763996124,-0.5205727219581604,-0.4255102276802063,-0.41729432344436646,-0.41756555438041687,-0.4238708019256592,-0.4125615656375885,-0.41086527705192566,-0.3988400101661682,-0.4179166257381439,-0.39449816942214966,-0.394290566444397,-0.4069361388683319,-0.41146716475486755,-0.4016817510128021,-0.38501793146133423,-0.3735508918762207,-0.1575581431388855,-0.411865770816803]
[-0.4211532771587372,-0.41611021757125854,-0.4194106459617615,-0.41258397698402405,-0.4184545576572418,-0.4116121232509613,-0.4079808294773102,-0.40437135100364685,-0.40242457389831543,-0.41296494007110596,-0.41997572779655457,-0.4200363755226135,-0.4209263324737549,-0.4144514501094818,-0.41999107599258423,-0.4134267270565033,-0.41910985112190247,-0.4102673828601837,-0.41063329577445984,-0.4078023135662079,-0.41295722126960754,-0.41013726592063904,-0.41750359535217285,-0.4022272527217865,-0.36860769987106323,-0.309400737285614,-0.21221694350242615,-0.41065123677253723]
[-0.4256630837917328,-0.41931912302970886,-0.4248253405094147,-0.4172820448875427,-0.42554205656051636,-0.42111697793006897,-0.41802018880844116,-0.41048216819763184,-0.4238917827606201,-0.42089366912841797,-0.42405664920806885,-0.4205935597419739,-0.4232688248157501,-0.41534802317619324,-0.4195497930049896,-0.41334396600723267,-0.4175788164138794,-0.4120851755142212,-0.4228302836418152,-0.4145943522453308,-0.4197417199611664,-0.41251498460769653,-0.41385602951049805,-0.4016963541507721,-0.39505040645599365,-0.412804514169693,-0.4194713234901428,-0.4078078269958496]
[-0.4232330620288849,-0.42240098118782043,-0.421363890171051,-0.4204173684120178,-0.4243917465209961,-0.4218466579914093,-0.41854220628738403,-0.4160383641719818,-0.42179208993911743,-0.4117085039615631,-0.41307371854782104,-0.4151977300643921,-0.4165198802947998,-0.4210396111011505,-0.42060303688049316,-0.42004266381263733,-0.41877374053001404,-0.4133637547492981,-0.4218944311141968,-0.419514000415802,-0.4257062077522278,-0.4180929958820343,-0.41238707304000854,-0.40403440594673157,-0.41151753067970276,-0.41331151127815247,-0.4035874605178833,-0.40089115500450134]
