[-0.4160396456718445,-0.4180024564266205,-0.41935503482818604,-0.4185751676559448,-0.41967660188674927,-0.4189574420452118,-0.42036813497543335,-0.41861096024513245,-0.41908377408981323,-0.419167697429657,-0.4210822582244873,-0.41788333654403687,-0.42186665534973145,-0.4200906753540039,-0.4194962680339813,-0.4169103503227234,-0.41814056038856506,-0.41234758496284485,-0.4163557291030884,-0.4171055555343628,-0.4126254618167877,-0.4099644124507904,-0.4078308045864105,-0.41312098503112793,-0.41408562660217285,-0.4120815694332123,-0.4115450382232666,-0.4097708761692047]
[-0.41893982887268066,-0.41926971077919006,-0.4197147488594055,-0.4189315140247345,-0.41885295510292053,-0.4186939001083374,-0.42017465829849243,-0.41906893253326416,-0.4186292588710785,-0.415767639875412,-0.4178745150566101,-0.4165506660938263,-0.42064568400382996,-0.41511622071266174,-0.41551750898361206,-0.4129965305328369,-0.41798532009124756,-0.41049355268478394,-0.41515517234802246,-0.411923348903656,-0.4073089361190796,-0.40785178542137146,-0.4114908277988434,-0.4149375855922699,-0.41608312726020813,-0.4155522286891937,-0.41587042808532715,-0.41514337062835693]
[-0.42118147015571594,-0.4198836088180542,-0.4204881489276886,-0.41904962062835693,-0.4191477596759796,-0.41896235942840576,-0.4200291931629181,-0.41816219687461853,-0.4202645719051361,-0.41852617263793945,-0.4165847599506378,-0.41873666644096375,-0.42066219449043274,-0.41908809542655945,-0.41244953870773315,-0.4117686450481415,-0.4132049083709717,-0.41060423851013184,-0.4119857847690582,-0.4079262316226959,-0.4114891290664673,-0.41036978363990784,-0.4148266017436981,-0.4144817888736725,-0.4148299992084503,-0.41609588265419006,-0.418615460395813,-0.4177539348602295]
[-0.42163315415382385,-0.4201989769935608,-0.4203740954399109,-0.4189281761646271,-0.4187681972980499,-0.4187600314617157,-0.419383704662323,-0.41877880692481995,-0.41951555013656616,-0.41726356744766235,-0.41852161288261414,-0.4194214940071106,-0.41864877939224243,-0.4164237380027771,-0.41357460618019104,-0.40040820837020874,-0.4055781066417694,-0.3976050615310669,-0.4018094539642334,-0.40889906883239746,-0.41211429238319397,-0.4128541648387909,-0.41761574149131775,-0.41520825028419495,-0.41642341017723083,-0.41597962379455566,-0.41835132241249084,-0.4182693362236023]
[-0.42118537425994873,-0.4201217293739319,-0.4207210838794708,-0.4193848967552185,-0.4194948673248291,-0.41804224252700806,-0.4194674789905548,-0.4186474084854126,-0.41905102133750916,-0.4170660376548767,-0.4153383672237396,-0.41551464796066284,-0.4059501588344574,-0.357177734375,-0.4127204418182373,-0.4296322464942932,-0.3918965756893158,-0.36777353286743164,-0.4109879434108734,-0.39404428005218506,-0.40798890590667725,-0.40848907828330994,-0.41565412282943726,-0.4133079946041107,-0.4169256389141083,-0.4147634208202362,-0.4179970324039459,-0.41871026158332825]
[-0.4212322235107422,-0.4204242527484894,-0.42017582058906555,-0.418818861246109,-0.419257253408432,-0.4184853434562683,-0.42059576511383057,-0.4193177819252014,-0.4166224002838135,-0.4176788330078125,-0.4130170941352844,-0.40961384773254395,0.002558887004852295,0.9410145282745361,1.4589359760284424,1.9662046432495117,1.6707777976989746,1.2626292705535889,-0.4138091206550598,-0.384129136800766,-0.3944648504257202,-0.40524885058403015,-0.41242238879203796,-0.4131802022457123,-0.41859185695648193,-0.4161093235015869,-0.41781187057495117,-0.4185616374015808]
[-0.421074241399765,-0.42043089866638184,-0.4197002947330475,-0.4181859493255615,-0.4186737835407257,-0.41745421290397644,-0.41925153136253357,-0.4180540442466736,-0.4176756739616394,-0.4164479374885559,-0.4121282696723938,-0.4096100330352783,-0.016465745866298676,2.232145309448242,3.4581878185272217,3.385072946548462,2.8005447387695312,2.962754964828491,1.6918325424194336,-0.393553763628006,-0.40077894926071167,-0.40506380796432495,-0.4086202383041382,-0.4102229177951813,-0.41510406136512756,-0.41492128372192383,-0.4174150228500366,-0.4181727468967438]
[-0.42087066173553467,-0.4204337000846863,-0.41989409923553467,-0.4181278347969055,-0.41890600323677063,-0.4178248345851898,-0.41983702778816223,-0.41870832443237305,-0.41848891973495483,-0.4167393147945404,-0.41335952281951904,-0.40440475940704346,-0.2962622344493866,0.9825923442840576,1.7934669256210327,2.4115254878997803,2.825958490371704,2.0306155681610107,2.5848207473754883,1.8981919288635254,-0.42128223180770874,-0.4415067434310913,-0.4069339632987976,-0.41620057821273804,-0.41190189123153687,-0.4154362082481384,-0.41772231459617615,-0.4195635914802551]
[-0.4208517372608185,-0.4201734662055969,-0.4199146628379822,-0.4182942807674408,-0.4186546802520752,-0.4172954559326172,-0.4182986915111542,-0.4175809323787689,-0.4197700619697571,-0.4164603054523468,-0.41261640191078186,-0.40435436367988586,-0.5177640318870544,0.8890435695648193,1.5265663862228394,1.385539174079895,2.355328321456909,2.6122210025787354,3.387336015701294,3.012293577194214,0.6357936859130859,-0.3317212164402008,-0.42454245686531067,-0.4185614287853241,-0.41222211718559265,-0.41176193952560425,-0.4177572727203369,-0.42030948400497437]
[-0.4215698540210724,-0.42016181349754333,-0.4200667440891266,-0.41910499334335327,-0.41976261138916016,-0.41806313395500183,-0.41874921321868896,-0.4174189269542694,-0.41998958587646484,-0.4178504943847656,-0.4148431122303009,-0.40763553977012634,-0.4681727886199951,-0.3260887563228607,0.4343318045139313,0.290597528219223,1.6465084552764893,2.1443424224853516,3.3262250423431396,2.8528058528900146,2.4204344749450684,1.7055277824401855,0.09645113348960876,-0.26691922545433044,-0.4046410322189331,-0.39584097266197205,-0.4180625081062317,-0.42068421840667725]
[-0.421237051486969,-0.41990897059440613,-0.420104444026947,-0.4193853437900543,-0.4187849462032318,-0.41712433099746704,-0.4181855022907257,-0.41710591316223145,-0.4191618859767914,-0.416915625333786,-0.4177814722061157,-0.4123274087905884,-0.41733890771865845,-0.3663180470466614,-0.4858461320400238,-0.24646411836147308,1.7187576293945312,3.142270088195801,3.0029685497283936,3.026439666748047,2.203404188156128,1.285622239112854,-0.060741499066352844,-0.010343946516513824,-0.41571539640426636,-0.41273975372314453,-0.4186689257621765,-0.4198935627937317]
[-0.42147359251976013,-0.4209418296813965,-0.42036736011505127,-0.4194556772708893,-0.4189363718032837,-0.41716691851615906,-0.4182950258255005,-0.4167337119579315,-0.41919127106666565,-0.41484764218330383,-0.4141038656234741,-0.41612544655799866,-0.35720598697662354,0.4159320294857025,-0.0659889429807663,1.4566227197647095,2.681262969970703,2.5516469478607178,2.8576645851135254,3.004700183868408,1.1813430786132812,-0.3329811692237854,-0.39271074533462524,-0.4146811068058014,-0.4137662947177887,-0.413575679063797,-0.4175962209701538,-0.4180665910243988]
[-0.42077985405921936,-0.42045408487319946,-0.42049676179885864,-0.4186858832836151,-0.41886916756629944,-0.4176531434059143,-0.41816210746765137,-0.4157194495201111,-0.4171108603477478,-0.4140278995037079,-0.4133053123950958,-0.23587943613529205,1.2727856636047363,1.566540241241455,1.0485966205596924,2.6096718311309814,2.630627393722534,3.0066330432891846,3.0506036281585693,2.414536476135254,-0.3534138798713684,-0.382112592458725,-0.4041096866130829,-0.4068323075771332,-0.4146202802658081,-0.41678640246391296,-0.4188929796218872,-0.4200631082057953]
[-0.4206322729587555,-0.4204785227775574,-0.4201672673225403,-0.4181523025035858,-0.4190394878387451,-0.4178091883659363,-0.4184349775314331,-0.4176871180534363,-0.41881346702575684,-0.41287028789520264,-0.27325549721717834,1.5727224349975586,2.758519411087036,2.6177282333374023,2.169956922531128,3.073225259780884,2.3648993968963623,2.4034440517425537,3.1919450759887695,1.6838188171386719,-0.3819548487663269,-0.3928261399269104,-0.4088936746120453,-0.41013213992118835,-0.41740959882736206,-0.4172859489917755,-0.42053017020225525,-0.4189666211605072]
[-0.4202369749546051,-0.41964486241340637,-0.420366495847702,-0.41865915060043335,-0.4186474680900574,-0.4157504737377167,-0.41780203580856323,-0.4166780710220337,-0.4175378382205963,-0.4139891266822815,-0.36814066767692566,0.48647841811180115,2.2524209022521973,3.153440237045288,2.0883631706237793,2.7725017070770264,2.57519793510437,2.7845637798309326,2.7252471446990967,0.3502078056335449,-0.3964294195175171,-0.40243449807167053,-0.416769802570343,-0.4159769117832184,-0.4190676808357239,-0.41915443539619446,-0.42118120193481445,-0.4196980893611908]
[-0.4200275242328644,-0.42006242275238037,-0.420329749584198,-0.4184490144252777,-0.418800950050354,-0.41669896245002747,-0.41763097047805786,-0.4163513779640198,-0.4181903600692749,-0.4151632487773895,-0.40942567586898804,-0.33725810050964355,0.9765504598617554,2.398566961288452,1.9687674045562744,2.6386005878448486,2.859043598175049,2.948430299758911,2.551891326904297,-0.34635838866233826,-0.39846277236938477,-0.4068005383014679,-0.4174402058124542,-0.4173760712146759,-0.41971147060394287,-0.4186360836029053,-0.4205482006072998,-0.41871216893196106]
[-0.4208574891090393,-0.41927099227905273,-0.41907811164855957,-0.41804400086402893,-0.418457567691803,-0.41678574681282043,-0.41668808460235596,-0.4166173040866852,-0.4186564087867737,-0.414924293756485,-0.4105713367462158,-0.40197113156318665,-0.32154154777526855,0.6024036407470703,1.1843098402023315,2.665064811706543,3.0500779151916504,2.947761058807373,1.4589662551879883,-0.35277605056762695,-0.40559858083724976,-0.40838006138801575,-0.41664302349090576,-0.41593417525291443,-0.4191763401031494,-0.4187546968460083,-0.42176228761672974,-0.41988396644592285]
[-0.4201772212982178,-0.41898101568222046,-0.4189927577972412,-0.4181783199310303,-0.4186955392360687,-0.4170105457305908,-0.4181292653083801,-0.4183630049228668,-0.41827234625816345,-0.41636455059051514,-0.4144318699836731,-0.40717095136642456,-0.5018439888954163,-0.37891626358032227,1.1167470216751099,2.9377338886260986,2.6290178298950195,2.3784971237182617,-0.2878134846687317,-0.38250452280044556,-0.4046565890312195,-0.413554310798645,-0.41905492544174194,-0.4171796441078186,-0.41891777515411377,-0.41881734132766724,-0.4208747148513794,-0.42038264870643616]
[-0.42020782828330994,-0.4183267056941986,-0.4192896783351898,-0.41701608896255493,-0.4185720980167389,-0.41685160994529724,-0.41796204447746277,-0.4162957966327667,-0.41585394740104675,-0.4162108600139618,-0.41828659176826477,-0.41040027141571045,-0.37613922357559204,-0.24159017205238342,1.7746161222457886,2.440760850906372,2.7432188987731934,0.29313355684280396,-0.3808378279209137,-0.3946390450000763,-0.40931248664855957,-0.4125272333621979,-0.4172361493110657,-0.41649752855300903,-0.41884854435920715,-0.41951650381088257,-0.4209671914577484,-0.4197811484336853]
[-0.4190319776535034,-0.41856521368026733,-0.4180712401866913,-0.4177875518798828,-0.41920387744903564,-0.4168812036514282,-0.4180416166782379,-0.41675400733947754,-0.41646522283554077,-0.41916602849960327,-0.42085838317871094,-0.4094495475292206,-0.40088045597076416,1.0335131883621216,2.925189971923828,2.699725866317749,2.612414836883545,-0.2688509225845337,-0.3967176675796509,-0.4035659432411194,-0.41381222009658813,-0.41351252794265747,-0.4182242453098297,-0.4165618419647217,-0.4186614155769348,-0.4187970459461212,-0.4203239381313324,-0.42065975069999695]
[-0.41976988315582275,-0.4191097617149353,-0.4170501232147217,-0.4174124002456665,-0.41757941246032715,-0.4151756465435028,-0.4089645743370056,-0.4063011407852173,-0.4150215983390808,-0.41442596912384033,-0.41169917583465576,-0.3989435136318207,-0.20912107825279236,2.1353540420532227,2.6401307582855225,3.0743486881256104,0.3354244530200958,-0.3461298644542694,-0.39383992552757263,-0.40633344650268555,-0.4139587879180908,-0.41385024785995483,-0.4186486601829529,-0.4161508083343506,-0.41920411586761475,-0.4184074103832245,-0.420054167509079,-0.42001479864120483]
[-0.4203943908214569,-0.4192503094673157,-0.41682714223861694,-0.4169231057167053,-0.41841429471969604,-0.412931352853775,-0.3519728183746338,-0.2355935275554657,-0.3802931606769562,-0.43371447920799255,-0.41952696442604065,-0.34072256088256836,1.661447525024414,3.188184976577759,2.2789106369018555,2.3207712173461914,-0.3508560061454773,-0.38038235902786255,-0.4004015624523163,-0.41142991185188293,-0.4154883325099945,-0.41430723667144775,-0.4179645776748657,-0.41766250133514404,-0.4189899265766144,-0.41781583428382874,-0.4210537374019623,-0.42021074891090393]
[-0.4211709499359131,-0.41776835918426514,-0.41702964901924133,-0.41651880741119385,-0.41990604996681213,-0.40994924306869507,1.010572075843811,2.503178834915161,1.3647738695144653,-0.2571412920951843,-0.3216276168823242,1.108811855316162,2.477870225906372,2.619542360305786,1.9558382034301758,-0.11131472885608673,-0.38940805196762085,-0.3975055515766144,-0.4095504581928253,-0.41278642416000366,-0.4161699712276459,-0.41475698351860046,-0.41775020956993103,-0.41793403029441833,-0.4190092086791992,-0.418793648481369,-0.420016348361969,-0.4203941822052002]
[-0.41983139514923096,-0.41925498843193054,-0.41620934009552,-0.4156023859977722,-0.4199337661266327,-0.4119863510131836,-0.231207937002182,1.1505762338638306,2.4712841510772705,1.7767975330352783,0.7051969766616821,2.7104763984680176,2.633577823638916,2.2196881771087646,0.8593623638153076,-0.3923914134502411,-0.40924108028411865,-0.40892621874809265,-0.41127556562423706,-0.41469112038612366,-0.41646358370780945,-0.41705238819122314,-0.4186025559902191,-0.4177550971508026,-0.4195006489753723,-0.41889163851737976,-0.4205273985862732,-0.42042845487594604]
[-0.41937345266342163,-0.4174588620662689,-0.4184708893299103,-0.4165317714214325,-0.41995567083358765,-0.41132012009620667,-0.4220050275325775,-0.4226176142692566,0.24603378772735596,0.708309531211853,0.7617040872573853,1.834334135055542,1.7570308446884155,1.2865684032440186,-0.3865489959716797,-0.40305688977241516,-0.4156534671783447,-0.41614818572998047,-0.41422122716903687,-0.41714292764663696,-0.4178861677646637,-0.41693246364593506,-0.41832032799720764,-0.41799286007881165,-0.4187754988670349,-0.4184476137161255,-0.420341819524765,-0.42096278071403503]
[-0.42056581377983093,-0.41765227913856506,-0.4170057773590088,-0.4157010614871979,-0.4189772605895996,-0.41701576113700867,-0.4168418347835541,-0.4240221381187439,-0.3830815553665161,-0.36844491958618164,-0.3577803671360016,0.0974361002445221,-0.40901777148246765,-0.5480586290359497,-0.3989294171333313,-0.3982348144054413,-0.4087598919868469,-0.4151363670825958,-0.4155140817165375,-0.417812705039978,-0.4180186092853546,-0.419336199760437,-0.4192522168159485,-0.4178486466407776,-0.41927370429039,-0.41843435168266296,-0.42041951417922974,-0.420891135931015]
[-0.42084306478500366,-0.4170113205909729,-0.4180523157119751,-0.414426326751709,-0.41975051164627075,-0.41778045892715454,-0.4223121106624603,-0.43348705768585205,-0.39270126819610596,-0.38834479451179504,-0.4097954332828522,-0.4236590564250946,-0.4051832854747772,-0.4083369970321655,-0.41011232137680054,-0.4059341549873352,-0.4124966263771057,-0.41308456659317017,-0.41619443893432617,-0.41727229952812195,-0.42138436436653137,-0.41869422793388367,-0.41923651099205017,-0.4173501133918762,-0.41915667057037354,-0.41739538311958313,-0.4199388027191162,-0.41998136043548584]
[-0.418484091758728,-0.4198651909828186,-0.41554537415504456,-0.4156346619129181,-0.421036958694458,-0.4143350124359131,-0.4165061414241791,-0.41632795333862305,-0.4020328223705292,-0.3997586667537689,-0.4092251658439636,-0.4090580642223358,-0.40137526392936707,-0.39156264066696167,-0.4049642086029053,-0.40895020961761475,-0.40711504220962524,-0.4065839946269989,-0.41343650221824646,-0.4145102798938751,-0.4185064733028412,-0.42036473751068115,-0.41906800866127014,-0.4176371395587921,-0.419515997171402,-0.41972965002059937,-0.4202592074871063,-0.42006373405456543]
