[-0.41609030961990356,-0.418076753616333,-0.42022934556007385,-0.4181808829307556,-0.41996708512306213,-0.4188840687274933,-0.419980525970459,-0.41900256276130676,-0.4229412078857422,-0.4197757840156555,-0.4244208037853241,-0.41443032026290894,-0.42842769622802734,-0.4205741882324219,-0.41866692900657654,-0.41797035932540894,-0.41122570633888245,-0.4123513996601105,0.28421786427497864,2.7805428504943848,2.1984143257141113,2.609919786453247,0.7918142080307007,-0.24023470282554626,-0.39250320196151733,-0.4044032394886017,-0.4077761769294739,-0.40402841567993164]
[-0.41790294647216797,-0.4184894859790802,-0.4196353852748871,-0.41809844970703125,-0.4197767376899719,-0.4181616008281708,-0.41879764199256897,-0.4182536005973816,-0.4201432466506958,-0.41526854038238525,-0.4169599413871765,-0.4107854664325714,-0.41906747221946716,-0.4373992085456848,-0.43491339683532715,-0.4481167197227478,-0.4368800222873688,-0.41820627450942993,0.522795557975769,0.7977182865142822,0.45543667674064636,0.15770795941352844,-0.3257001042366028,-0.3870278596878052,-0.39765986800193787,-0.4053260385990143,-0.412737101316452,-0.4105607271194458]
[-0.42002907395362854,-0.4186093509197235,-0.41897469758987427,-0.417350709438324,-0.41921597719192505,-0.41807106137275696,-0.41738030314445496,-0.4161001741886139,-0.41903331875801086,-0.4201960861682892,-0.41690802574157715,-0.3817976713180542,-0.36021536588668823,-0.5145775675773621,-0.5178446173667908,-0.3657967150211334,-0.41074827313423157,-0.37462687492370605,1.8668760061264038,0.8104268312454224,-0.3714197278022766,-0.3549690246582031,-0.4043863117694855,-0.4054713249206543,-0.4058517515659332,-0.40754351019859314,-0.4147825241088867,-0.4145318865776062]
[-0.4211149513721466,-0.4200476109981537,-0.4195685088634491,-0.4179295003414154,-0.41889429092407227,-0.4176296293735504,-0.41649729013442993,-0.41490206122398376,-0.41449490189552307,-0.40269652009010315,-0.3929087817668915,-0.39873504638671875,-0.6400455236434937,0.2845431864261627,-0.4891999661922455,-0.6197466850280762,0.4740065038204193,2.6104373931884766,2.964587688446045,1.0592420101165771,-0.38338056206703186,-0.3928403854370117,-0.41981351375579834,-0.4121190309524536,-0.4134075343608856,-0.4106481075286865,-0.4173702299594879,-0.4141809046268463]
[-0.42113932967185974,-0.41888561844825745,-0.4189372658729553,-0.41899898648262024,-0.4187856614589691,-0.41772469878196716,-0.4173116981983185,-0.413370281457901,-0.39590826630592346,-0.40577495098114014,0.06176619231700897,2.4121100902557373,1.7726047039031982,3.9517741203308105,2.606329917907715,3.436152219772339,0.9229689836502075,2.787541627883911,1.6148655414581299,0.10965891182422638,-0.40599149465560913,-0.4011726677417755,-0.4175804853439331,-0.411622554063797,-0.415567010641098,-0.415930837392807,-0.41802778840065,-0.4171085059642792]
[-0.42167502641677856,-0.420068621635437,-0.41969531774520874,-0.41851454973220825,-0.41757503151893616,-0.4186364412307739,-0.415935754776001,-0.4134180545806885,-0.18479982018470764,1.619873285293579,3.846311330795288,2.871953010559082,2.115739345550537,-0.48987457156181335,1.2309256792068481,2.5999081134796143,1.9965221881866455,2.3537721633911133,-0.16887031495571136,-0.3896586000919342,-0.38673219084739685,-0.40457653999328613,-0.41775986552238464,-0.41733884811401367,-0.42009201645851135,-0.4173361361026764,-0.4180135726928711,-0.4181290864944458]
[-0.42208588123321533,-0.418903648853302,-0.4203486144542694,-0.41856634616851807,-0.4179704487323761,-0.41759970784187317,-0.4187094271183014,-0.4161457121372223,0.7870993614196777,2.1705591678619385,2.823462963104248,1.709023118019104,2.192988157272339,0.26021772623062134,0.6386444568634033,0.6013779640197754,0.8489248752593994,1.2742559909820557,-0.017846062779426575,-0.39886942505836487,-0.39686521887779236,-0.4072919487953186,-0.4153589606285095,-0.4165266454219818,-0.4198701083660126,-0.4187473952770233,-0.4208589792251587,-0.42099231481552124]
[-0.4218618869781494,-0.41963887214660645,-0.4202742576599121,-0.42023512721061707,-0.41858920454978943,-0.41706201434135437,-0.4193175137042999,-0.4160752594470978,0.20491540431976318,2.6995866298675537,3.291893482208252,2.562633752822876,1.4080085754394531,8.263438940048218e-05,-0.28803253173828125,-0.35301458835601807,-0.31184208393096924,1.4615763425827026,1.308424711227417,-0.3776869773864746,-0.40322256088256836,-0.41398751735687256,-0.41786715388298035,-0.41724979877471924,-0.41956859827041626,-0.4182473123073578,-0.42059049010276794,-0.42015472054481506]
[-0.4217233657836914,-0.41908174753189087,-0.4202904999256134,-0.4187011122703552,-0.4185405969619751,-0.4177086651325226,-0.41783764958381653,-0.41591838002204895,-0.37061506509780884,1.1705573797225952,2.165811777114868,1.1394051313400269,-0.6970196962356567,-0.389969140291214,-0.3575373888015747,-0.44055116176605225,-0.4049880802631378,0.8525958061218262,1.9284093379974365,-0.3453453779220581,-0.4044419825077057,-0.4146133065223694,-0.41861841082572937,-0.41579824686050415,-0.41674476861953735,-0.4186369478702545,-0.41966360807418823,-0.42010822892189026]
[-0.4216237962245941,-0.4191240072250366,-0.4204670488834381,-0.41903620958328247,-0.41918376088142395,-0.4166455566883087,-0.4180797040462494,-0.41463181376457214,-0.4005061388015747,-0.3031197190284729,0.9509706497192383,1.435584306716919,-0.40013009309768677,-0.38380488753318787,-0.3697233200073242,-0.5269815921783447,-0.3776930272579193,1.5645434856414795,1.3495644330978394,-0.35327669978141785,-0.4056415855884552,-0.4143524765968323,-0.4194389581680298,-0.41653624176979065,-0.4181545376777649,-0.41825535893440247,-0.420061320066452,-0.41960686445236206]
[-0.4207591414451599,-0.41924935579299927,-0.4199325442314148,-0.41987890005111694,-0.4188774824142456,-0.4170007109642029,-0.4161016643047333,-0.41501384973526,-0.3988628089427948,-0.4006725549697876,0.04221072793006897,0.29684293270111084,-0.41000714898109436,-0.4652347266674042,-0.3880043029785156,-0.41261619329452515,1.362427830696106,1.728696346282959,-0.33204978704452515,-0.37665754556655884,-0.39543187618255615,-0.4072876572608948,-0.4159834682941437,-0.41484320163726807,-0.4189591407775879,-0.4174116253852844,-0.42000481486320496,-0.4187032878398895]
[-0.42109206318855286,-0.41986435651779175,-0.42060479521751404,-0.4197205603122711,-0.42019549012184143,-0.4197954535484314,-0.41728800535202026,-0.4145485460758209,-0.4022446572780609,-0.4131094515323639,0.4236905872821808,2.647961139678955,0.6916985511779785,-0.2145044356584549,-0.11533831804990768,1.4436249732971191,2.4702625274658203,-0.12036710977554321,-0.35540369153022766,-0.3818947374820709,-0.4062196612358093,-0.41159382462501526,-0.41778162121772766,-0.4144379496574402,-0.4175688624382019,-0.4173472821712494,-0.41916027665138245,-0.42010536789894104]
[-0.42076095938682556,-0.4182109236717224,-0.4201015830039978,-0.41923561692237854,-0.4190601408481598,-0.4171009361743927,-0.4179045855998993,-0.41767019033432007,-0.40345367789268494,-0.42230716347694397,1.160119652748108,2.766312599182129,3.320474863052368,1.811521053314209,2.3381645679473877,1.9889976978302002,1.7453557252883911,-0.31666895747184753,-0.3610793352127075,-0.36310875415802,-0.39378541707992554,-0.40372711420059204,-0.41420766711235046,-0.41515326499938965,-0.41779229044914246,-0.41603267192840576,-0.41866084933280945,-0.4170032739639282]
[-0.42074763774871826,-0.4195878505706787,-0.4207063317298889,-0.4186839759349823,-0.4192145764827728,-0.4170810282230377,-0.41798537969589233,-0.41527092456817627,-0.4021460711956024,-0.4236352741718292,0.09977830946445465,1.9114465713500977,2.5861823558807373,1.699979543685913,2.5846736431121826,1.2863225936889648,2.5988552570343018,1.2962766885757446,-0.38593313097953796,-0.3287482261657715,-0.4140673875808716,-0.39044487476348877,-0.4165358543395996,-0.41148483753204346,-0.4155554473400116,-0.4157429337501526,-0.41826069355010986,-0.41815251111984253]
[-0.42168280482292175,-0.41829150915145874,-0.4189934730529785,-0.41791221499443054,-0.4195534884929657,-0.4181191623210907,-0.4176674783229828,-0.4144844114780426,-0.4025769531726837,-0.4049387276172638,-0.4519788324832916,2.421221971511841,2.287902593612671,0.805246114730835,2.844388246536255,2.7826874256134033,3.90277099609375,2.3054869174957275,3.0544979572296143,2.0681865215301514,-0.16278745234012604,-0.4041370451450348,-0.4099588692188263,-0.4084610342979431,-0.4169172942638397,-0.4151883125305176,-0.4203239679336548,-0.41806069016456604]
[-0.4214247167110443,-0.4186238646507263,-0.4188769459724426,-0.4188016951084137,-0.421107679605484,-0.4182493984699249,-0.41893619298934937,-0.4153002202510834,-0.4083486795425415,-0.4010428190231323,-0.5034741163253784,2.095949411392212,2.9995508193969727,3.0034561157226562,2.844426393508911,2.6694273948669434,3.2181684970855713,2.6152100563049316,1.7257046699523926,1.7268095016479492,2.419781446456909,-0.3112666606903076,-0.3670498728752136,-0.3909582197666168,-0.4079098105430603,-0.41297194361686707,-0.41957002878189087,-0.4201180636882782]
[-0.42128369212150574,-0.41917529702186584,-0.4189785420894623,-0.4181308448314667,-0.41915443539619446,-0.41837388277053833,-0.4174489378929138,-0.41065549850463867,-0.4102477431297302,-0.4020403027534485,-0.5350388884544373,0.10495083034038544,1.1012145280838013,0.35405853390693665,0.13518613576889038,-0.3718379735946655,-0.2662047743797302,-0.2234870046377182,-0.2583421468734741,1.2255741357803345,2.4475646018981934,2.0055394172668457,-0.3209044337272644,-0.3684990406036377,-0.4049379825592041,-0.4118330478668213,-0.4221207797527313,-0.42074060440063477]
[-0.4196561276912689,-0.41908255219459534,-0.418468713760376,-0.41927480697631836,-0.419851154088974,-0.4184574484825134,-0.4156303107738495,-0.40902212262153625,-0.4120604395866394,-0.397182822227478,-0.4514853060245514,-0.47771576046943665,-0.3724328577518463,-0.3828660249710083,-0.3869756758213043,-0.38334542512893677,-0.36795124411582947,-0.5413109064102173,-0.6572831869125366,0.5399221181869507,1.5001442432403564,2.038060188293457,0.3853078782558441,-0.39074739813804626,-0.405827134847641,-0.4100688397884369,-0.4172370433807373,-0.4192580580711365]
[-0.4198194742202759,-0.41897445917129517,-0.4179607033729553,-0.4176683723926544,-0.41724562644958496,-0.4154934287071228,-0.4050503969192505,-0.34681567549705505,-0.3677794933319092,-0.2985787093639374,-0.36268144845962524,-0.4204025864601135,-0.39229074120521545,-0.39086952805519104,-0.42298778891563416,-0.40973028540611267,-0.3767046332359314,-0.3685001730918884,-0.8905351161956787,0.4048086106777191,1.6764569282531738,3.058875799179077,1.8516353368759155,-0.3603055477142334,-0.3961569368839264,-0.41354900598526,-0.42465630173683167,-0.42250609397888184]
[-0.4189760684967041,-0.41822925209999084,-0.4173194169998169,-0.4186754524707794,-0.41752177476882935,-0.4105069637298584,-0.3807647228240967,0.48304471373558044,2.1675474643707275,2.17496919631958,0.9192111492156982,-0.4142637550830841,-0.38424739241600037,-0.4195420444011688,-0.38776078820228577,-0.4081593155860901,-0.43547025322914124,-0.4823460280895233,-0.1605333834886551,1.646820306777954,2.269275426864624,3.223219871520996,1.8638920783996582,-0.34852516651153564,-0.3961595892906189,-0.41752830147743225,-0.42188581824302673,-0.42168372869491577]
[-0.41886159777641296,-0.41780462861061096,-0.41395890712738037,-0.4152158796787262,-0.4173835813999176,-0.41596248745918274,-0.2094193994998932,3.3273916244506836,2.815779447555542,3.191568374633789,1.5280722379684448,0.2501680552959442,-0.1081259548664093,0.7402371168136597,0.9364345073699951,-0.2788642644882202,1.238756775856018,1.284805178642273,2.1320109367370605,2.4171221256256104,2.355973243713379,2.4735891819000244,0.8134950399398804,-0.3710755705833435,-0.40235862135887146,-0.4170774817466736,-0.4238337278366089,-0.42421355843544006]
[-0.41770046949386597,-0.4181903004646301,-0.41303887963294983,-0.4153308570384979,-0.41709190607070923,-0.42116910219192505,0.18230706453323364,2.7357072830200195,1.94887375831604,2.5244643688201904,2.0789566040039062,1.8090749979019165,2.187039613723755,3.0175812244415283,3.4010188579559326,2.794771194458008,2.7164816856384277,2.809732437133789,2.421954870223999,2.456782102584839,2.3915138244628906,0.742079496383667,-0.3782861530780792,-0.3901176452636719,-0.407438188791275,-0.4189290702342987,-0.42592668533325195,-0.42388319969177246]
[-0.42003539204597473,-0.417532354593277,-0.41495296359062195,-0.41181597113609314,-0.42097628116607666,-0.2995460629463196,0.678022027015686,3.20497727394104,2.6985323429107666,2.96142315864563,2.412370443344116,3.3967087268829346,2.026838779449463,1.9425256252288818,2.796773672103882,3.13431453704834,3.9342126846313477,3.1531646251678467,2.4483835697174072,1.4775364398956299,-0.3349516689777374,-0.37560343742370605,-0.40329453349113464,-0.39969921112060547,-0.40995872020721436,-0.4188918173313141,-0.4246864914894104,-0.42156317830085754]
[-0.4174033999443054,-0.416963130235672,-0.4148178994655609,-0.41109752655029297,-0.42366164922714233,-0.38253921270370483,-0.344913125038147,0.05742579698562622,1.1961209774017334,2.3305208683013916,2.647219657897949,2.6165268421173096,2.31819748878479,2.7323379516601562,1.190932035446167,-0.019131749868392944,-0.5576562881469727,-0.27540361881256104,-0.26539063453674316,-0.33103179931640625,-0.37717926502227783,-0.40390437841415405,-0.4116630256175995,-0.4100838601589203,-0.41652050614356995,-0.41889578104019165,-0.4234316945075989,-0.41945862770080566]
[-0.4174211621284485,-0.41690149903297424,-0.4201919138431549,-0.4120737314224243,-0.42282578349113464,-0.41295525431632996,-0.43106964230537415,-0.476779967546463,-0.4345073401927948,-0.3466879725456238,-0.4962495267391205,-0.42829614877700806,-0.3679383397102356,-0.42590320110321045,-0.466243177652359,-0.4385433793067932,-0.3642504811286926,-0.39084717631340027,-0.395033061504364,-0.3883318305015564,-0.40331554412841797,-0.40631404519081116,-0.41373494267463684,-0.4131065905094147,-0.41675978899002075,-0.41615280508995056,-0.4056481420993805,-0.41464927792549133]
[-0.41964370012283325,-0.4180394411087036,-0.41905447840690613,-0.41209882497787476,-0.41598230600357056,-0.4119284451007843,-0.4195649325847626,-0.4020659327507019,-0.3944281041622162,-0.4444999098777771,-0.3967939019203186,-0.41291654109954834,-0.3528744578361511,-0.3944835066795349,-0.40426063537597656,-0.4078080952167511,-0.3985854685306549,-0.4170762598514557,-0.4148038625717163,-0.40909484028816223,-0.409655898809433,-0.4116304814815521,-0.41423267126083374,-0.4149611294269562,-0.4158288538455963,-0.413794606924057,-0.38126248121261597,-0.41540059447288513]
[-0.4220883548259735,-0.4190618693828583,-0.422498494386673,-0.41421619057655334,-0.42085257172584534,-0.41592949628829956,-0.42044922709465027,-0.4030149281024933,-0.40934842824935913,-0.39791303873062134,-0.38929253816604614,-0.3840503692626953,-0.37988951802253723,-0.3734363615512848,-0.39034929871559143,-0.39947593212127686,-0.39944884181022644,-0.4200800359249115,-0.42391636967658997,-0.4186252951622009,-0.4172268509864807,-0.41675445437431335,-0.41426873207092285,-0.41397735476493835,-0.41308480501174927,-0.41149014234542847,-0.41217735409736633,-0.4161762297153473]
[-0.41913580894470215,-0.4227606952190399,-0.42215558886528015,-0.4190234839916229,-0.42380785942077637,-0.4238923490047455,-0.42359504103660583,-0.4163067042827606,-0.41442814469337463,-0.40935325622558594,-0.39263808727264404,-0.3930639624595642,-0.39530834555625916,-0.404413640499115,-0.4034145772457123,-0.408435583114624,-0.41001763939857483,-0.4140279293060303,-0.4229870140552521,-0.4188258945941925,-0.41977453231811523,-0.4161030054092407,-0.4126031994819641,-0.41207048296928406,-0.40960657596588135,-0.40845391154289246,-0.4105669856071472,-0.4094165563583374]
