[-0.4156339168548584,-0.4180696904659271,-0.4199430048465729,-0.4183250665664673,-0.4204658567905426,-0.41956692934036255,-0.4196770489215851,-0.4206753075122833,-0.4200427532196045,-0.42143240571022034,-0.4227883517742157,-0.41900816559791565,-0.4125337302684784,-0.42098358273506165,-0.42034250497817993,-0.41877281665802,-0.4168662428855896,-0.4036659300327301,-0.40953493118286133,-0.41129717230796814,-0.4155627489089966,-0.4178772270679474,-0.4172463119029999,-0.4188120365142822,-0.42063072323799133,-0.4191651940345764,-0.4165230095386505,-0.413808673620224]
[-0.4176771938800812,-0.4190525412559509,-0.420517235994339,-0.41831091046333313,-0.4203401803970337,-0.41947275400161743,-0.41962626576423645,-0.4195547103881836,-0.4205505847930908,-0.4186820685863495,-0.42044878005981445,-0.42038094997406006,-0.41894635558128357,-0.41868823766708374,-0.4167037010192871,-0.4179476797580719,-0.4136211574077606,-0.41002073884010315,-0.41466668248176575,-0.41270262002944946,-0.41546159982681274,-0.4149421453475952,-0.4150662422180176,-0.41657695174217224,-0.41902992129325867,-0.41786134243011475,-0.41884058713912964,-0.4179111421108246]
[-0.41979098320007324,-0.41890281438827515,-0.4200815260410309,-0.41865041851997375,-0.4197501242160797,-0.4190053939819336,-0.4192435145378113,-0.4214049279689789,-0.4204738736152649,-0.420327365398407,-0.4206154942512512,-0.4208202064037323,-0.4188951849937439,-0.4226665496826172,-0.4155772030353546,-0.4133240282535553,-0.41330382227897644,-0.4094291627407074,-0.41692978143692017,-0.4168103337287903,-0.4163147509098053,-0.4146714210510254,-0.4141361117362976,-0.4157043993473053,-0.416280597448349,-0.41820770502090454,-0.4177674651145935,-0.4179842472076416]
[-0.41921842098236084,-0.4193355143070221,-0.41975757479667664,-0.417972594499588,-0.4185384511947632,-0.4199329614639282,-0.42083582282066345,-0.42475154995918274,-0.4203757643699646,-0.4127829372882843,-0.4156169593334198,-0.4168878495693207,-0.4157297909259796,-0.4270044267177582,-0.4190899431705475,-0.40144532918930054,-0.4078843295574188,-0.409155935049057,-0.41470012068748474,-0.41805344820022583,-0.4168950319290161,-0.41314855217933655,-0.4156918227672577,-0.41610944271087646,-0.41787803173065186,-0.41767987608909607,-0.4187886416912079,-0.41977372765541077]
[-0.41903185844421387,-0.4185526371002197,-0.4181134104728699,-0.4168286621570587,-0.43938687443733215,-0.354123592376709,-0.3764842450618744,-0.3912646472454071,-0.46268439292907715,-0.4297568202018738,-0.43251925706863403,-0.3675174117088318,-0.36140990257263184,-0.2565074563026428,-0.33133307099342346,-0.4129880368709564,-0.4225567877292633,-0.3965427279472351,-0.41045868396759033,-0.40718433260917664,-0.411447674036026,-0.4118323028087616,-0.4142709970474243,-0.413094699382782,-0.41691505908966064,-0.41707199811935425,-0.41901323199272156,-0.4198020398616791]
[-0.41956043243408203,-0.4189469516277313,-0.41673290729522705,-0.4143942892551422,-0.23222914338111877,1.3535149097442627,2.2823574542999268,1.2555632591247559,0.2587420344352722,1.0680946111679077,0.9267200231552124,1.516210675239563,1.8976256847381592,2.4252889156341553,2.1824400424957275,2.312913179397583,-0.2509734034538269,-0.382378488779068,-0.38710787892341614,-0.40049856901168823,-0.4020451605319977,-0.4098852574825287,-0.4153423309326172,-0.41517141461372375,-0.41886863112449646,-0.41787976026535034,-0.4191157817840576,-0.42071354389190674]
[-0.41977018117904663,-0.41821107268333435,-0.4176466763019562,-0.4141068160533905,0.9201055765151978,3.3174214363098145,3.112633228302002,2.9093613624572754,2.3125550746917725,3.3398001194000244,2.3972268104553223,2.5785157680511475,3.0614068508148193,3.206691026687622,3.50612211227417,3.4728775024414062,2.753819465637207,0.7304012775421143,-0.32179462909698486,-0.39340561628341675,-0.405077189207077,-0.40722721815109253,-0.4156276285648346,-0.4147959351539612,-0.41713985800743103,-0.4180169403553009,-0.4192469120025635,-0.4207521378993988]
[-0.4199834167957306,-0.41795864701271057,-0.41936513781547546,-0.35596325993537903,1.4906775951385498,3.5449306964874268,2.6887154579162598,2.99267315864563,2.4777116775512695,3.1384928226470947,2.982426881790161,3.392051935195923,3.625298500061035,2.9989569187164307,1.991088628768921,1.3085479736328125,3.106062412261963,2.108421802520752,-0.3560425639152527,-0.4076806604862213,-0.4008196294307709,-0.40724900364875793,-0.4151378870010376,-0.41574761271476746,-0.4180157482624054,-0.41811227798461914,-0.4198808968067169,-0.4208340048789978]
[-0.41892093420028687,-0.41673916578292847,-0.41915276646614075,-0.4004703462123871,0.34781983494758606,0.3569912910461426,0.1799640953540802,1.8366831541061401,1.0820568799972534,0.9461374282836914,0.39938315749168396,1.5048911571502686,1.7725989818572998,2.700101613998413,2.814408540725708,1.5442019701004028,2.9175684452056885,2.2855281829833984,0.031241416931152344,-0.3627491593360901,-0.3991796672344208,-0.40608707070350647,-0.41428178548812866,-0.4155065715312958,-0.4178834557533264,-0.41823139786720276,-0.420634001493454,-0.42180177569389343]
[-0.41982170939445496,-0.41740208864212036,-0.4205043315887451,-0.40719905495643616,-0.3679269552230835,-0.38668254017829895,-0.3730939030647278,-0.35875391960144043,-0.35260066390037537,-0.3549274504184723,-0.43523234128952026,-0.3207090497016907,0.5063176155090332,1.1688646078109741,2.9854226112365723,2.797187566757202,3.4779467582702637,1.893420934677124,0.8756102323532104,-0.3607081472873688,-0.40394917130470276,-0.41000980138778687,-0.4159882664680481,-0.41574978828430176,-0.4169847369194031,-0.41774487495422363,-0.41993919014930725,-0.4219708740711212]
[-0.4188968241214752,-0.4161261320114136,-0.41518738865852356,-0.4092411994934082,-0.4098456799983978,-0.41094648838043213,-0.40710026025772095,-0.4097593426704407,-0.4070129990577698,-0.4066423773765564,-0.40684521198272705,-0.40194830298423767,0.5800360441207886,2.5849852561950684,2.243642568588257,2.3744571208953857,2.3289599418640137,2.5267879962921143,0.49310049414634705,-0.3707192838191986,-0.4086933732032776,-0.4141699969768524,-0.41482365131378174,-0.41362622380256653,-0.41759806871414185,-0.4181867837905884,-0.41972029209136963,-0.42094507813453674]
[-0.4195733070373535,-0.41687074303627014,-0.4158361852169037,-0.4130021035671234,-0.4082929491996765,-0.4104550778865814,-0.4090424180030823,-0.4047841429710388,-0.40293291211128235,-0.40265679359436035,-0.4129144251346588,-0.3923930823802948,1.0622363090515137,2.9083070755004883,2.6541049480438232,3.1355795860290527,2.2180821895599365,1.883305549621582,-0.3564717471599579,-0.37290748953819275,-0.4057016372680664,-0.41246503591537476,-0.4171880781650543,-0.4157503843307495,-0.41871389746665955,-0.4182242155075073,-0.41936129331588745,-0.42088583111763]
[-0.418857216835022,-0.41618382930755615,-0.41693252325057983,-0.4147195518016815,-0.41604548692703247,-0.4161604046821594,-0.41686931252479553,-0.4133486747741699,-0.4156040549278259,-0.41524213552474976,-0.42165687680244446,-0.413199245929718,-0.24981790781021118,2.9867353439331055,2.6285343170166016,2.29721999168396,1.5981889963150024,1.1860636472702026,-0.35238948464393616,-0.37672916054725647,-0.40215790271759033,-0.41134822368621826,-0.41702914237976074,-0.4163825213909149,-0.41721415519714355,-0.4177575409412384,-0.41930434107780457,-0.4206657111644745]
[-0.42074623703956604,-0.41720178723335266,-0.41741055250167847,-0.4159717559814453,-0.41968947649002075,-0.41801872849464417,-0.41590410470962524,-0.4148845076560974,-0.4180122911930084,-0.4156549870967865,-0.42373862862586975,-0.4104806184768677,-0.42689529061317444,1.9933390617370605,2.9683947563171387,2.7017834186553955,2.8185274600982666,1.230088233947754,-0.3583061695098877,-0.38353800773620605,-0.4061734974384308,-0.41345781087875366,-0.41723349690437317,-0.41675281524658203,-0.4187113344669342,-0.4179798662662506,-0.41982170939445496,-0.41992661356925964]
[-0.42101702094078064,-0.41809359192848206,-0.4180176556110382,-0.41706383228302,-0.4198985695838928,-0.4177490174770355,-0.4181114733219147,-0.41447100043296814,-0.41619572043418884,-0.41432395577430725,-0.424092173576355,-0.40667906403541565,-0.3707195222377777,2.235029935836792,2.7836992740631104,3.175943374633789,3.0106356143951416,1.8301986455917358,-0.33970218896865845,-0.3751315772533417,-0.4074060916900635,-0.4138411581516266,-0.41698944568634033,-0.41633471846580505,-0.41956040263175964,-0.41699326038360596,-0.41966482996940613,-0.4198659360408783]
[-0.42071017622947693,-0.4190433621406555,-0.4190707206726074,-0.4184595048427582,-0.41920921206474304,-0.4170791506767273,-0.4176018238067627,-0.4152635633945465,-0.41719865798950195,-0.41391581296920776,-0.42100685834884644,-0.3955632448196411,-0.3171679377555847,2.7383205890655518,2.2570223808288574,2.9795188903808594,2.7800285816192627,2.525392532348633,-0.3426024913787842,-0.3811294138431549,-0.40829700231552124,-0.41614216566085815,-0.41730523109436035,-0.4165382981300354,-0.41891926527023315,-0.4180551767349243,-0.4200020134449005,-0.42063140869140625]
[-0.4208018183708191,-0.4185684621334076,-0.4182208776473999,-0.4172612130641937,-0.41969379782676697,-0.41757121682167053,-0.418294757604599,-0.4174187481403351,-0.41841235756874084,-0.41245126724243164,-0.4237039089202881,-0.43248727917671204,0.9606838226318359,2.8172032833099365,2.558972120285034,2.7323367595672607,2.9522509574890137,2.236806631088257,-0.3616456985473633,-0.38760724663734436,-0.4120340645313263,-0.41235873103141785,-0.41826221346855164,-0.4168907701969147,-0.4183364510536194,-0.41812974214553833,-0.4201805293560028,-0.42058923840522766]
[-0.41989779472351074,-0.4184800386428833,-0.4190233647823334,-0.4182388186454773,-0.42061346769332886,-0.41826966404914856,-0.41733047366142273,-0.41751453280448914,-0.4148141145706177,-0.40260741114616394,-0.3169440031051636,0.9885263442993164,2.9735679626464844,0.19123560190200806,1.1302425861358643,2.3328516483306885,2.2652957439422607,0.6793534755706787,-0.3658726215362549,-0.39522433280944824,-0.41177403926849365,-0.4130454361438751,-0.4176446497440338,-0.417072057723999,-0.41915252804756165,-0.41802170872688293,-0.41942650079727173,-0.42145678400993347]
[-0.41996246576309204,-0.41882386803627014,-0.4191725552082062,-0.4179880619049072,-0.4200507700443268,-0.41697433590888977,-0.4159369468688965,-0.4171779453754425,-0.4027714431285858,-0.36695921421051025,1.170089602470398,3.4659745693206787,2.6508820056915283,0.7110546827316284,2.6262104511260986,2.8129796981811523,1.9621319770812988,-0.286479115486145,-0.38613569736480713,-0.39995911717414856,-0.41446200013160706,-0.4145558476448059,-0.41851821541786194,-0.417243629693985,-0.41966643929481506,-0.4195284843444824,-0.4212038815021515,-0.4214498698711395]
[-0.41823890805244446,-0.41821590065956116,-0.4203227460384369,-0.4198240041732788,-0.4211895763874054,-0.4187150001525879,-0.41868317127227783,-0.41783568263053894,-0.28773945569992065,1.2225532531738281,2.0751242637634277,3.291316270828247,2.7039754390716553,2.354313611984253,2.944617509841919,2.468686819076538,1.7038823366165161,-0.3636927604675293,-0.3945050835609436,-0.4032142758369446,-0.41383668780326843,-0.41416099667549133,-0.41799914836883545,-0.41846850514411926,-0.4189976155757904,-0.41973286867141724,-0.4205738604068756,-0.4201752245426178]
[-0.41902753710746765,-0.4196230471134186,-0.41686514019966125,-0.41737645864486694,-0.418220192193985,-0.4168190360069275,-0.41706931591033936,-0.4155697524547577,0.3269319236278534,1.7096037864685059,1.3701106309890747,2.864638566970825,2.690126895904541,2.647547721862793,2.600318193435669,1.7769099473953247,-0.3189204931259155,-0.3759702742099762,-0.3980768918991089,-0.40957194566726685,-0.4147295653820038,-0.4149482250213623,-0.4197167754173279,-0.41757893562316895,-0.4180128276348114,-0.41748642921447754,-0.42074692249298096,-0.4214510917663574]
[-0.42068883776664734,-0.41963887214660645,-0.4173819422721863,-0.4174039661884308,-0.4189610183238983,-0.4167689085006714,-0.4182194769382477,-0.4088825285434723,0.6323082447052002,0.07869470119476318,0.04541860520839691,2.1470413208007812,2.8851654529571533,2.6710097789764404,1.7359991073608398,-0.2999889850616455,-0.3768255412578583,-0.3970222771167755,-0.4058888852596283,-0.41123682260513306,-0.4151066243648529,-0.4144081473350525,-0.41861969232559204,-0.4192429184913635,-0.4175407290458679,-0.41854164004325867,-0.4209124445915222,-0.41952332854270935]
[-0.42071571946144104,-0.417950838804245,-0.4183747470378876,-0.41631630063056946,-0.4191506505012512,-0.4149746000766754,-0.41916021704673767,-0.3914176821708679,0.9351409673690796,1.362053632736206,1.0532827377319336,2.3887319564819336,2.4400265216827393,2.0502071380615234,-0.3333512842655182,-0.3790876567363739,-0.3995940387248993,-0.40264105796813965,-0.40949559211730957,-0.4089411199092865,-0.4156579077243805,-0.4149152934551239,-0.41705814003944397,-0.41771793365478516,-0.4183155298233032,-0.41807934641838074,-0.42009004950523376,-0.4177829325199127]
[-0.41907837986946106,-0.4195947051048279,-0.41748154163360596,-0.4159466624259949,-0.4179101586341858,-0.416170597076416,-0.4181463122367859,-0.38840124011039734,0.010205492377281189,1.7605127096176147,2.4990124702453613,3.2039363384246826,1.3946229219436646,-0.32267504930496216,-0.3776880204677582,-0.3989042639732361,-0.4055437445640564,-0.40902242064476013,-0.41336169838905334,-0.41287684440612793,-0.41670331358909607,-0.41487133502960205,-0.4167546033859253,-0.4180421233177185,-0.41791731119155884,-0.4192793071269989,-0.41902437806129456,-0.4177738130092621]
[-0.4185499846935272,-0.4182891249656677,-0.41809338331222534,-0.41638249158859253,-0.4164860248565674,-0.41570624709129333,-0.41734451055526733,-0.402058869600296,-0.41141217947006226,-0.06317369639873505,2.2922000885009766,2.355825662612915,-0.29096412658691406,-0.3860333561897278,-0.3969730734825134,-0.3997231423854828,-0.4098609983921051,-0.40876317024230957,-0.41529449820518494,-0.4129830002784729,-0.4169650077819824,-0.4167061746120453,-0.4170544743537903,-0.41799166798591614,-0.4189041554927826,-0.4183052182197571,-0.41997647285461426,-0.4189416170120239]
[-0.42042112350463867,-0.4186154305934906,-0.41845425963401794,-0.4164149761199951,-0.41733884811401367,-0.4172717034816742,-0.41454052925109863,-0.41208571195602417,-0.4022725522518158,-0.3792359530925751,0.6251766681671143,0.8736764192581177,-0.40576601028442383,-0.40496838092803955,-0.40727055072784424,-0.40694087743759155,-0.412840873003006,-0.4110581576824188,-0.4145711660385132,-0.41417115926742554,-0.41675442457199097,-0.4175814092159271,-0.41978344321250916,-0.4181617498397827,-0.4182041883468628,-0.41888558864593506,-0.4194898307323456,-0.41767770051956177]
[-0.42020556330680847,-0.4180038869380951,-0.4193970263004303,-0.41694462299346924,-0.4185101091861725,-0.41649705171585083,-0.4139057695865631,-0.41265058517456055,-0.4122394323348999,-0.4137197434902191,-0.45830556750297546,-0.4476354122161865,-0.402713418006897,-0.4119972884654999,-0.4205925166606903,-0.41437867283821106,-0.4142129421234131,-0.41304415464401245,-0.4166896343231201,-0.4157177805900574,-0.4182809889316559,-0.4178127646446228,-0.4199446439743042,-0.4179709255695343,-0.4185512661933899,-0.418271005153656,-0.4198947250843048,-0.41596361994743347]
[-0.4154367744922638,-0.41895368695259094,-0.41724011301994324,-0.420685350894928,-0.4189578890800476,-0.4184246063232422,-0.41530942916870117,-0.41519466042518616,-0.41120877861976624,-0.41110706329345703,-0.4240913391113281,-0.4240790009498596,-0.41379985213279724,-0.406709760427475,-0.41264083981513977,-0.4179782569408417,-0.4176085591316223,-0.4131752848625183,-0.416800320148468,-0.416955828666687,-0.41813406348228455,-0.417514443397522,-0.42094922065734863,-0.41866758465766907,-0.418960303068161,-0.4163728952407837,-0.41783177852630615,-0.4093743562698364]
