[-0.4167907238006592,-0.41821742057800293,-0.42009297013282776,-0.41888660192489624,-0.42135724425315857,-0.4188007116317749,-0.41984522342681885,-0.4201103746891022,-0.42027661204338074,-0.4190082252025604,-0.41905808448791504,-0.4172983765602112,-0.4182010591030121,-0.41747185587882996,-0.4176781475543976,-0.4166339933872223,-0.4187494218349457,-0.41788625717163086,-0.4192030429840088,-0.4173608124256134,-0.4201227128505707,-0.4195950925350189,-0.41807395219802856,-0.4172748625278473,-0.4179583489894867,-0.4177235960960388,-0.41517841815948486,-0.41190317273139954]
[-0.4187605082988739,-0.419440895318985,-0.4208737313747406,-0.41977912187576294,-0.4209424555301666,-0.4199124872684479,-0.4214042127132416,-0.4206392467021942,-0.4214160144329071,-0.4203717112541199,-0.42075395584106445,-0.4182147681713104,-0.4193218946456909,-0.4167829751968384,-0.41790902614593506,-0.4170028269290924,-0.4193470776081085,-0.4175543487071991,-0.4204070270061493,-0.4190062880516052,-0.4202379882335663,-0.4187685549259186,-0.4180661141872406,-0.41733071208000183,-0.4189421534538269,-0.4190097153186798,-0.41811567544937134,-0.41738733649253845]
[-0.42046692967414856,-0.4199092388153076,-0.4210442006587982,-0.4200609624385834,-0.4212917685508728,-0.42048510909080505,-0.42263588309288025,-0.4214193820953369,-0.4222358763217926,-0.4205757677555084,-0.42156118154525757,-0.41937845945358276,-0.41878506541252136,-0.4171493649482727,-0.4157332181930542,-0.416587769985199,-0.4181171953678131,-0.41955476999282837,-0.42186596989631653,-0.42004072666168213,-0.4199729561805725,-0.41849756240844727,-0.41839104890823364,-0.4186069965362549,-0.41797420382499695,-0.41834205389022827,-0.4192086458206177,-0.41728419065475464]
[-0.42018088698387146,-0.4199444055557251,-0.419952392578125,-0.41906729340553284,-0.4208924174308777,-0.4198719561100006,-0.42211008071899414,-0.42081987857818604,-0.4219796359539032,-0.42079147696495056,-0.42093104124069214,-0.4196610748767853,-0.4183114171028137,-0.4173550009727478,-0.4148402214050293,-0.41389235854148865,-0.4141123592853546,-0.4146766662597656,-0.4169507920742035,-0.4181351959705353,-0.42120155692100525,-0.4191077947616577,-0.4201352000236511,-0.41685888171195984,-0.41823697090148926,-0.41754740476608276,-0.418960303068161,-0.416983425617218]
[-0.4198300242424011,-0.4195639193058014,-0.4202116131782532,-0.41902127861976624,-0.42157819867134094,-0.42043009400367737,-0.4211846888065338,-0.420823872089386,-0.4218064844608307,-0.4213069677352905,-0.42071881890296936,-0.4201057255268097,-0.4171104431152344,-0.40988385677337646,-0.40538978576660156,-0.3955715596675873,-0.41841089725494385,-0.40515413880348206,-0.44461682438850403,-0.4311226010322571,-0.417031466960907,-0.413022518157959,-0.41572001576423645,-0.416336327791214,-0.4186262786388397,-0.41762664914131165,-0.4195016920566559,-0.41856297850608826]
[-0.42053091526031494,-0.4196126461029053,-0.42003440856933594,-0.4195748269557953,-0.42163538932800293,-0.42085403203964233,-0.421891450881958,-0.4208665192127228,-0.4223341643810272,-0.421495258808136,-0.42081546783447266,-0.42011281847953796,-0.41009318828582764,-0.42174744606018066,-0.31052106618881226,-0.08709423243999481,-0.3272297978401184,-0.09186936169862747,-0.3231619596481323,-0.41697555780410767,-0.4216417670249939,-0.40450239181518555,-0.4125666320323944,-0.41543567180633545,-0.41893455386161804,-0.4175974130630493,-0.41925185918807983,-0.4190746247768402]
[-0.42097207903862,-0.4192657470703125,-0.4201226830482483,-0.41901877522468567,-0.4201834499835968,-0.41991496086120605,-0.4205951988697052,-0.4199784994125366,-0.4215540885925293,-0.4217660427093506,-0.4146765470504761,-0.4124768078327179,-0.4226195812225342,0.5499675273895264,2.1686081886291504,3.2118935585021973,2.6495413780212402,2.7464780807495117,2.3329644203186035,2.1283493041992188,0.020897820591926575,-0.40014153718948364,-0.4074079096317291,-0.41183772683143616,-0.4175248444080353,-0.41824281215667725,-0.4195343554019928,-0.41848522424697876]
[-0.4213322103023529,-0.41962093114852905,-0.4198513627052307,-0.41865116357803345,-0.42064014077186584,-0.4197026193141937,-0.4206274747848511,-0.41983193159103394,-0.4203258156776428,-0.41751885414123535,-0.4166742265224457,-0.34422609210014343,0.7432732582092285,2.6081135272979736,2.824357748031616,3.269890069961548,3.2316479682922363,2.7027053833007812,2.8456432819366455,2.9199485778808594,1.2263115644454956,-0.3916745185852051,-0.40565016865730286,-0.4118160307407379,-0.4171210825443268,-0.4183991849422455,-0.4190322458744049,-0.4195048213005066]
[-0.4214023947715759,-0.41990453004837036,-0.4201710522174835,-0.41982200741767883,-0.4187883138656616,-0.4195273816585541,-0.41866493225097656,-0.4186265170574188,-0.41141825914382935,-0.3820318579673767,0.0765838772058487,2.022754430770874,2.3932909965515137,2.8639113903045654,2.4754836559295654,2.7177953720092773,2.0441319942474365,2.2591397762298584,2.6481223106384277,3.278671979904175,1.6414164304733276,-0.3799762427806854,-0.4061588943004608,-0.4102979898452759,-0.4176076650619507,-0.41839316487312317,-0.4187624454498291,-0.4193294942378998]
[-0.42107245326042175,-0.4195725917816162,-0.41954219341278076,-0.4190148413181305,-0.4201200008392334,-0.42033204436302185,-0.41779643297195435,-0.41840824484825134,-0.34081459045410156,0.07373850047588348,1.0740604400634766,2.2923755645751953,2.6912388801574707,2.822200298309326,2.200161933898926,0.5595606565475464,-0.263272762298584,0.8832615613937378,2.6033401489257812,2.9861698150634766,2.120204448699951,-0.3770383298397064,-0.40526241064071655,-0.41269955039024353,-0.4191795885562897,-0.4189571142196655,-0.4191259443759918,-0.419699490070343]
[-0.4209684431552887,-0.4201129376888275,-0.4184560477733612,-0.41733720898628235,-0.41805702447891235,-0.41836899518966675,-0.41501960158348083,-0.4163864850997925,-0.3520476818084717,-0.05492115765810013,0.19739577174186707,1.1423907279968262,1.4900801181793213,1.3264031410217285,-0.1861863136291504,-0.37745919823646545,-0.35994067788124084,0.1329556107521057,2.4143383502960205,2.859975576400757,1.780775785446167,-0.37413209676742554,-0.4024101197719574,-0.41317030787467957,-0.4183539152145386,-0.41864538192749023,-0.4188028872013092,-0.41971665620803833]
[-0.4210987687110901,-0.41941580176353455,-0.41786667704582214,-0.4178692698478699,-0.4175304174423218,-0.4185682535171509,-0.41233476996421814,-0.4132031798362732,-0.38935577869415283,-0.3980446457862854,-0.3749588429927826,-0.33943164348602295,-0.37264931201934814,-0.39916086196899414,-0.40011462569236755,-0.396184504032135,-0.3742508590221405,-0.34085360169410706,1.3549001216888428,3.159628391265869,1.9857332706451416,-0.3135850727558136,-0.4070238769054413,-0.41402846574783325,-0.41851019859313965,-0.41908589005470276,-0.41882768273353577,-0.4188792109489441]
[-0.42027443647384644,-0.4194868206977844,-0.4142201244831085,-0.41681963205337524,-0.4428956210613251,-0.36509305238723755,-0.3560985326766968,-0.40847137570381165,-0.39815765619277954,-0.40867969393730164,-0.42068716883659363,-0.4047413468360901,-0.4241476356983185,-0.4159236252307892,-0.40764158964157104,-0.4068883955478668,-0.3915574550628662,-0.48193612694740295,1.1610145568847656,3.167191982269287,1.9099113941192627,-0.29929226636886597,-0.41014426946640015,-0.41362637281417847,-0.4182665944099426,-0.418979674577713,-0.41936254501342773,-0.41934335231781006]
[-0.4199991524219513,-0.41688254475593567,-0.4136512577533722,-0.427957147359848,0.3730759620666504,1.0418864488601685,0.5572890043258667,-0.039420247077941895,-0.40278494358062744,-0.4047950804233551,-0.40760475397109985,-0.41144001483917236,-0.41243329644203186,-0.4078947603702545,-0.4120934307575226,-0.4089064598083496,-0.38708388805389404,-0.3686964809894562,1.7602527141571045,2.5084946155548096,1.5321747064590454,-0.3846691846847534,-0.40818357467651367,-0.4155716300010681,-0.41853445768356323,-0.4197266697883606,-0.41950663924217224,-0.4183539152145386]
[-0.4219270348548889,-0.419301837682724,-0.4181325137615204,-0.143310546875,2.551102638244629,2.9438798427581787,2.156378746032715,0.6256164312362671,-0.37842342257499695,-0.4145965576171875,-0.410719096660614,-0.41073235869407654,-0.41068893671035767,-0.41515254974365234,-0.4138432443141937,-0.4387376308441162,-0.2942936420440674,1.4983997344970703,3.0040528774261475,2.7106409072875977,0.5082204341888428,-0.3883305788040161,-0.4093201160430908,-0.41582196950912476,-0.41946256160736084,-0.41931721568107605,-0.4199562072753906,-0.4179723262786865]
[-0.4187297821044922,-0.4167304039001465,-0.42018356919288635,-0.1145092025399208,2.014889717102051,3.1357338428497314,2.9101178646087646,2.109820604324341,0.6313356161117554,-0.36420053243637085,-0.36387956142425537,-0.4450184404850006,-0.4315907955169678,-0.4401208162307739,-0.42236343026161194,-0.175822451710701,1.4591667652130127,2.8847224712371826,2.8520421981811523,2.2908174991607666,-0.14967648684978485,-0.39157721400260925,-0.40989622473716736,-0.4161452054977417,-0.42067864537239075,-0.41923800110816956,-0.41956156492233276,-0.41737955808639526]
[-0.41840633749961853,-0.41883620619773865,-0.4224691689014435,-0.3528762459754944,-0.5672441720962524,1.0066368579864502,2.7747561931610107,2.3968465328216553,2.3060576915740967,1.526747703552246,1.3206517696380615,0.5824673175811768,0.15360957384109497,0.32167479395866394,0.3704838454723358,2.1329314708709717,2.7703359127044678,2.3915135860443115,2.876417875289917,1.6918936967849731,-0.3834622800350189,-0.3991073668003082,-0.4150574207305908,-0.417063444852829,-0.42061856389045715,-0.4199925661087036,-0.42107778787612915,-0.41916635632514954]
[-0.416366845369339,-0.4150400161743164,-0.42191168665885925,-0.4200919270515442,-0.04859066754579544,2.5581536293029785,3.2741830348968506,2.614271879196167,2.4585320949554443,2.407789707183838,2.4162769317626953,2.8049304485321045,2.754171371459961,2.2516257762908936,2.0854716300964355,2.2634787559509277,2.882291078567505,2.6136701107025146,3.205148220062256,1.5093307495117188,-0.3979903757572174,-0.4093282222747803,-0.41761642694473267,-0.41880208253860474,-0.4203336536884308,-0.4194437563419342,-0.42085570096969604,-0.4201025664806366]
[-0.41941213607788086,-0.41884514689445496,-0.424283891916275,-0.385318785905838,1.440700650215149,3.414818286895752,2.5675711631774902,2.7079269886016846,2.7339444160461426,2.3199656009674072,3.3037497997283936,3.0675153732299805,3.410221815109253,3.200416326522827,3.0295917987823486,2.6867141723632812,2.6341567039489746,2.7643065452575684,2.0512211322784424,0.18055474758148193,-0.4103587865829468,-0.41103485226631165,-0.4200747609138489,-0.4201761484146118,-0.42127203941345215,-0.4204219877719879,-0.4212390184402466,-0.42039597034454346]
[-0.4143700897693634,-0.4128274917602539,-0.4276493489742279,-0.3345656394958496,1.185801386833191,2.6559338569641113,2.9928598403930664,2.2575843334198,2.5324437618255615,2.4010796546936035,3.5164878368377686,2.378035545349121,3.2454798221588135,2.971524715423584,2.5706984996795654,3.0710599422454834,2.420518159866333,1.476227879524231,-0.32728326320648193,-0.3998187780380249,-0.4072049558162689,-0.4130106568336487,-0.420939177274704,-0.41980475187301636,-0.4197118580341339,-0.42080870270729065,-0.4210236072540283,-0.4197939932346344]
[-0.4133641719818115,-0.41556769609451294,-0.42991119623184204,0.03067512810230255,1.8648874759674072,1.4770432710647583,2.0709474086761475,1.7469286918640137,2.0644185543060303,3.0678322315216064,3.081974744796753,2.1933836936950684,2.0944976806640625,2.4252421855926514,2.1793384552001953,2.3787927627563477,1.0578099489212036,-0.36799487471580505,-0.4021923840045929,-0.40787965059280396,-0.41391119360923767,-0.41538915038108826,-0.4215300679206848,-0.4207043945789337,-0.4225170612335205,-0.4200127422809601,-0.4207906424999237,-0.4206641614437103]
[-0.41104474663734436,-0.4175608158111572,-0.4337840974330902,0.2050856649875641,2.709064483642578,3.1975579261779785,3.430588483810425,2.298278570175171,2.461984634399414,2.519207715988159,2.9360201358795166,3.030672788619995,2.404067039489746,2.1137189865112305,1.0637797117233276,-0.10526789724826813,-0.39565983414649963,-0.4015253186225891,-0.40119221806526184,-0.41255736351013184,-0.41788357496261597,-0.4174407422542572,-0.419797420501709,-0.42028680443763733,-0.42129629850387573,-0.42026668787002563,-0.42135506868362427,-0.419706791639328]
[-0.4167631268501282,-0.4185638725757599,-0.4215819239616394,-0.3559022545814514,-0.29230934381484985,1.8398523330688477,4.434762477874756,3.2340569496154785,3.0288937091827393,3.3027842044830322,2.803338050842285,2.4919443130493164,0.6260921955108643,0.5671447515487671,-0.39151090383529663,-0.4063502550125122,-0.4157000482082367,-0.4056651294231415,-0.408617228269577,-0.41220325231552124,-0.4186004102230072,-0.41731977462768555,-0.41961729526519775,-0.4184812009334564,-0.4215846359729767,-0.41899633407592773,-0.42168354988098145,-0.42074307799339294]
[-0.41147369146347046,-0.4201047420501709,-0.41809380054473877,-0.415966659784317,-0.3367377519607544,-0.5642465353012085,1.3711720705032349,1.9627623558044434,2.6988086700439453,2.059502124786377,1.0429401397705078,0.22637227177619934,-0.38300490379333496,-0.3860394060611725,-0.3998422920703888,-0.40603816509246826,-0.4136278033256531,-0.4100840091705322,-0.4152379035949707,-0.41483768820762634,-0.41850775480270386,-0.41835853457450867,-0.4184328615665436,-0.419143408536911,-0.4202299118041992,-0.4203279912471771,-0.42055922746658325,-0.4188397228717804]
[-0.4160189628601074,-0.41817790269851685,-0.42123302817344666,-0.41655436158180237,-0.38655006885528564,-0.4295941889286041,-0.515365719795227,-0.48483049869537354,-0.5388416051864624,-0.4665871858596802,-0.413945734500885,-0.3928944170475006,-0.3986321985721588,-0.39645031094551086,-0.4105514883995056,-0.4092673063278198,-0.4144914150238037,-0.4139672815799713,-0.41752174496650696,-0.41552773118019104,-0.4183040261268616,-0.41731181740760803,-0.41953879594802856,-0.4181971848011017,-0.42086368799209595,-0.4204030930995941,-0.42052778601646423,-0.42038726806640625]
[-0.4176476299762726,-0.41683429479599,-0.42013320326805115,-0.4032871127128601,-0.3875034749507904,-0.40673965215682983,-0.41613835096359253,-0.4063480794429779,-0.37697717547416687,-0.40640074014663696,-0.38708212971687317,-0.3861021101474762,-0.3969176113605499,-0.40282896161079407,-0.41370850801467896,-0.41368094086647034,-0.4166138768196106,-0.4161354601383209,-0.41750985383987427,-0.41607916355133057,-0.41725459694862366,-0.41619229316711426,-0.41888394951820374,-0.4180697500705719,-0.4195736050605774,-0.41893503069877625,-0.41930562257766724,-0.4184434115886688]
[-0.4264279007911682,-0.41988471150398254,-0.4244261085987091,-0.41696199774742126,-0.41964149475097656,-0.40567490458488464,-0.4014599919319153,-0.3948259651660919,-0.38466134667396545,-0.39882153272628784,-0.395155668258667,-0.403483510017395,-0.4104132652282715,-0.41095420718193054,-0.41754040122032166,-0.41705670952796936,-0.4161096513271332,-0.41535037755966187,-0.41778942942619324,-0.4153381586074829,-0.41756218671798706,-0.4159718155860901,-0.4186776578426361,-0.4173354208469391,-0.41928160190582275,-0.417504221200943,-0.4185240566730499,-0.41629594564437866]
[-0.42294925451278687,-0.42545178532600403,-0.4252952039241791,-0.4228324294090271,-0.4295786917209625,-0.42437300086021423,-0.4071376323699951,-0.40185150504112244,-0.40771961212158203,-0.4118841290473938,-0.41036415100097656,-0.41866862773895264,-0.4177401065826416,-0.4157129228115082,-0.4180220663547516,-0.41729527711868286,-0.41748809814453125,-0.41669440269470215,-0.41900739073753357,-0.4181816577911377,-0.41832488775253296,-0.41664353013038635,-0.41925036907196045,-0.4149916172027588,-0.4159635901451111,-0.41198965907096863,-0.41396501660346985,-0.4091697037220001]
