[-0.41796496510505676,-0.4192671477794647,-0.41971972584724426,-0.41852355003356934,-0.420515239238739,-0.4195832908153534,-0.4190601706504822,-0.4203405976295471,-0.419948548078537,-0.41763612627983093,-0.41920360922813416,-0.4169740378856659,-0.4210161864757538,-0.4168701469898224,-0.4176635146141052,-0.41537049412727356,-0.4189017713069916,-0.4166424572467804,-0.4168773889541626,-0.4174692630767822,-0.4221526086330414,-0.4189356565475464,-0.4252648949623108,-0.4230384826660156,-0.4305993616580963,-0.42846667766571045,-0.4388316869735718,-0.4386286437511444]
[-0.41856849193573,-0.4197234511375427,-0.41888749599456787,-0.4179822504520416,-0.4184202253818512,-0.41938188672065735,-0.4197041690349579,-0.4186072051525116,-0.4190281927585602,-0.41850194334983826,-0.41919058561325073,-0.4176411032676697,-0.4203570783138275,-0.4173518121242523,-0.4161015748977661,-0.4130544066429138,-0.41681811213493347,-0.41233882308006287,-0.41255101561546326,-0.41178011894226074,-0.41643887758255005,-0.4139896035194397,-0.4188125729560852,-0.41892170906066895,-0.4262045621871948,-0.42765507102012634,-0.4225723147392273,-0.4298006296157837]
[-0.4203187823295593,-0.41891777515411377,-0.4189809560775757,-0.41867345571517944,-0.41897284984588623,-0.41793304681777954,-0.4201333820819855,-0.4188591539859772,-0.41926994919776917,-0.41724893450737,-0.41654300689697266,-0.4150489270687103,-0.4211268424987793,-0.41779014468193054,-0.41527459025382996,-0.41498249769210815,-0.4186234176158905,-0.41311126947402954,-0.4131389856338501,-0.4118567407131195,-0.41402480006217957,-0.41068050265312195,-0.4133104085922241,-0.421054869890213,-0.4215032756328583,-0.42266198992729187,-0.42098093032836914,-0.4214349687099457]
[-0.41972866654396057,-0.4188891351222992,-0.4187607169151306,-0.41742071509361267,-0.4189467132091522,-0.41825586557388306,-0.4196719229221344,-0.4173186421394348,-0.4188403785228729,-0.4149586856365204,-0.4174666106700897,-0.41399693489074707,-0.41961318254470825,-0.4146067202091217,-0.41824379563331604,-0.4156431257724762,-0.41848114132881165,-0.41590023040771484,-0.4148702621459961,-0.41441863775253296,-0.41320133209228516,-0.4135005474090576,-0.41558873653411865,-0.41855892539024353,-0.4175330102443695,-0.42181867361068726,-0.41825559735298157,-0.4200384318828583]
[-0.4195770025253296,-0.41850224137306213,-0.418580561876297,-0.41777294874191284,-0.4187364876270294,-0.41692468523979187,-0.4195537269115448,-0.41749730706214905,-0.4186927378177643,-0.4164866507053375,-0.41942277550697327,-0.4146093428134918,-0.41881194710731506,-0.4152281582355499,-0.41891512274742126,-0.4146483540534973,-0.41749686002731323,-0.4126645624637604,-0.4131958484649658,-0.40877535939216614,-0.40817689895629883,-0.4069218039512634,-0.41386470198631287,-0.4163752794265747,-0.41132110357284546,-0.4135879576206207,-0.4139164686203003,-0.4152553081512451]
[-0.4196092486381531,-0.418099582195282,-0.4185333847999573,-0.4173605740070343,-0.41897881031036377,-0.4174068868160248,-0.41910454630851746,-0.4173543155193329,-0.4193395972251892,-0.4153950810432434,-0.4222220778465271,-0.41611742973327637,-0.41286683082580566,-0.40802088379859924,-0.41480278968811035,-0.41396328806877136,-0.40853092074394226,-0.39691728353500366,-0.4051971435546875,-0.4057543873786926,-0.4075447916984558,-0.41260749101638794,-0.40886369347572327,-0.41083699464797974,-0.4132020175457001,-0.4123290777206421,-0.41236332058906555,-0.41290950775146484]
[-0.4201326072216034,-0.4184701442718506,-0.4194987118244171,-0.41848236322402954,-0.4179939925670624,-0.41627126932144165,-0.4170287251472473,-0.4146261513233185,-0.41366100311279297,-0.41109707951545715,-0.413063645362854,-0.38714268803596497,-0.38853010535240173,-0.39166632294654846,-0.3932727873325348,-0.32389262318611145,-0.3805926442146301,-0.3488726317882538,-0.38344866037368774,-0.3573300242424011,-0.4727160930633545,-0.4065038561820984,-0.3997894525527954,-0.4067544937133789,-0.4096275866031647,-0.4103359282016754,-0.41342151165008545,-0.4101642668247223]
[-0.4196969270706177,-0.41870731115341187,-0.4192010462284088,-0.4171268939971924,-0.4191514253616333,-0.4156154990196228,-0.41783806681632996,-0.416175901889801,-0.42431193590164185,-0.3842693567276001,-0.3801969885826111,-0.40605852007865906,-0.4708402156829834,0.3322356641292572,0.7121508121490479,0.7140241861343384,0.27919772267341614,0.8360371589660645,1.4974759817123413,1.551710844039917,1.3546233177185059,-0.36190465092658997,-0.3916204571723938,-0.40145668387413025,-0.40986523032188416,-0.40997204184532166,-0.41058337688446045,-0.4081529378890991]
[-0.4204278290271759,-0.4182637631893158,-0.41835641860961914,-0.4165559709072113,-0.41790565848350525,-0.412874698638916,-0.40795642137527466,-0.3975573182106018,-0.38634783029556274,-0.4349049925804138,1.2234306335449219,2.0229897499084473,2.8162896633148193,2.826585531234741,3.388481616973877,3.018827199935913,3.43765926361084,3.4614148139953613,2.7478652000427246,3.8092737197875977,2.636436700820923,-0.36270496249198914,-0.39651942253112793,-0.4048018455505371,-0.4141656756401062,-0.4128085672855377,-0.41480621695518494,-0.41216516494750977]
[-0.42028430104255676,-0.4193524420261383,-0.41732171177864075,-0.4165598154067993,-0.4142952263355255,-0.41099783778190613,-0.40270042419433594,-0.2038470357656479,1.9820141792297363,2.253455400466919,2.5769855976104736,2.5733895301818848,3.2732343673706055,2.1139674186706543,3.565725803375244,2.3932101726531982,2.2115323543548584,1.9805653095245361,2.643238067626953,2.255599021911621,2.5030555725097656,-0.37581774592399597,-0.39244744181632996,-0.40399056673049927,-0.4128269553184509,-0.41480836272239685,-0.41552457213401794,-0.4123733341693878]
[-0.42102721333503723,-0.41883987188339233,-0.41591134667396545,-0.4118538498878479,-0.412662148475647,-0.40907102823257446,-0.44550055265426636,1.4382672309875488,2.4082446098327637,2.0908312797546387,2.25146484375,2.3838655948638916,2.873599052429199,2.3714780807495117,2.401721477508545,1.1706804037094116,1.6059705018997192,2.596541166305542,2.5804715156555176,2.598299026489258,1.9280610084533691,-0.38421499729156494,-0.39035457372665405,-0.40338438749313354,-0.41581428050994873,-0.41611742973327637,-0.41723209619522095,-0.41580983996391296]
[-0.42040491104125977,-0.4191431701183319,-0.41591596603393555,-0.41353487968444824,-0.4017069637775421,-0.3834543824195862,1.3949487209320068,2.5133540630340576,2.4845666885375977,1.6184831857681274,0.26991045475006104,-0.3243791162967682,0.5746098756790161,1.2140010595321655,1.321945071220398,1.5233442783355713,1.18552565574646,2.0212881565093994,1.6374315023422241,3.190441370010376,2.385301351547241,-0.35394036769866943,-0.3974498510360718,-0.4080694317817688,-0.4154728949069977,-0.41680270433425903,-0.41866597533226013,-0.4164681136608124]
[-0.4204062819480896,-0.4179564118385315,-0.41379010677337646,-0.41254836320877075,-0.3840008080005646,-0.23116979002952576,2.039250373840332,2.359476089477539,1.4121830463409424,0.3182826340198517,-0.4136181175708771,-0.44398438930511475,-0.46077579259872437,-0.34806549549102783,-0.29236042499542236,-0.40919533371925354,-0.37961462140083313,0.9217677116394043,1.5299309492111206,3.1905934810638428,1.5917640924453735,-0.3570072054862976,-0.40350785851478577,-0.41081127524375916,-0.41765931248664856,-0.4173760414123535,-0.41975104808807373,-0.4192137122154236]
[-0.4196879267692566,-0.4185775816440582,-0.41416308283805847,-0.41388022899627686,-0.39609482884407043,0.40303078293800354,2.6869072914123535,1.977508544921875,2.0903091430664062,-0.11063864082098007,-0.3851529359817505,-0.3944894075393677,-0.42720481753349304,-0.4506711959838867,-0.39987024664878845,-0.38194015622138977,-0.4149729013442993,-0.2582475543022156,2.707958221435547,3.1779284477233887,1.2541158199310303,-0.37093693017959595,-0.40678760409355164,-0.4133557975292206,-0.4191596508026123,-0.41863635182380676,-0.4211209714412689,-0.41990870237350464]
[-0.41927894949913025,-0.41781795024871826,-0.4129698872566223,-0.41333383321762085,-0.3918590843677521,0.10118696093559265,2.898773670196533,2.244445562362671,1.918628454208374,-0.40488937497138977,-0.39961138367652893,-0.40620189905166626,-0.42196664214134216,-0.4175204932689667,-0.4238584637641907,-0.40540340542793274,-0.4681369662284851,1.097362995147705,2.954693078994751,2.9820330142974854,-0.30650466680526733,-0.3831124007701874,-0.4087502360343933,-0.41482245922088623,-0.41799503564834595,-0.41835397481918335,-0.4213387370109558,-0.42064234614372253]
[-0.41790735721588135,-0.41722723841667175,-0.41330036520957947,-0.4101783037185669,-0.38425004482269287,-0.34771186113357544,-0.08747619390487671,2.631093978881836,0.7498769760131836,-0.38597509264945984,-0.40137672424316406,-0.40898847579956055,-0.4181383550167084,-0.41681790351867676,-0.4227263629436493,-0.38423773646354675,-0.4093281030654907,2.3610644340515137,2.603487491607666,2.3334317207336426,-0.3688955307006836,-0.39506033062934875,-0.40864333510398865,-0.4168030917644501,-0.4192223846912384,-0.4191761910915375,-0.4210212528705597,-0.4215123951435089]
[-0.4196741580963135,-0.4181183874607086,-0.41340872645378113,-0.41244029998779297,-0.39525115489959717,-0.4075443744659424,-0.43002575635910034,0.010242551565170288,-0.34284424781799316,-0.4063148498535156,-0.4069935381412506,-0.42343786358833313,-0.4155442714691162,-0.41291218996047974,-0.4039606750011444,-0.4888627529144287,1.4427717924118042,2.436485528945923,2.7316770553588867,-0.21795496344566345,-0.38197118043899536,-0.40000033378601074,-0.41565680503845215,-0.41590550541877747,-0.42094457149505615,-0.419987291097641,-0.4206819236278534,-0.4219115376472473]
[-0.42026394605636597,-0.41829541325569153,-0.41571202874183655,-0.41158995032310486,-0.40597599744796753,-0.40380215644836426,-0.39418530464172363,-0.4008767902851105,-0.4107775390148163,-0.40985286235809326,-0.40712347626686096,-0.4148898720741272,-0.41351550817489624,-0.4128725528717041,-0.4035530984401703,0.4046280086040497,2.989553213119507,2.40531325340271,1.9738812446594238,-0.3262109160423279,-0.3889996409416199,-0.4075556993484497,-0.41859766840934753,-0.4172523617744446,-0.42064714431762695,-0.4195323586463928,-0.4209041893482208,-0.4221148192882538]
[-0.42057111859321594,-0.41701802611351013,-0.4148479700088501,-0.41258224844932556,-0.41239944100379944,-0.41090935468673706,-0.4113026559352875,-0.41159588098526,-0.4108699560165405,-0.410486102104187,-0.4032362401485443,-0.40995877981185913,-0.3914722502231598,-0.34312957525253296,1.512795090675354,2.9215381145477295,3.0363218784332275,1.6558113098144531,-0.3658871650695801,-0.3837713301181793,-0.40450528264045715,-0.40968820452690125,-0.41669443249702454,-0.41592493653297424,-0.4209425747394562,-0.41996270418167114,-0.4215053915977478,-0.4215686321258545]
[-0.4184877276420593,-0.4152098596096039,-0.41641369462013245,-0.4157188832759857,-0.4180331230163574,-0.41507282853126526,-0.41318440437316895,-0.4114260971546173,-0.41126251220703125,-0.41234123706817627,-0.4073016345500946,-0.40824419260025024,0.12094239890575409,2.0335450172424316,2.5141093730926514,2.7640304565429688,1.5593003034591675,-0.3080921769142151,-0.3980099558830261,-0.39738133549690247,-0.4110294580459595,-0.4130620062351227,-0.41788503527641296,-0.41792088747024536,-0.42029762268066406,-0.4192388653755188,-0.42087522149086,-0.42157161235809326]
[-0.4192814230918884,-0.4160793125629425,-0.4161488115787506,-0.41348934173583984,-0.4160962700843811,-0.412109375,-0.4141479730606079,-0.41137564182281494,-0.4123327136039734,-0.41203537583351135,-0.4008640646934509,-0.393103688955307,1.9381420612335205,2.2919130325317383,2.705078125,2.2499914169311523,-0.3716198801994324,-0.39083561301231384,-0.40545615553855896,-0.4008045196533203,-0.41132354736328125,-0.4128732979297638,-0.4179318845272064,-0.4177001118659973,-0.41961851716041565,-0.41854849457740784,-0.4210751950740814,-0.4211937189102173]
[-0.419968843460083,-0.41761961579322815,-0.4166605472564697,-0.4143613576889038,-0.41693562269210815,-0.4133925139904022,-0.4157105088233948,-0.4103375971317291,-0.41339367628097534,-0.4121365249156952,-0.38738182187080383,-0.38937824964523315,2.7809500694274902,2.8457443714141846,2.535167694091797,-0.2464086413383484,-0.3825668692588806,-0.3880111277103424,-0.403795063495636,-0.40812188386917114,-0.41590821743011475,-0.41501742601394653,-0.417771577835083,-0.4189583957195282,-0.4191116690635681,-0.41912341117858887,-0.42139115929603577,-0.42120063304901123]
[-0.4206112027168274,-0.4181923568248749,-0.41640642285346985,-0.41544148325920105,-0.415915846824646,-0.4153440594673157,-0.41740795969963074,-0.41294875741004944,-0.41459888219833374,-0.41267675161361694,-0.3662530481815338,-0.2761780619621277,3.3629608154296875,2.9625422954559326,0.8556640148162842,-0.3135837912559509,-0.39639201760292053,-0.3932221829891205,-0.4093745946884155,-0.40997809171676636,-0.4157666265964508,-0.4146711230278015,-0.41708216071128845,-0.4178856611251831,-0.4188811182975769,-0.4202505350112915,-0.4210686981678009,-0.4203527271747589]
[-0.41917043924331665,-0.41732943058013916,-0.4170445203781128,-0.415634423494339,-0.4150144159793854,-0.4136090576648712,-0.4178783893585205,-0.41452836990356445,-0.41281068325042725,-0.4105414152145386,-0.379444420337677,0.10689185559749603,2.5160632133483887,2.5520284175872803,-0.4320646822452545,-0.35647818446159363,-0.40214335918426514,-0.40151718258857727,-0.4113296568393707,-0.4150214195251465,-0.4179012179374695,-0.41564008593559265,-0.4179363250732422,-0.4174770712852478,-0.4195420444011688,-0.41965973377227783,-0.4210706055164337,-0.42084208130836487]
[-0.41954171657562256,-0.4173259139060974,-0.4182182252407074,-0.4167475998401642,-0.4162616729736328,-0.41566672921180725,-0.41928189992904663,-0.4162362217903137,-0.4163917899131775,-0.4143401086330414,-0.4038529694080353,0.23204004764556885,3.747325897216797,2.482693910598755,-0.43632206320762634,-0.38581252098083496,-0.40489521622657776,-0.40654507279396057,-0.41415709257125854,-0.4144967496395111,-0.41848471760749817,-0.4162939786911011,-0.4176872670650482,-0.41693487763404846,-0.4193105697631836,-0.418470174074173,-0.4213564395904541,-0.42095938324928284]
[-0.4192616641521454,-0.41884908080101013,-0.418922483921051,-0.4192988872528076,-0.41778451204299927,-0.4174075722694397,-0.41993650794029236,-0.4186822474002838,-0.414434552192688,-0.4147617518901825,0.03762388229370117,3.9923782348632812,4.477339744567871,1.2710868120193481,-0.4126531779766083,-0.39956697821617126,-0.4085531532764435,-0.4098040461540222,-0.41657349467277527,-0.4168356657028198,-0.41632241010665894,-0.41642773151397705,-0.41895920038223267,-0.4174177348613739,-0.4206574559211731,-0.4182928502559662,-0.4209778904914856,-0.4207794964313507]
[-0.41997313499450684,-0.41918107867240906,-0.42110753059387207,-0.42006707191467285,-0.4195370674133301,-0.41671109199523926,-0.41900354623794556,-0.41876479983329773,-0.4099680185317993,-0.41424012184143066,0.328261137008667,2.5332610607147217,2.2204339504241943,-0.2434738129377365,-0.4084896147251129,-0.40299537777900696,-0.4135744273662567,-0.41746100783348083,-0.4181738793849945,-0.41695454716682434,-0.41847917437553406,-0.41560760140419006,-0.4186474680900574,-0.4164772927761078,-0.42083731293678284,-0.4175993502140045,-0.42019692063331604,-0.4208643138408661]
[-0.4162311255931854,-0.4205200672149658,-0.4204217493534088,-0.42071327567100525,-0.41949179768562317,-0.4184020757675171,-0.4197997748851776,-0.4189133942127228,-0.4109393060207367,-0.4174373149871826,0.060988977551460266,1.4414548873901367,0.5270013809204102,-0.3671163320541382,-0.39974039793014526,-0.4065743684768677,-0.40981897711753845,-0.4076167345046997,-0.412948340177536,-0.41736507415771484,-0.417414128780365,-0.4170416295528412,-0.41826167702674866,-0.4181559085845947,-0.42014655470848083,-0.42030462622642517,-0.4204922914505005,-0.4209822714328766]
