[-0.4172670841217041,-0.4189192056655884,-0.4198709726333618,-0.4183490574359894,-0.4203489124774933,-0.41966041922569275,-0.42054492235183716,-0.42071855068206787,-0.4216533601284027,-0.4189181327819824,-0.422113299369812,-0.42026758193969727,-0.42318522930145264,-0.4174460768699646,-0.4178503453731537,-0.41681936383247375,-0.416841596364975,-0.41502049565315247,-0.4145086109638214,-0.4161718189716339,-0.4162268042564392,-0.41792190074920654,-0.4185199439525604,-0.41839370131492615,-0.4196259677410126,-0.4177227020263672,-0.41629981994628906,-0.41303154826164246]
[-0.4177907407283783,-0.4199707508087158,-0.41854381561279297,-0.4168016016483307,-0.41948744654655457,-0.4188435673713684,-0.41935598850250244,-0.4175931513309479,-0.41974741220474243,-0.4177432060241699,-0.419967383146286,-0.4170178771018982,-0.4193663001060486,-0.4144863784313202,-0.4167950451374054,-0.4145621657371521,-0.41817721724510193,-0.41280093789100647,-0.41296976804733276,-0.41242486238479614,-0.4145042896270752,-0.41480907797813416,-0.41559964418411255,-0.4151911735534668,-0.41759365797042847,-0.41707971692085266,-0.4188295900821686,-0.41971156001091003]
[-0.4199424982070923,-0.41926294565200806,-0.4181253910064697,-0.4161031246185303,-0.41771867871284485,-0.4180094003677368,-0.418102502822876,-0.4190593361854553,-0.42020487785339355,-0.41937652230262756,-0.4187004268169403,-0.41586729884147644,-0.4155344069004059,-0.4183090329170227,-0.41267821192741394,-0.40960898995399475,-0.4126439392566681,-0.41281670331954956,-0.4136386513710022,-0.410633385181427,-0.4163500666618347,-0.4155326187610626,-0.41552722454071045,-0.41492924094200134,-0.4164290726184845,-0.4180183410644531,-0.4184463620185852,-0.4202423393726349]
[-0.4198746383190155,-0.4190111458301544,-0.41803276538848877,-0.4158991575241089,-0.41779106855392456,-0.41708651185035706,-0.4165514409542084,-0.41720688343048096,-0.42168402671813965,-0.4140069782733917,-0.414963036775589,-0.4091576337814331,-0.40693995356559753,-0.39567437767982483,-0.40038001537323,-0.40300798416137695,-0.413579523563385,-0.415601909160614,-0.41666510701179504,-0.4153110980987549,-0.4161170721054077,-0.4145306944847107,-0.41579529643058777,-0.4164329171180725,-0.41756731271743774,-0.4176180362701416,-0.4191775918006897,-0.4202924966812134]
[-0.4192623198032379,-0.41884687542915344,-0.41724467277526855,-0.41568723320961,-0.41562727093696594,-0.41350018978118896,-0.4118914306163788,-0.40692439675331116,-0.39962315559387207,-0.39235803484916687,-0.4036058187484741,-0.46080610156059265,-0.4271545112133026,-0.3749881684780121,-0.39814653992652893,-0.3809816539287567,-0.39357107877731323,-0.4063195586204529,-0.40994641184806824,-0.41271206736564636,-0.4113420844078064,-0.4105280935764313,-0.416363388299942,-0.41362518072128296,-0.4166082441806793,-0.41762852668762207,-0.4188041090965271,-0.42060235142707825]
[-0.419207900762558,-0.4181031882762909,-0.4158937931060791,-0.41525739431381226,-0.41466882824897766,-0.415116548538208,-0.409275084733963,-0.41051799058914185,-0.41186925768852234,-0.21171338856220245,-0.21942853927612305,0.2676757574081421,1.2800559997558594,0.9437299966812134,0.059608861804008484,-0.3771089017391205,-0.39174479246139526,-0.3927079439163208,-0.39196932315826416,-0.40584442019462585,-0.4112219214439392,-0.4106301963329315,-0.41506582498550415,-0.41394302248954773,-0.41718509793281555,-0.41716381907463074,-0.4197390377521515,-0.41973501443862915]
[-0.4197731912136078,-0.4175046384334564,-0.4173934757709503,-0.41418328881263733,-0.4134123623371124,-0.4140320420265198,-0.4287968575954437,1.338623046875,2.9207613468170166,2.989830255508423,3.3471767902374268,2.4741220474243164,3.0796639919281006,3.31919002532959,2.692087411880493,3.454366445541382,1.7535779476165771,-0.061917029321193695,-0.3662888705730438,-0.40958037972450256,-0.40452226996421814,-0.406149685382843,-0.4123356342315674,-0.4141276776790619,-0.4169353246688843,-0.41771093010902405,-0.41925808787345886,-0.4196106493473053]
[-0.4195842444896698,-0.41837719082832336,-0.4166209399700165,-0.41476908326148987,-0.41248393058776855,-0.4107097387313843,-0.0010852813720703125,3.030829906463623,2.737283945083618,1.6179994344711304,2.582293748855591,0.8896085023880005,2.976734161376953,2.7764339447021484,2.4109206199645996,3.0466885566711426,3.128354787826538,2.044543981552124,0.3968512713909149,-0.38874393701553345,-0.4038601815700531,-0.40626293420791626,-0.41206488013267517,-0.4149009585380554,-0.41641002893447876,-0.41718417406082153,-0.41967496275901794,-0.41913068294525146]
[-0.4207119941711426,-0.4174579977989197,-0.41655033826828003,-0.414765864610672,-0.4113554060459137,-0.41299501061439514,-0.16395831108093262,2.4289705753326416,1.5251396894454956,2.700063943862915,2.4076783657073975,0.4153348505496979,0.6040604114532471,0.4459203779697418,2.3266730308532715,1.3434879779815674,2.3137426376342773,2.3741037845611572,2.5149900913238525,0.7494630813598633,-0.38716188073158264,-0.4082571268081665,-0.41104963421821594,-0.4130910038948059,-0.4176996350288391,-0.4169639050960541,-0.41895821690559387,-0.4193490147590637]
[-0.4215160310268402,-0.4180338680744171,-0.41666048765182495,-0.41517749428749084,-0.4153509736061096,-0.4073481857776642,-0.27954626083374023,2.928489923477173,2.86894154548645,1.3185153007507324,1.5544180870056152,-0.3542565107345581,-0.3236368000507355,-0.39241644740104675,-0.28973841667175293,-0.34685802459716797,0.8844666481018066,2.2863099575042725,3.456589460372925,2.2714993953704834,-0.3024589419364929,-0.39979109168052673,-0.4121110439300537,-0.41244634985923767,-0.4186198115348816,-0.418504923582077,-0.4196857810020447,-0.4189419150352478]
[-0.4207218587398529,-0.4169091582298279,-0.41617557406425476,-0.41295334696769714,-0.41951417922973633,-0.4083138108253479,-0.23502838611602783,1.4358679056167603,3.2545511722564697,1.898817777633667,0.020227432250976562,-0.35843271017074585,-0.3634951412677765,-0.3954232335090637,-0.3702075481414795,-0.4648705720901489,-0.22245177626609802,1.586731195449829,3.3795523643493652,3.3605589866638184,1.1271108388900757,-0.38438093662261963,-0.40710681676864624,-0.410427451133728,-0.4183303117752075,-0.41784000396728516,-0.41828322410583496,-0.4179101288318634]
[-0.4190877377986908,-0.4184808135032654,-0.41686365008354187,-0.41472360491752625,-0.41810423135757446,-0.40884482860565186,-0.35471129417419434,-0.3455773591995239,-0.4323694705963135,-0.3289802670478821,-0.3869174122810364,-0.3903143107891083,-0.38631919026374817,-0.40757548809051514,-0.38564735651016235,-0.40186628699302673,-0.37952783703804016,-0.32934045791625977,1.1354246139526367,3.0922446250915527,1.9141747951507568,-0.35655152797698975,-0.404925674200058,-0.40915849804878235,-0.4172365069389343,-0.4179809093475342,-0.41825634241104126,-0.417685329914093]
[-0.4199012815952301,-0.4173431396484375,-0.41878625750541687,-0.41485849022865295,-0.41946783661842346,-0.41109028458595276,-0.3966968059539795,-0.3879440724849701,-0.400238960981369,-0.40173205733299255,-0.4177559018135071,-0.45386412739753723,-0.4139752686023712,-0.37042978405952454,-0.41011449694633484,-0.4098281264305115,-0.41941869258880615,-0.46652504801750183,-0.605574369430542,2.4832160472869873,2.1744723320007324,-0.34347254037857056,-0.40912890434265137,-0.4092577397823334,-0.41564300656318665,-0.41682517528533936,-0.4198714792728424,-0.41827327013015747]
[-0.42152759432792664,-0.4180923402309418,-0.4184708893299103,-0.416515976190567,-0.4190431535243988,-0.41509848833084106,-0.40648919343948364,-0.40887781977653503,-0.4051819443702698,-0.4156712591648102,-0.41992926597595215,0.44143638014793396,0.911578893661499,0.5577107667922974,-0.4192333519458771,-0.39788275957107544,-0.41392120718955994,-0.43229252099990845,-0.4893800914287567,2.281836986541748,2.3425121307373047,-0.353060245513916,-0.40835869312286377,-0.4120817184448242,-0.41778796911239624,-0.41887980699539185,-0.4200960397720337,-0.4173521399497986]
[-0.4202130436897278,-0.417082816362381,-0.41830548644065857,-0.41604313254356384,-0.4204990267753601,-0.418532133102417,-0.41413238644599915,-0.41587740182876587,-0.4166491627693176,-0.42455512285232544,-0.07060667127370834,2.464024066925049,3.200155735015869,2.0868401527404785,-0.19000166654586792,-0.4133633077144623,-0.4153774082660675,-0.38004356622695923,1.1233857870101929,2.5222280025482178,1.451350450515747,-0.3497884273529053,-0.4021306335926056,-0.40928176045417786,-0.4156087040901184,-0.4187297523021698,-0.42111507058143616,-0.417455792427063]
[-0.41998493671417236,-0.41795656085014343,-0.4185381829738617,-0.4175417721271515,-0.41984662413597107,-0.41830164194107056,-0.4161953032016754,-0.4162284731864929,-0.4132319390773773,-0.4200167655944824,-0.23682186007499695,2.5414083003997803,2.652613639831543,-0.03371039032936096,-0.4078564941883087,-0.3972418010234833,-0.40720823407173157,0.5514830350875854,2.0734689235687256,3.0903096199035645,0.8397297859191895,-0.37044602632522583,-0.40513285994529724,-0.4139532744884491,-0.41817817091941833,-0.4177837669849396,-0.42043453454971313,-0.4171310067176819]
[-0.42014673352241516,-0.41846132278442383,-0.4188297688961029,-0.4187140166759491,-0.4176197350025177,-0.4166353642940521,-0.4150581657886505,-0.41221311688423157,-0.40933820605278015,-0.4258366823196411,-0.6860525608062744,-0.3290165066719055,0.08024436235427856,-0.3469810485839844,-0.4196729063987732,-0.5693380832672119,0.640591025352478,2.0794262886047363,2.8882601261138916,2.721712827682495,-0.3461756110191345,-0.3903074860572815,-0.40863946080207825,-0.41422268748283386,-0.4177151620388031,-0.4173294007778168,-0.4223301410675049,-0.41808950901031494]
[-0.4189392626285553,-0.4167611002922058,-0.4173896014690399,-0.4184194803237915,-0.41705188155174255,-0.4171312153339386,-0.41967687010765076,-0.44539719820022583,-0.42388007044792175,-0.4202093183994293,-0.5732179880142212,-0.5790988206863403,-0.2743804454803467,-0.3892737627029419,-0.42430171370506287,-0.1423986256122589,2.9760944843292236,2.493330240249634,2.7237915992736816,0.9984167814254761,-0.38386398553848267,-0.40187591314315796,-0.4127572774887085,-0.41560399532318115,-0.418809711933136,-0.4181647002696991,-0.42118892073631287,-0.4194987416267395]
[-0.4204435646533966,-0.41794148087501526,-0.4179982542991638,-0.4188936948776245,-0.41669848561286926,-0.416259229183197,-0.43177133798599243,0.6214243173599243,0.41640475392341614,-0.3167600631713867,-0.36710602045059204,-0.34350836277008057,0.23073995113372803,-0.08343986421823502,1.6325759887695312,2.450960397720337,2.947476387023926,2.7065579891204834,0.5915262699127197,-0.3020540773868561,-0.3960447907447815,-0.4070819914340973,-0.416904091835022,-0.41643181443214417,-0.41891735792160034,-0.418448805809021,-0.4210894703865051,-0.41839054226875305]
[-0.4185780882835388,-0.41800615191459656,-0.41655233502388,-0.41955050826072693,-0.41711869835853577,-0.4158880412578583,-0.04721315950155258,3.2127277851104736,2.67714262008667,2.5645391941070557,2.754931688308716,2.5716922283172607,3.48604154586792,2.992293119430542,3.1655917167663574,2.882937431335449,2.432180643081665,1.4468151330947876,-0.3866617679595947,-0.37912434339523315,-0.40919071435928345,-0.4118800759315491,-0.41842517256736755,-0.4169982969760895,-0.41864749789237976,-0.4176415503025055,-0.4196318984031677,-0.4198381304740906]
[-0.4190785884857178,-0.41871777176856995,-0.4174560606479645,-0.4167032241821289,-0.41534873843193054,-0.4130871593952179,-0.31257838010787964,2.9533751010894775,2.549293279647827,2.6567163467407227,2.3697497844696045,2.983962297439575,1.8217774629592896,2.264554738998413,2.989969253540039,2.4850189685821533,0.09598983824253082,-0.301403284072876,-0.3981471061706543,-0.39442312717437744,-0.4147306978702545,-0.41471555829048157,-0.4190547466278076,-0.41849836707115173,-0.4203277826309204,-0.4188726842403412,-0.4201393127441406,-0.4208678603172302]
[-0.42039382457733154,-0.41798922419548035,-0.4162326753139496,-0.41650155186653137,-0.4154566526412964,-0.4093771278858185,-0.38447222113609314,2.1644954681396484,2.6313023567199707,1.8819317817687988,2.57523775100708,1.5312873125076294,2.7347922325134277,2.4794816970825195,0.7982081174850464,-0.30110371112823486,-0.38818538188934326,-0.37643590569496155,-0.3993986248970032,-0.40741363167762756,-0.4156854748725891,-0.4154819846153259,-0.4183330535888672,-0.41827821731567383,-0.4192327558994293,-0.41905537247657776,-0.4206157624721527,-0.42089366912841797]
[-0.4211709499359131,-0.4158118963241577,-0.4176692068576813,-0.4160926342010498,-0.416217178106308,-0.4122154712677002,-0.3945794999599457,-0.45075538754463196,1.9037930965423584,2.2002365589141846,2.9124631881713867,3.1629281044006348,1.9829649925231934,-0.2872966527938843,-0.3196014165878296,-0.407252699136734,-0.40632373094558716,-0.3965265154838562,-0.4103803038597107,-0.4077461361885071,-0.4165708124637604,-0.4150717556476593,-0.4192848205566406,-0.4188377559185028,-0.4189593195915222,-0.4192642867565155,-0.4196850657463074,-0.42023447155952454]
[-0.41839832067489624,-0.4170125126838684,-0.41664618253707886,-0.41521525382995605,-0.4184681177139282,-0.4124632477760315,-0.40287625789642334,-0.3770982027053833,-0.3005465865135193,-0.33529266715049744,-0.4728933274745941,-0.11333620548248291,-0.48126503825187683,-0.3271106481552124,-0.39463940262794495,-0.40929505228996277,-0.41071420907974243,-0.4048976004123688,-0.4122358560562134,-0.4137175381183624,-0.4173613488674164,-0.4162359833717346,-0.4182998239994049,-0.41824066638946533,-0.4195432662963867,-0.41930481791496277,-0.4200277626514435,-0.42019614577293396]
[-0.4192033112049103,-0.4179331958293915,-0.4192163348197937,-0.4149651527404785,-0.41866761445999146,-0.4141824245452881,-0.41481637954711914,-0.40917402505874634,-0.39529862999916077,-0.39572662115097046,-0.38994666934013367,-0.3854764997959137,-0.3884265422821045,-0.4045489728450775,-0.41515281796455383,-0.40677911043167114,-0.4150015711784363,-0.4103674590587616,-0.41453054547309875,-0.41391125321388245,-0.4167661964893341,-0.41525891423225403,-0.41810232400894165,-0.4177602529525757,-0.41956472396850586,-0.4185906946659088,-0.42013171315193176,-0.4202454686164856]
[-0.4193917214870453,-0.4171297550201416,-0.41910436749458313,-0.4157453775405884,-0.42000114917755127,-0.4165708124637604,-0.41465553641319275,-0.42241328954696655,-0.4010210335254669,-0.39324551820755005,-0.3768236041069031,-0.38291358947753906,-0.397103488445282,-0.40661734342575073,-0.40343087911605835,-0.4061846137046814,-0.41729041934013367,-0.41271036863327026,-0.41469210386276245,-0.41422948241233826,-0.41380760073661804,-0.4166886508464813,-0.41859757900238037,-0.41895848512649536,-0.41984274983406067,-0.4184185862541199,-0.4200534224510193,-0.4199604392051697]
[-0.4205353856086731,-0.4196099638938904,-0.4212436079978943,-0.4159719944000244,-0.42031893134117126,-0.4158138930797577,-0.41126376390457153,-0.41936713457107544,-0.42155298590660095,-0.4106816351413727,-0.40337392687797546,-0.4062817394733429,-0.40548452734947205,-0.41193652153015137,-0.4158304035663605,-0.4156687557697296,-0.415862113237381,-0.4132169187068939,-0.4162609279155731,-0.4173268675804138,-0.416203111410141,-0.4168861210346222,-0.4192073941230774,-0.41886916756629944,-0.419524610042572,-0.4178647994995117,-0.4198692739009857,-0.4195981025695801]
[-0.41827842593193054,-0.4208528399467468,-0.41856756806373596,-0.41790586709976196,-0.4218873083591461,-0.4226265549659729,-0.42123597860336304,-0.4239289164543152,-0.42526331543922424,-0.40994900465011597,-0.40483009815216064,-0.4040723741054535,-0.4076467752456665,-0.40869075059890747,-0.41754820942878723,-0.4158417284488678,-0.41511955857276917,-0.4154251217842102,-0.4176233410835266,-0.41855353116989136,-0.41642263531684875,-0.41692543029785156,-0.41863372921943665,-0.4197854697704315,-0.4191916286945343,-0.4195302426815033,-0.4190389811992645,-0.41943106055259705]
