[-0.1549215018749237,-0.31910815834999084,-0.416960209608078,-0.41553449630737305,-0.4182826280593872,-0.4174175262451172,-0.4190619885921478,-0.41724836826324463,-0.4209789037704468,-0.4193088114261627,-0.4241575002670288,-0.41970497369766235,-0.42885059118270874,-0.42598044872283936,-0.42493999004364014,-0.42127886414527893,-0.418430894613266,-0.4149041473865509,-0.41592592000961304,-0.4156379699707031,-0.4125370383262634,-0.41246703267097473,-0.4170771539211273,-0.41662687063217163,-0.41267749667167664,-0.41250860691070557,-0.4143564999103546,-0.41004008054733276]
[-0.27691948413848877,-0.40525463223457336,-0.41792261600494385,-0.418403685092926,-0.4201267659664154,-0.41725626587867737,-0.41784539818763733,-0.4161674976348877,-0.4194730222225189,-0.4163840711116791,-0.41871896386146545,-0.416770875453949,-0.4291418790817261,-0.41976508498191833,-0.4185926616191864,-0.41765475273132324,-0.4207488000392914,-0.41354259848594666,-0.4149791896343231,-0.4128720462322235,-0.41142264008522034,-0.4130260944366455,-0.41649243235588074,-0.4177452623844147,-0.41612663865089417,-0.4158470630645752,-0.41754406690597534,-0.4155961871147156]
[-0.25682294368743896,-0.38666024804115295,-0.4107772409915924,-0.41532763838768005,-0.4190826416015625,-0.41773098707199097,-0.41883352398872375,-0.4168025851249695,-0.4184299111366272,-0.4169532358646393,-0.4183661937713623,-0.4198150336742401,-0.42836761474609375,-0.43485644459724426,-0.4145202040672302,-0.4227994382381439,-0.4202444553375244,-0.41888055205345154,-0.41553398966789246,-0.41290807723999023,-0.41571956872940063,-0.4139418601989746,-0.4169747829437256,-0.41513240337371826,-0.4176635146141052,-0.41686931252479553,-0.4192653298377991,-0.4182640612125397]
[0.27891823649406433,-0.1156325712800026,-0.40972900390625,-0.4155678451061249,-0.419158011674881,-0.41815558075904846,-0.4193768799304962,-0.41810062527656555,-0.41944801807403564,-0.41865336894989014,-0.4192795157432556,-0.4243624210357666,-0.43406569957733154,-0.5069820880889893,-0.5256795883178711,-0.3996981680393219,-0.3794523775577545,-0.41503575444221497,-0.40949562191963196,-0.4137120842933655,-0.41631847620010376,-0.41525477170944214,-0.41777071356773376,-0.41821977496147156,-0.4184085726737976,-0.42009061574935913,-0.41906335949897766,-0.4197271168231964]
[0.7282129526138306,-0.37950852513313293,-0.41398540139198303,-0.41493862867355347,-0.41916146874427795,-0.41812485456466675,-0.419716477394104,-0.4163992404937744,-0.41535767912864685,-0.41786712408065796,-0.4562341570854187,-0.15921694040298462,0.9392285346984863,2.272292137145996,1.3703827857971191,-0.5631246566772461,-0.35837674140930176,-0.40312930941581726,-0.4019240438938141,-0.4026320278644562,-0.4141711890697479,-0.4168722629547119,-0.41528600454330444,-0.41557106375694275,-0.41843265295028687,-0.41942116618156433,-0.41874393820762634,-0.4202588200569153]
[0.8175022602081299,-0.3904869854450226,-0.4180029332637787,-0.4165845811367035,-0.4197995960712433,-0.41852566599845886,-0.41879239678382874,-0.4180084764957428,-0.4144083559513092,-0.4173010289669037,0.9141297340393066,3.0201070308685303,3.387087106704712,1.8670469522476196,3.77075457572937,3.709489107131958,2.3265178203582764,0.3679705560207367,-0.39601343870162964,-0.3977093994617462,-0.4084097743034363,-0.4142763614654541,-0.4172411561012268,-0.41666650772094727,-0.4185141623020172,-0.41924741864204407,-0.4190526604652405,-0.41907602548599243]
[-0.13606353104114532,-0.4015827476978302,-0.4182339608669281,-0.41833600401878357,-0.42023593187332153,-0.4185805916786194,-0.41915252804756165,-0.41667041182518005,-0.4098345637321472,-0.4313564896583557,1.4802725315093994,2.6774163246154785,2.649756908416748,1.5465229749679565,2.4098386764526367,3.0093064308166504,3.0546720027923584,2.124257802963257,-0.3676520884037018,-0.3979445993900299,-0.4055131673812866,-0.4121086895465851,-0.4163363575935364,-0.4159114360809326,-0.4180521070957184,-0.4182382822036743,-0.4203232228755951,-0.41994237899780273]
[-0.3953152298927307,-0.4129025936126709,-0.4181061089038849,-0.41835469007492065,-0.4192112684249878,-0.41841647028923035,-0.42003560066223145,-0.4173593819141388,-0.4093124270439148,-0.43046650290489197,0.2798837721347809,2.3918566703796387,2.7853991985321045,2.381178617477417,1.456707239151001,1.5167158842086792,2.2339282035827637,1.874590277671814,0.05677548050880432,-0.40470051765441895,-0.40136799216270447,-0.41303297877311707,-0.4162541627883911,-0.4167608320713043,-0.418134480714798,-0.4179026186466217,-0.4197734594345093,-0.41839244961738586]
[-0.41808104515075684,-0.4189837872982025,-0.4189356565475464,-0.4186972677707672,-0.41911253333091736,-0.41806769371032715,-0.41939544677734375,-0.41729140281677246,-0.41077449917793274,-0.4228462874889374,-0.13152000308036804,1.5543617010116577,2.4999566078186035,3.471252918243408,2.782531261444092,2.428568124771118,2.8294453620910645,2.0865941047668457,0.1286507546901703,-0.36924201250076294,-0.3998583257198334,-0.41075336933135986,-0.4161740839481354,-0.41435274481773376,-0.41740357875823975,-0.4170539975166321,-0.4198775589466095,-0.41822826862335205]
[-0.4225828945636749,-0.41970428824424744,-0.4193893074989319,-0.4193740487098694,-0.4190213680267334,-0.4180365204811096,-0.41828376054763794,-0.41626277565956116,-0.4103313982486725,-0.4151540696620941,-0.3694666922092438,1.5543010234832764,2.280367136001587,2.0368363857269287,3.3128626346588135,2.9474711418151855,2.8776588439941406,2.148514747619629,0.10633789002895355,-0.3692513406276703,-0.4054116904735565,-0.413856565952301,-0.41697683930397034,-0.4147151708602905,-0.4174247980117798,-0.4175158739089966,-0.4180563688278198,-0.41738176345825195]
[-0.4211909770965576,-0.4193801283836365,-0.41933926939964294,-0.4196334183216095,-0.4190113842487335,-0.4167364537715912,-0.41615980863571167,-0.41419363021850586,-0.4107078015804291,-0.3596802055835724,0.5528659820556641,1.9946296215057373,2.645655393600464,2.015674114227295,2.3707618713378906,3.3057239055633545,2.8696889877319336,2.447033643722534,-0.3302972912788391,-0.3849177062511444,-0.40711015462875366,-0.4140999913215637,-0.41767507791519165,-0.4151935279369354,-0.4184279441833496,-0.418045312166214,-0.41863319277763367,-0.4179455041885376]
[-0.4205178916454315,-0.4193488657474518,-0.41875386238098145,-0.4192032516002655,-0.41892126202583313,-0.4167077839374542,-0.4159090220928192,-0.4143969416618347,-0.29521363973617554,1.1859984397888184,2.110441207885742,2.6486573219299316,2.6619985103607178,3.196772336959839,2.2766776084899902,2.9448306560516357,2.1894326210021973,0.7765029668807983,-0.3751550614833832,-0.39036259055137634,-0.41127315163612366,-0.41482770442962646,-0.41987326741218567,-0.4158189594745636,-0.4181233048439026,-0.4170270264148712,-0.41895827651023865,-0.4179709255695343]
[-0.42001107335090637,-0.41970211267471313,-0.4185583293437958,-0.4179973006248474,-0.4185105562210083,-0.41565629839897156,-0.41596776247024536,-0.4106466770172119,0.8154264688491821,2.3677639961242676,2.5266404151916504,2.5763704776763916,2.767791271209717,3.238036632537842,2.719672679901123,2.700411558151245,1.8080016374588013,0.40193864703178406,-0.3865186274051666,-0.396837443113327,-0.40553465485572815,-0.411295622587204,-0.41683077812194824,-0.4161660671234131,-0.41780611872673035,-0.41676267981529236,-0.41930046677589417,-0.4185540974140167]
[-0.4203064739704132,-0.4193425476551056,-0.41809970140457153,-0.41771042346954346,-0.418789267539978,-0.4151301980018616,-0.4167487919330597,-0.41182249784469604,2.0881292819976807,2.884415864944458,2.4244093894958496,2.3872392177581787,2.707561492919922,2.4848785400390625,2.5885136127471924,2.6973178386688232,2.8647191524505615,1.5756821632385254,-0.3668299615383148,-0.4011114537715912,-0.39648035168647766,-0.4105325937271118,-0.41314035654067993,-0.416087806224823,-0.4185687303543091,-0.4174448847770691,-0.4201655089855194,-0.41860371828079224]
[-0.42004191875457764,-0.4190695881843567,-0.41861414909362793,-0.41813552379608154,-0.4185885190963745,-0.41486823558807373,-0.414939284324646,-0.40381187200546265,2.600554943084717,2.9470105171203613,2.3962955474853516,2.647037982940674,2.2262940406799316,2.4724504947662354,2.743847131729126,2.8546581268310547,2.925891399383545,1.9245598316192627,1.5587131977081299,-0.333727091550827,-0.40514451265335083,-0.41257113218307495,-0.4114120900630951,-0.41542381048202515,-0.4177956283092499,-0.41702568531036377,-0.41928258538246155,-0.4180184602737427]
[-0.41911256313323975,-0.4187231659889221,-0.41901880502700806,-0.41840437054634094,-0.41868582367897034,-0.4169079065322876,-0.41370663046836853,-0.40232425928115845,1.4632164239883423,2.1898112297058105,1.6122099161148071,2.3073461055755615,2.7701048851013184,2.7842142581939697,1.8663716316223145,3.135594606399536,3.0861449241638184,2.90468168258667,2.596859931945801,2.03117299079895,-0.30819451808929443,-0.3973042964935303,-0.4089718461036682,-0.411477655172348,-0.4163530766963959,-0.41718560457229614,-0.41912728548049927,-0.41882190108299255]
[-0.41980937123298645,-0.41899940371513367,-0.41884127259254456,-0.4182339906692505,-0.4193715751171112,-0.417548269033432,-0.41391560435295105,-0.4097750782966614,-0.38770774006843567,-0.38052770495414734,-0.32888078689575195,0.0405823290348053,1.0707767009735107,1.8496372699737549,0.46048274636268616,0.879717230796814,1.1937804222106934,1.9422149658203125,1.8456875085830688,3.053104877471924,1.9308068752288818,-0.36729782819747925,-0.40487706661224365,-0.4061378538608551,-0.41585955023765564,-0.41714125871658325,-0.4192783236503601,-0.41891786456108093]
[-0.4196021556854248,-0.4181552529335022,-0.41946741938591003,-0.4178732931613922,-0.4190436601638794,-0.4173578917980194,-0.4133540987968445,-0.4116804897785187,-0.3995189964771271,-0.4055730402469635,-0.4880913197994232,-0.4566884934902191,-0.5278583765029907,-0.22252288460731506,-0.2332252562046051,-0.3987911343574524,-0.4545866847038269,-0.5521578788757324,0.07336634397506714,2.7435972690582275,3.013483762741089,0.2815050482749939,-0.40859609842300415,-0.4042668640613556,-0.41468748450279236,-0.4155433773994446,-0.4192957878112793,-0.4188084006309509]
[-0.42045849561691284,-0.4194152355194092,-0.41943541169166565,-0.4175550043582916,-0.41930967569351196,-0.4217188358306885,-0.42795997858047485,-0.430452436208725,-0.44932594895362854,-0.45386797189712524,-0.46288052201271057,-0.4295910596847534,0.4284290373325348,1.9531660079956055,0.9463727474212646,-0.41533252596855164,-0.41399261355400085,-0.4482705593109131,0.3993705213069916,2.341909885406494,2.8312551975250244,1.6949663162231445,-0.3638714551925659,-0.39793625473976135,-0.41327375173568726,-0.4170836806297302,-0.42129918932914734,-0.42081108689308167]
[-0.4199804365634918,-0.41930094361305237,-0.4201783239841461,-0.4189017415046692,-0.4184425175189972,-0.416169673204422,-0.2551864683628082,0.8440598249435425,0.6671757698059082,1.3981932401657104,1.4464550018310547,1.981318712234497,2.8257360458374023,2.710416793823242,1.9609291553497314,1.6311334371566772,1.5635265111923218,2.1349587440490723,2.053251028060913,2.9055261611938477,2.761338949203491,2.339337110519409,-0.10159900784492493,-0.4069861173629761,-0.4123612344264984,-0.4173450171947479,-0.42071372270584106,-0.4198756814002991]
[-0.42057904601097107,-0.41904935240745544,-0.4183807969093323,-0.4173271656036377,-0.41511955857276917,-0.345507949590683,1.4127943515777588,2.749972343444824,2.1404764652252197,2.8314368724823,2.5634989738464355,2.9434688091278076,2.9840426445007324,2.7364354133605957,2.396522045135498,2.6268956661224365,2.960279941558838,3.031583309173584,2.9263768196105957,2.7645223140716553,2.547053098678589,2.2722859382629395,-0.17021125555038452,-0.4058917164802551,-0.41257715225219727,-0.4178638756275177,-0.4211730659008026,-0.42067304253578186]
[-0.4204696714878082,-0.4198535978794098,-0.41796305775642395,-0.41582825779914856,-0.41385555267333984,-0.17259272933006287,1.668031930923462,2.5011091232299805,2.189107656478882,2.3523075580596924,2.1618168354034424,2.7781708240509033,2.27299165725708,1.78152596950531,2.6076366901397705,2.7375688552856445,2.4834089279174805,2.3305649757385254,2.499373197555542,2.8829243183135986,3.1193060874938965,1.5808814764022827,-0.266010582447052,-0.40320220589637756,-0.4125068485736847,-0.418874055147171,-0.42203590273857117,-0.4197322130203247]
[-0.4214686453342438,-0.4181327819824219,-0.4179786741733551,-0.415469229221344,-0.41037997603416443,-0.37681418657302856,-0.30919748544692993,0.8295084238052368,1.318487524986267,1.6728237867355347,0.33758190274238586,-0.2953610420227051,-0.35225772857666016,-0.017385289072990417,0.6315733194351196,1.6332610845565796,2.4783341884613037,2.301969528198242,2.1103506088256836,2.8828377723693848,2.486471652984619,0.6509578227996826,-0.41058382391929626,-0.4034683108329773,-0.4163472652435303,-0.4188968241214752,-0.4214371144771576,-0.42031222581863403]
[-0.4210285544395447,-0.41923779249191284,-0.4181751608848572,-0.4171530306339264,-0.4141789972782135,-0.40850797295570374,-0.3786776065826416,-0.3647018373012543,-0.3629193902015686,-0.363960862159729,-0.3988508880138397,-0.38689184188842773,-0.4001227021217346,-0.4380742311477661,-0.42857232689857483,-0.34347498416900635,1.13939368724823,2.169431209564209,1.0594357252120972,0.8387486934661865,-0.0816202312707901,-0.40981900691986084,-0.40821510553359985,-0.40786653757095337,-0.41786518692970276,-0.4193958044052124,-0.42004457116127014,-0.41752615571022034]
[-0.4196661710739136,-0.41902369260787964,-0.41927364468574524,-0.41669729351997375,-0.41667354106903076,-0.4141039252281189,-0.4208775460720062,-0.40910452604293823,-0.41734057664871216,-0.4112299680709839,-0.4059741795063019,-0.404671847820282,-0.4135659337043762,-0.4065141975879669,-0.4066706597805023,-0.4209670424461365,0.07760140299797058,0.044895902276039124,-0.41548436880111694,-0.4330657422542572,-0.39946213364601135,-0.4111890196800232,-0.4121209681034088,-0.4128868281841278,-0.42084193229675293,-0.4190318286418915,-0.4199932813644409,-0.4181053638458252]
[-0.4206235706806183,-0.4196309745311737,-0.4202868342399597,-0.4176241159439087,-0.41965052485466003,-0.4151807725429535,-0.4142095148563385,-0.4146377444267273,-0.41670143604278564,-0.4110200107097626,-0.4100652039051056,-0.4082947075366974,-0.4084480404853821,-0.4081714153289795,-0.4101957678794861,-0.4023720920085907,-0.41052722930908203,-0.39075371623039246,-0.40754514932632446,-0.40410909056663513,-0.4142950177192688,-0.4117535352706909,-0.4172516465187073,-0.41691794991493225,-0.41923028230667114,-0.4176371097564697,-0.418573260307312,-0.4177744686603546]
[-0.4207363426685333,-0.41956627368927,-0.4212007522583008,-0.4172220230102539,-0.41980159282684326,-0.41407227516174316,-0.4162687659263611,-0.413049578666687,-0.4218265414237976,-0.4203682243824005,-0.41665545105934143,-0.41549229621887207,-0.41296103596687317,-0.4124341309070587,-0.4186455309391022,-0.4148392975330353,-0.39972078800201416,-0.4123658537864685,-0.41750115156173706,-0.4119690954685211,-0.41587358713150024,-0.414795458316803,-0.41837066411972046,-0.41590091586112976,-0.41809436678886414,-0.4167782664299011,-0.41981083154678345,-0.41472312808036804]
[-0.4175591468811035,-0.4223885238170624,-0.4222637116909027,-0.4199671149253845,-0.4197142720222473,-0.41818591952323914,-0.41862890124320984,-0.41684508323669434,-0.4192765951156616,-0.42014703154563904,-0.41810867190361023,-0.4165169596672058,-0.41572320461273193,-0.41524437069892883,-0.41748353838920593,-0.41857048869132996,-0.41043946146965027,-0.4140267074108124,-0.4172813892364502,-0.4163845181465149,-0.4170779585838318,-0.4133114814758301,-0.41414889693260193,-0.4127342700958252,-0.4124096632003784,-0.4135682284832001,-0.4153054356575012,-0.40775859355926514]
