[-0.4168020486831665,-0.41824665665626526,-0.4191788136959076,-0.41812029480934143,-0.4197474718093872,-0.41892388463020325,-0.4206154942512512,-0.4187314510345459,-0.4218802750110626,-0.41860681772232056,-0.42266854643821716,-0.4201837182044983,-0.4277092516422272,-0.420783668756485,-0.4207831621170044,-0.41947081685066223,-0.4158666133880615,-0.41325482726097107,-0.4160475432872772,-0.4156690239906311,-0.41423097252845764,-0.41224756836891174,-0.4100545346736908,-0.4126393496990204,-0.4137113392353058,-0.41349461674690247,-0.41291525959968567,-0.40939992666244507]
[-0.4183451533317566,-0.4194876551628113,-0.4197671413421631,-0.41853031516075134,-0.419251412153244,-0.41838768124580383,-0.418953537940979,-0.417266309261322,-0.4198633134365082,-0.4178527891635895,-0.42064517736434937,-0.4180331230163574,-0.42450466752052307,-0.4182717502117157,-0.4167685806751251,-0.41632550954818726,-0.41670817136764526,-0.41210976243019104,-0.41571199893951416,-0.4139930307865143,-0.4136715531349182,-0.41147395968437195,-0.41381505131721497,-0.416815847158432,-0.4171642065048218,-0.4163811504840851,-0.4176632761955261,-0.41447383165359497]
[-0.4207994043827057,-0.419663667678833,-0.42019668221473694,-0.41937893629074097,-0.41982999444007874,-0.41897353529930115,-0.4199790358543396,-0.4179519712924957,-0.4201244115829468,-0.4197520911693573,-0.4188784956932068,-0.4206621050834656,-0.42466968297958374,-0.4227890074253082,-0.4088091254234314,-0.41636398434638977,-0.4142845571041107,-0.41594141721725464,-0.41583120822906494,-0.41248756647109985,-0.4147103726863861,-0.41356754302978516,-0.4162120521068573,-0.4151524305343628,-0.4159820079803467,-0.41665762662887573,-0.4188620150089264,-0.4158868193626404]
[-0.4209687411785126,-0.4200137257575989,-0.420793741941452,-0.4197171926498413,-0.4203224778175354,-0.41905075311660767,-0.41925710439682007,-0.4183175265789032,-0.4194295406341553,-0.4171473979949951,-0.41594865918159485,-0.40742063522338867,-0.4330466687679291,-0.44741499423980713,-0.41261520981788635,-0.4052703380584717,-0.401621550321579,-0.4081879258155823,-0.4089670181274414,-0.41543495655059814,-0.4167545735836029,-0.41563060879707336,-0.4180932641029358,-0.41648733615875244,-0.41772139072418213,-0.4165789783000946,-0.41811326146125793,-0.4163877069950104]
[-0.4201500713825226,-0.41926756501197815,-0.42032259702682495,-0.41956543922424316,-0.42017415165901184,-0.4182250499725342,-0.41950029134750366,-0.4170800447463989,-0.41311269998550415,-0.41488122940063477,-0.42113906145095825,-0.4045271873474121,0.6754794120788574,0.5516718626022339,-0.23949414491653442,-0.3437262773513794,-0.362338125705719,-0.39037805795669556,-0.40847674012184143,-0.40933695435523987,-0.4101965129375458,-0.41397419571876526,-0.4169287085533142,-0.41461533308029175,-0.4187906086444855,-0.41736066341400146,-0.4194888472557068,-0.41849204897880554]
[-0.42053666710853577,-0.4199550151824951,-0.4205506443977356,-0.4199114143848419,-0.41999781131744385,-0.41864708065986633,-0.4170728623867035,-0.41668370366096497,-0.40391072630882263,-0.3971688449382782,0.8343150615692139,2.5577456951141357,4.1290388107299805,2.7239532470703125,2.8212735652923584,2.4739458560943604,1.0479079484939575,0.0700380951166153,-0.4131701588630676,-0.41340601444244385,-0.40614768862724304,-0.411720871925354,-0.4157755374908447,-0.41605523228645325,-0.41841965913772583,-0.41820767521858215,-0.41944023966789246,-0.4185746908187866]
[-0.42144060134887695,-0.41958388686180115,-0.420524924993515,-0.42038244009017944,-0.4191114902496338,-0.4166899621486664,-0.4161180555820465,-0.4151235818862915,-0.38386887311935425,0.2101009488105774,2.8351712226867676,1.981560230255127,2.29377818107605,1.6680299043655396,1.401968002319336,2.5361883640289307,2.528873920440674,2.4290051460266113,0.7485127449035645,-0.376675546169281,-0.3905022144317627,-0.4053301513195038,-0.41293641924858093,-0.4152876138687134,-0.41831520199775696,-0.4189801514148712,-0.420265257358551,-0.4201139211654663]
[-0.4210796356201172,-0.42053118348121643,-0.4208834171295166,-0.4205566942691803,-0.4186190366744995,-0.4179493188858032,-0.4147319793701172,-0.41486766934394836,-0.23277053236961365,2.0801470279693604,2.9162983894348145,2.300720691680908,0.8045296669006348,-0.3068634867668152,-0.3531620502471924,-0.2911403775215149,1.634914517402649,2.3496253490448,2.5671510696411133,1.2260078191757202,-0.3900330364704132,-0.4000908136367798,-0.4139368236064911,-0.41620585322380066,-0.41811835765838623,-0.4187544286251068,-0.4206260144710541,-0.4200718402862549]
[-0.4204906225204468,-0.4199102520942688,-0.42048871517181396,-0.419557124376297,-0.41826173663139343,-0.4169662892818451,-0.4142226576805115,-0.41200676560401917,0.0864359438419342,2.375009775161743,2.487635374069214,1.1260991096496582,-0.4429985284805298,-0.40416020154953003,-0.38879939913749695,-0.40115562081336975,-0.11321751773357391,2.017103433609009,2.977311134338379,2.548352003097534,-0.2754213511943817,-0.3868517279624939,-0.408514142036438,-0.41322198510169983,-0.4183087646961212,-0.41986122727394104,-0.4200150668621063,-0.42084673047065735]
[-0.4205560088157654,-0.4200814962387085,-0.42052316665649414,-0.41946688294410706,-0.4197481572628021,-0.4163481891155243,-0.4115985333919525,-0.4068850874900818,1.2990187406539917,2.480029821395874,1.9115958213806152,-0.30788764357566833,-0.3914763033390045,-0.39742493629455566,-0.41195839643478394,-0.39880937337875366,-0.42900094389915466,0.7068458795547485,2.5945353507995605,2.5819499492645264,0.9631948471069336,-0.39609041810035706,-0.40994155406951904,-0.4138936400413513,-0.4180658757686615,-0.41930943727493286,-0.4206371009349823,-0.419958233833313]
[-0.42043280601501465,-0.42034000158309937,-0.4201006293296814,-0.4200325310230255,-0.41900360584259033,-0.41615304350852966,-0.4099419116973877,-0.40863460302352905,1.7330251932144165,2.703937292098999,1.8674139976501465,-0.40253570675849915,-0.3790856599807739,-0.4032345712184906,-0.4132992923259735,-0.4058862328529358,-0.2913828492164612,1.6673074960708618,2.858841896057129,2.740556240081787,1.3970896005630493,-0.3841579258441925,-0.41069871187210083,-0.4135286211967468,-0.418540358543396,-0.4192763566970825,-0.4202006757259369,-0.42040401697158813]
[-0.420590877532959,-0.4207136034965515,-0.41999202966690063,-0.42048949003219604,-0.41950809955596924,-0.4174416959285736,-0.41003096103668213,-0.4034494459629059,0.91218101978302,2.653622627258301,1.9101018905639648,-0.3865198493003845,-0.3999749422073364,-0.4018090069293976,-0.41267409920692444,-0.40469369292259216,-0.1973077356815338,1.7860877513885498,2.8346455097198486,2.9342873096466064,1.8045259714126587,-0.37478384375572205,-0.4103687107563019,-0.41479068994522095,-0.41822245717048645,-0.41979268193244934,-0.42081788182258606,-0.41945981979370117]
[-0.4204714596271515,-0.42030075192451477,-0.41976645588874817,-0.41949981451034546,-0.42035865783691406,-0.41713082790374756,-0.40950992703437805,-0.4046350121498108,0.5005221366882324,2.6599466800689697,2.357473850250244,0.5720548629760742,-0.40741294622421265,-0.40869802236557007,-0.41757357120513916,-0.41713565587997437,-0.28545093536376953,1.3562681674957275,2.037487745285034,3.0907928943634033,1.8251525163650513,-0.3665297031402588,-0.41006022691726685,-0.4118194580078125,-0.4171683192253113,-0.41877883672714233,-0.42065566778182983,-0.4191064238548279]
[-0.42010852694511414,-0.4197372794151306,-0.41977986693382263,-0.4190555512905121,-0.4199658930301666,-0.41755160689353943,-0.4114955961704254,-0.40913113951683044,0.5498825311660767,2.8444788455963135,1.9705965518951416,-0.40836331248283386,-0.40521976351737976,-0.4130803942680359,-0.4131901264190674,-0.4102714955806732,-0.36847051978111267,-0.22335949540138245,2.019284248352051,2.7137982845306396,1.9693517684936523,-0.37292128801345825,-0.40805310010910034,-0.413765013217926,-0.41829198598861694,-0.4194616377353668,-0.4213590919971466,-0.41889718174934387]
[-0.4209025502204895,-0.4196062982082367,-0.419852614402771,-0.4195875823497772,-0.42013251781463623,-0.4182720482349396,-0.41182810068130493,-0.4190877377986908,0.9366841316223145,3.0700480937957764,1.7535269260406494,-0.41815581917762756,-0.4084394574165344,-0.41456782817840576,-0.41807690262794495,-0.41377484798431396,-0.3771387040615082,-0.044588878750801086,2.2379398345947266,2.6705660820007324,1.2234877347946167,-0.37057796120643616,-0.40615877509117126,-0.4135284721851349,-0.41822806000709534,-0.41877731680870056,-0.4213784635066986,-0.4191444218158722]
[-0.42164888978004456,-0.42011508345603943,-0.419667512178421,-0.4194875657558441,-0.41957899928092957,-0.4175827205181122,-0.41443851590156555,-0.42279621958732605,0.588346004486084,2.724534034729004,1.4208465814590454,-0.4047114849090576,-0.4135065972805023,-0.41653382778167725,-0.41697773337364197,-0.4120882749557495,-0.3685569763183594,0.5016094446182251,2.2333221435546875,2.6121816635131836,0.6792886257171631,-0.38693976402282715,-0.4076829254627228,-0.4158262610435486,-0.4194670021533966,-0.4189266860485077,-0.4208146035671234,-0.4193096458911896]
[-0.42215678095817566,-0.4205455482006073,-0.41985470056533813,-0.41983717679977417,-0.4196752905845642,-0.41876110434532166,-0.41541701555252075,-0.423510879278183,0.3854537308216095,1.0764200687408447,-0.09441301226615906,-0.41927286982536316,-0.4183998107910156,-0.4194733500480652,-0.4147602915763855,-0.4195826053619385,-0.3635759949684143,1.567466139793396,2.650564432144165,2.2688815593719482,-0.3588874936103821,-0.396802693605423,-0.4109309911727905,-0.41644003987312317,-0.4206976592540741,-0.41915708780288696,-0.4207453727722168,-0.4195747971534729]
[-0.4228705167770386,-0.42088064551353455,-0.4195714592933655,-0.41953766345977783,-0.4201105535030365,-0.41855281591415405,-0.4161895513534546,-0.42163023352622986,0.2850385010242462,-0.14705093204975128,-0.4084559679031372,-0.41780886054039,-0.4169589877128601,-0.4218757450580597,-0.41392961144447327,-0.41676127910614014,0.42055419087409973,2.4069015979766846,2.358478307723999,0.8416311740875244,-0.38810425996780396,-0.40196692943573,-0.41417196393013,-0.41799694299697876,-0.42055898904800415,-0.41903966665267944,-0.4202692210674286,-0.41998255252838135]
[-0.4222072958946228,-0.419968843460083,-0.41961246728897095,-0.41900768876075745,-0.4192121922969818,-0.41878142952919006,-0.4151528477668762,-0.3677380681037903,0.44871148467063904,-0.35130244493484497,-0.4415956735610962,-0.42953723669052124,-0.4067069888114929,-0.4238835573196411,-0.4255562722682953,-0.40446871519088745,1.807767391204834,2.6112325191497803,1.5566883087158203,-0.2971611022949219,-0.39923951029777527,-0.4075385630130768,-0.41682663559913635,-0.41798463463783264,-0.41929614543914795,-0.4192264676094055,-0.4207432270050049,-0.41942068934440613]
[-0.42139559984207153,-0.42092129588127136,-0.41924285888671875,-0.41920220851898193,-0.41917499899864197,-0.4195055365562439,-0.3917683959007263,0.22044715285301208,1.3137717247009277,1.1571437120437622,-0.131748765707016,-0.44678735733032227,-0.45193755626678467,-0.4252638816833496,-0.21374326944351196,1.3245837688446045,2.5250535011291504,2.459400177001953,-0.21445289254188538,-0.3843975365161896,-0.40537187457084656,-0.4124176502227783,-0.4187047779560089,-0.41828837990760803,-0.4191592037677765,-0.41942086815834045,-0.4198700189590454,-0.4204789400100708]
[-0.4210910499095917,-0.42095375061035156,-0.4194476008415222,-0.4180459678173065,-0.41723886132240295,-0.415445476770401,-0.41006726026535034,-0.3811766505241394,0.6159182786941528,2.417109727859497,2.352396249771118,1.280389666557312,0.8828389644622803,0.9682108163833618,1.6277878284454346,2.7478487491607666,2.6358416080474854,0.5954916477203369,-0.3930376172065735,-0.40061092376708984,-0.41086816787719727,-0.4136793911457062,-0.41885775327682495,-0.41817203164100647,-0.41940736770629883,-0.41874220967292786,-0.4198954403400421,-0.42002034187316895]
[-0.4201527535915375,-0.4197014570236206,-0.4188302755355835,-0.4177105724811554,-0.41750288009643555,-0.4163871109485626,-0.4127901792526245,-0.4144090712070465,-0.4377425014972687,0.2672344744205475,2.3342456817626953,2.9403412342071533,2.850518226623535,2.6528544425964355,2.166823387145996,2.508798360824585,1.6967607736587524,-0.34635376930236816,-0.4006851613521576,-0.407613605260849,-0.4139224588871002,-0.4172714054584503,-0.41927656531333923,-0.41904470324516296,-0.41934072971343994,-0.41877731680870056,-0.41972190141677856,-0.4196297526359558]
[-0.42045506834983826,-0.41915804147720337,-0.41897061467170715,-0.417095810174942,-0.41751495003700256,-0.4138452112674713,-0.4138120114803314,-0.4115465581417084,-0.41262516379356384,-0.4156199097633362,0.25287801027297974,1.9984993934631348,2.9852380752563477,2.6665475368499756,2.1882967948913574,1.0997557640075684,-0.26309749484062195,-0.38789865374565125,-0.4090512692928314,-0.4094673693180084,-0.41673028469085693,-0.41669660806655884,-0.41926300525665283,-0.41838589310646057,-0.41964444518089294,-0.41833019256591797,-0.41974207758903503,-0.4190663695335388]
[-0.4207552373409271,-0.41918277740478516,-0.41996312141418457,-0.41829580068588257,-0.41934385895729065,-0.4156617224216461,-0.41481414437294006,-0.41412582993507385,-0.4075945317745209,-0.3981110751628876,-0.4311140775680542,-0.25096338987350464,1.490351676940918,2.575953245162964,0.3883373439311981,-0.3987346589565277,-0.40250879526138306,-0.40204447507858276,-0.40940526127815247,-0.4128790497779846,-0.41788631677627563,-0.41801074147224426,-0.4197295010089874,-0.41872894763946533,-0.41940543055534363,-0.41864633560180664,-0.4203394651412964,-0.4187832772731781]
[-0.42056000232696533,-0.41895800828933716,-0.41902902722358704,-0.4161253869533539,-0.41808947920799255,-0.41548141837120056,-0.4170362055301666,-0.41773509979248047,-0.41415026783943176,-0.41188597679138184,-0.40984442830085754,-0.4227774739265442,-0.41107943654060364,-0.15894798934459686,-0.39180445671081543,-0.41076788306236267,-0.4098455011844635,-0.40767934918403625,-0.41339224576950073,-0.4142380952835083,-0.4169143736362457,-0.4165721833705902,-0.41899219155311584,-0.41766220331192017,-0.4185514748096466,-0.4187425673007965,-0.42088326811790466,-0.41926437616348267]
[-0.41983792185783386,-0.420040488243103,-0.4196104109287262,-0.4173220098018646,-0.4185001850128174,-0.4175392985343933,-0.419880747795105,-0.42003437876701355,-0.4161520004272461,-0.4138682782649994,-0.4128524363040924,-0.4223816394805908,-0.4218901991844177,-0.41563838720321655,-0.4064040780067444,-0.40600642561912537,-0.4056611955165863,-0.4123691916465759,-0.41575396060943604,-0.414273202419281,-0.4167180359363556,-0.41764140129089355,-0.4188445806503296,-0.41835272312164307,-0.4196050465106964,-0.41876474022865295,-0.4202912449836731,-0.41888993978500366]
[-0.4189606010913849,-0.41828060150146484,-0.4189550578594208,-0.41520240902900696,-0.4188282787799835,-0.4163469672203064,-0.41898420453071594,-0.41865646839141846,-0.4162212610244751,-0.414442777633667,-0.41708528995513916,-0.4165874421596527,-0.40135782957077026,-0.40941038727760315,-0.411817729473114,-0.4052704870700836,-0.4088040590286255,-0.4098331928253174,-0.41439226269721985,-0.4134756326675415,-0.4168481230735779,-0.4162469804286957,-0.4185311198234558,-0.41721001267433167,-0.41891413927078247,-0.41722482442855835,-0.4189622700214386,-0.4180046617984772]
[-0.4171620011329651,-0.42034009099006653,-0.41929423809051514,-0.41630399227142334,-0.4203982651233673,-0.41901734471321106,-0.42138928174972534,-0.42145538330078125,-0.41913458704948425,-0.41935479640960693,-0.4217488467693329,-0.41470247507095337,-0.4080771207809448,-0.4121791422367096,-0.41644275188446045,-0.41314175724983215,-0.4096421003341675,-0.4088258147239685,-0.4136189818382263,-0.41359469294548035,-0.4159625172615051,-0.417977511882782,-0.4188649356365204,-0.4182221591472626,-0.4198438227176666,-0.41838759183883667,-0.41920673847198486,-0.41645610332489014]
