[-0.42096200585365295,-0.4191574454307556,-0.4206758141517639,-0.4184827208518982,-0.422545850276947,-0.41941142082214355,-0.41937118768692017,-0.4187513589859009,-0.4189794957637787,-0.41853758692741394,-0.418511301279068,-0.4174138903617859,-0.4198158383369446,-0.41774046421051025,-0.4199853837490082,-0.41707539558410645,-0.42092517018318176,-0.41906842589378357,-0.4212378263473511,-0.41789913177490234,-0.42026466131210327,-0.4171135425567627,-0.42311808466911316,-0.4204038083553314,-0.4261602759361267,-0.4250589609146118,-0.43715205788612366,-0.4470183849334717]
[-0.4208787977695465,-0.41946718096733093,-0.4204067587852478,-0.4194444715976715,-0.4204199016094208,-0.4197002649307251,-0.41949519515037537,-0.4190919101238251,-0.41820216178894043,-0.4177316129207611,-0.4176193177700043,-0.4161999225616455,-0.4176565706729889,-0.41734427213668823,-0.4200657308101654,-0.4151791036128998,-0.42017000913619995,-0.4169462025165558,-0.4206732213497162,-0.41531437635421753,-0.4163855016231537,-0.4151616096496582,-0.42011407017707825,-0.4164387583732605,-0.42120957374572754,-0.4226893186569214,-0.42183366417884827,-0.4370806813240051]
[-0.42122894525527954,-0.41869261860847473,-0.4183613657951355,-0.4180542230606079,-0.41935858130455017,-0.41872847080230713,-0.41974279284477234,-0.4187754988670349,-0.4188000559806824,-0.41706398129463196,-0.4175676703453064,-0.41586101055145264,-0.4164455235004425,-0.4147406220436096,-0.4179988503456116,-0.4158185124397278,-0.42200249433517456,-0.4179227650165558,-0.42006534337997437,-0.4167708158493042,-0.414971262216568,-0.4128710627555847,-0.4155607223510742,-0.4171335995197296,-0.4203287661075592,-0.4208586513996124,-0.4251258075237274,-0.4304286241531372]
[-0.4211144745349884,-0.4198262095451355,-0.4184723496437073,-0.41966402530670166,-0.4206683337688446,-0.4187309443950653,-0.42107969522476196,-0.418137788772583,-0.41910383105278015,-0.41781553626060486,-0.41693490743637085,-0.41478610038757324,-0.4164085388183594,-0.4165628254413605,-0.41735485196113586,-0.41506943106651306,-0.41958001255989075,-0.41785117983818054,-0.42161253094673157,-0.4184189736843109,-0.4155507981777191,-0.4150336980819702,-0.41771483421325684,-0.4159008860588074,-0.4172627329826355,-0.4191710948944092,-0.4222792088985443,-0.42130833864212036]
[-0.42000269889831543,-0.4191126525402069,-0.41852641105651855,-0.4183972179889679,-0.42032867670059204,-0.41979631781578064,-0.4210708439350128,-0.4183458089828491,-0.41932716965675354,-0.4164409041404724,-0.41711002588272095,-0.41578713059425354,-0.4147454798221588,-0.4147438704967499,-0.4134451448917389,-0.4088517725467682,-0.41486215591430664,-0.41548165678977966,-0.41541892290115356,-0.4162999391555786,-0.417288601398468,-0.4105570614337921,-0.4139399230480194,-0.4130130410194397,-0.41385507583618164,-0.4139116704463959,-0.41958820819854736,-0.4153229594230652]
[-0.42003312706947327,-0.4194818437099457,-0.4188433885574341,-0.4191726744174957,-0.4207100570201874,-0.41900596022605896,-0.4201512932777405,-0.4177241921424866,-0.41902613639831543,-0.4182344377040863,-0.415477991104126,-0.41212940216064453,-0.4151349663734436,-0.4081166088581085,-0.4321809709072113,-0.41977861523628235,-0.40718233585357666,-0.4092908799648285,-0.41237348318099976,-0.41253477334976196,-0.41716310381889343,-0.40961456298828125,-0.4137798845767975,-0.41271084547042847,-0.4140963554382324,-0.41489377617836,-0.4189498722553253,-0.41851162910461426]
[-0.41922780871391296,-0.4187798798084259,-0.4188079833984375,-0.41859036684036255,-0.4196912944316864,-0.41779258847236633,-0.41998666524887085,-0.41684648394584656,-0.4160441756248474,-0.4128282070159912,-0.41138070821762085,-0.41307514905929565,-0.34752124547958374,-0.22298994660377502,0.19409295916557312,-0.3200846016407013,-0.37677156925201416,-0.4077342450618744,-0.4079332947731018,-0.4081479609012604,-0.413601815700531,-0.4054027497768402,-0.41085106134414673,-0.4131259024143219,-0.417487233877182,-0.414715439081192,-0.41925832629203796,-0.4184831380844116]
[-0.419996052980423,-0.4189292788505554,-0.4197547733783722,-0.41889986395835876,-0.41932153701782227,-0.41806769371032715,-0.41820022463798523,-0.4165825843811035,-0.41580429673194885,-0.40989944338798523,-0.3959920108318329,-0.3646533489227295,1.4753724336624146,3.0920090675354004,2.298560619354248,1.6044981479644775,0.478239506483078,-0.3228229284286499,-0.3803286552429199,-0.35535383224487305,-0.3365672826766968,-0.4013984799385071,-0.4010717272758484,-0.40258803963661194,-0.4038844704627991,-0.4154730439186096,-0.4195201098918915,-0.4204530417919159]
[-0.42005088925361633,-0.4182418882846832,-0.41966891288757324,-0.4181373417377472,-0.4191269874572754,-0.4173271059989929,-0.4167677164077759,-0.41264769434928894,-0.40961143374443054,-0.39726489782333374,-0.38989999890327454,1.0657639503479004,2.7967758178710938,2.425663709640503,2.3839707374572754,3.2799832820892334,2.6942532062530518,0.05054335296154022,-2.489238977432251e-05,1.2454761266708374,1.6100435256958008,0.6330604553222656,-0.245705708861351,-0.4084733724594116,-0.40332338213920593,-0.413266658782959,-0.41727179288864136,-0.41993454098701477]
[-0.4199945032596588,-0.41917291283607483,-0.4187833070755005,-0.4174949526786804,-0.4186847507953644,-0.4167770445346832,-0.41640472412109375,-0.410410612821579,-0.400456964969635,-0.3586692214012146,1.3978866338729858,3.07736873626709,3.0834848880767822,2.7696073055267334,2.6260857582092285,1.8201647996902466,-0.24983492493629456,-0.3560202419757843,-0.3526502251625061,0.16991972923278809,1.960169792175293,2.94197940826416,1.8226107358932495,-0.41237717866897583,-0.4064573347568512,-0.4090939462184906,-0.4176511764526367,-0.418805867433548]
[-0.4204346537590027,-0.4186572730541229,-0.4185941219329834,-0.4175877869129181,-0.4181407392024994,-0.41542303562164307,-0.4147559702396393,-0.40984517335891724,-0.46785104274749756,1.5922428369522095,2.978450298309326,3.0668084621429443,2.1930837631225586,0.8270903825759888,-0.471283882856369,-0.2841159701347351,-0.3690781593322754,-0.4150359630584717,-0.3971547782421112,-0.28368860483169556,1.8821887969970703,2.267031669616699,1.8435392379760742,-0.37864071130752563,-0.39963406324386597,-0.41207852959632874,-0.4164063036441803,-0.41990926861763]
[-0.4197002053260803,-0.4182983636856079,-0.418761670589447,-0.4181986153125763,-0.418092280626297,-0.41571661829948425,-0.4135294556617737,-0.40311136841773987,-0.15500648319721222,2.2704665660858154,2.2787845134735107,3.147690534591675,0.5079078674316406,-0.40536612272262573,-0.3797350823879242,-0.37767526507377625,-0.395969033241272,-0.40670642256736755,-0.3989705741405487,0.5071452856063843,2.896829128265381,2.864680767059326,0.3871822655200958,-0.3617253303527832,-0.3952954113483429,-0.40704649686813354,-0.4171336889266968,-0.4190782904624939]
[-0.4200836420059204,-0.41824501752853394,-0.4189360439777374,-0.41716957092285156,-0.41578108072280884,-0.41445836424827576,-0.4084303379058838,-0.39220720529556274,1.4090304374694824,3.0021791458129883,2.4161899089813232,0.77369225025177,-0.45215028524398804,-0.40685492753982544,-0.39446529746055603,-0.400394082069397,-0.4021119773387909,-0.4616110622882843,-0.2473960518836975,1.1684315204620361,2.463740587234497,3.959531784057617,-0.009408466517925262,-0.3775967061519623,-0.3934842646121979,-0.40605732798576355,-0.4153470993041992,-0.41897499561309814]
[-0.4191126227378845,-0.41834089159965515,-0.4184957444667816,-0.41647377610206604,-0.41765838861465454,-0.4139106869697571,-0.40912482142448425,-0.404807448387146,2.8251259326934814,2.854398250579834,2.214218854904175,-0.28022509813308716,-0.4002327620983124,-0.3899194300174713,-0.40485483407974243,-0.4038774073123932,-0.4015730917453766,-0.57559734582901,0.8470489978790283,0.9799355268478394,1.6448403596878052,1.3049951791763306,0.6227682828903198,-0.3402625322341919,-0.3930935263633728,-0.40769633650779724,-0.41745826601982117,-0.41855761408805847]
[-0.419206827878952,-0.41811245679855347,-0.4195251762866974,-0.4175300598144531,-0.41825348138809204,-0.4135591387748718,-0.41011181473731995,-0.358608603477478,3.136380910873413,2.3456873893737793,1.4441120624542236,-0.3427641987800598,-0.37777236104011536,-0.42728304862976074,-0.47527286410331726,-0.5233031511306763,-0.4567350447177887,0.24567583203315735,2.1404566764831543,2.3187124729156494,2.866546154022217,3.5560476779937744,2.213300943374634,0.35010600090026855,-0.40801337361335754,-0.4162878096103668,-0.4207381308078766,-0.41980502009391785]
[-0.41968482732772827,-0.4187861680984497,-0.42008844017982483,-0.4186772108078003,-0.41881126165390015,-0.4126642942428589,-0.4076405465602875,-0.34746915102005005,3.355142593383789,3.1081385612487793,1.3453302383422852,-0.42467257380485535,-0.46416085958480835,-0.3859688639640808,0.22543156147003174,1.2646974325180054,2.4596829414367676,2.967024087905884,2.948927640914917,2.331002712249756,2.8074889183044434,2.0471351146698,0.05231674015522003,-0.38045835494995117,-0.4060802757740021,-0.41555488109588623,-0.4201689660549164,-0.4213561713695526]
[-0.41897138953208923,-0.41802170872688293,-0.419527143239975,-0.4186980724334717,-0.41952893137931824,-0.41337549686431885,-0.40998414158821106,-0.39588531851768494,3.2162017822265625,3.0662200450897217,1.5495514869689941,0.31345075368881226,1.9311318397521973,2.0225086212158203,2.8814172744750977,2.794569253921509,2.8078510761260986,2.3392529487609863,2.622272253036499,2.832504987716675,1.4006319046020508,-0.3260387182235718,-0.39173224568367004,-0.40299710631370544,-0.41210150718688965,-0.41675400733947754,-0.4225654900074005,-0.420693039894104]
[-0.4203343987464905,-0.41847071051597595,-0.41882821917533875,-0.4178849160671234,-0.41774898767471313,-0.41483116149902344,-0.40940868854522705,-0.40786948800086975,2.4602065086364746,3.088106870651245,2.301515579223633,2.0740156173706055,2.860278606414795,1.9266178607940674,2.016655683517456,1.988656759262085,3.3081891536712646,2.8233535289764404,2.368846893310547,1.4693995714187622,-0.22329673171043396,-0.39954376220703125,-0.40312638878822327,-0.4092448651790619,-0.4167608618736267,-0.4175923466682434,-0.4220556318759918,-0.4218018054962158]
[-0.4206927418708801,-0.4184688925743103,-0.418049693107605,-0.4175473153591156,-0.4172723889350891,-0.41595473885536194,-0.4103476107120514,-0.41566357016563416,1.8937489986419678,2.5035593509674072,2.2456369400024414,2.7867140769958496,2.046835422515869,1.7064878940582275,2.830751895904541,2.3799452781677246,2.686701774597168,1.6298985481262207,0.04812587797641754,-0.343303918838501,-0.4019148051738739,-0.40222543478012085,-0.4121120572090149,-0.4121052324771881,-0.4189567565917969,-0.4185585081577301,-0.42300185561180115,-0.42279380559921265]
[-0.4218253791332245,-0.4184596538543701,-0.4185123145580292,-0.4178384244441986,-0.41589388251304626,-0.4146072566509247,-0.4155016839504242,-0.4163542687892914,-0.01848652958869934,2.598024845123291,2.2091450691223145,2.500107526779175,1.2421855926513672,2.45589017868042,2.3732287883758545,1.698459506034851,-0.014145821332931519,-0.3746056854724884,-0.3796258866786957,-0.3960644602775574,-0.40375784039497375,-0.40466445684432983,-0.41806158423423767,-0.41613101959228516,-0.4199557602405548,-0.4179568290710449,-0.42267724871635437,-0.42147210240364075]
[-0.42031076550483704,-0.4170003831386566,-0.4188939332962036,-0.41603586077690125,-0.4161684811115265,-0.4149135649204254,-0.4132877290248871,-0.4174874722957611,-0.46952274441719055,0.7628570795059204,1.1751939058303833,2.4190638065338135,2.229639768600464,2.014800786972046,0.25163474678993225,-0.3579643964767456,-0.4020158052444458,-0.3945574164390564,-0.3965815305709839,-0.4093981385231018,-0.41081568598747253,-0.4108186364173889,-0.4176977872848511,-0.41631126403808594,-0.4192899763584137,-0.4180310368537903,-0.42083272337913513,-0.4216347932815552]
[-0.41868501901626587,-0.4184626042842865,-0.4182765483856201,-0.4161854386329651,-0.4181666672229767,-0.41452768445014954,-0.41536179184913635,-0.41237694025039673,-0.40195631980895996,-0.39126235246658325,0.3189161717891693,1.7698019742965698,2.7450363636016846,0.5317885875701904,-0.37789398431777954,-0.40237346291542053,-0.40009674429893494,-0.39784035086631775,-0.4063628911972046,-0.4109731614589691,-0.4143368899822235,-0.41503897309303284,-0.4164455533027649,-0.416997492313385,-0.41838130354881287,-0.4179074466228485,-0.4211355745792389,-0.42101937532424927]
[-0.41893696784973145,-0.4188680648803711,-0.41702449321746826,-0.41510477662086487,-0.4167882204055786,-0.41353848576545715,-0.4170459508895874,-0.41324058175086975,-0.40801987051963806,-0.4111173450946808,-0.437822163105011,-0.3142174184322357,0.30370035767555237,-0.35646486282348633,-0.41314947605133057,-0.40687206387519836,-0.41154754161834717,-0.41145122051239014,-0.4168432950973511,-0.41243046522140503,-0.41483670473098755,-0.41549813747406006,-0.4163960814476013,-0.41721850633621216,-0.4180368185043335,-0.4174122214317322,-0.42007195949554443,-0.42046481370925903]
[-0.41869738698005676,-0.41815826296806335,-0.41831937432289124,-0.41627082228660583,-0.41767555475234985,-0.41577181220054626,-0.4203258156776428,-0.4174773395061493,-0.4089495837688446,-0.4090600311756134,-0.4149579703807831,-0.40369096398353577,-0.3593937158584595,-0.38678833842277527,-0.4148252010345459,-0.4100455045700073,-0.4157802164554596,-0.4140719771385193,-0.4176410138607025,-0.4153778553009033,-0.4154435098171234,-0.4158841669559479,-0.4170715808868408,-0.41768574714660645,-0.41753238439559937,-0.4192010760307312,-0.41983121633529663,-0.41961097717285156]
[-0.418364942073822,-0.4162081778049469,-0.4189493656158447,-0.4159225523471832,-0.4175781011581421,-0.4146987795829773,-0.41695868968963623,-0.4166489839553833,-0.4136120080947876,-0.40988218784332275,-0.42204222083091736,-0.41100552678108215,-0.4029536247253418,-0.4072032570838928,-0.41399383544921875,-0.4110029637813568,-0.41934600472450256,-0.41499441862106323,-0.4172775149345398,-0.41307446360588074,-0.41630104184150696,-0.4155263304710388,-0.416426420211792,-0.4167047441005707,-0.4183967411518097,-0.41830986738204956,-0.4195740520954132,-0.4201231896877289]
[-0.4195546507835388,-0.41740933060646057,-0.4185572564601898,-0.4161771833896637,-0.4174337089061737,-0.4172093868255615,-0.41808223724365234,-0.41676855087280273,-0.41661641001701355,-0.41536110639572144,-0.41599902510643005,-0.41011959314346313,-0.40834707021713257,-0.4175829589366913,-0.4143249988555908,-0.41303932666778564,-0.41941434144973755,-0.4161086976528168,-0.4160073697566986,-0.4143967032432556,-0.4156337380409241,-0.4160139560699463,-0.4180109202861786,-0.4179428517818451,-0.4183579385280609,-0.4193496108055115,-0.4199361503124237,-0.4202076494693756]
[-0.42039060592651367,-0.41811832785606384,-0.4194350242614746,-0.4181021451950073,-0.4194228947162628,-0.41871508955955505,-0.4179256856441498,-0.41799089312553406,-0.4202849268913269,-0.4163297414779663,-0.4191419184207916,-0.4089832305908203,-0.4147920608520508,-0.4160405993461609,-0.4152010679244995,-0.41576334834098816,-0.4176056683063507,-0.4159359931945801,-0.41698816418647766,-0.41502249240875244,-0.41653522849082947,-0.41517433524131775,-0.41774606704711914,-0.41862693428993225,-0.4181036651134491,-0.41803422570228577,-0.41985487937927246,-0.41885048151016235]
[-0.42041248083114624,-0.4207277297973633,-0.41988468170166016,-0.41807296872138977,-0.41925564408302307,-0.4194931983947754,-0.4199233949184418,-0.42165449261665344,-0.41950175166130066,-0.41509249806404114,-0.41559848189353943,-0.4103318750858307,-0.4123042821884155,-0.41660910844802856,-0.41793543100357056,-0.4178900420665741,-0.41645923256874084,-0.4161788821220398,-0.41734591126441956,-0.4169617295265198,-0.41695886850357056,-0.417095810174942,-0.41894620656967163,-0.41972458362579346,-0.419509619474411,-0.4194248914718628,-0.4192137122154236,-0.4179442226886749]
