[-0.41831547021865845,-0.41842710971832275,-0.41830170154571533,-0.4178774952888489,-0.4199095070362091,-0.4180370569229126,-0.4190928339958191,-0.41708019375801086,-0.41782671213150024,-0.4189308285713196,-0.4175478518009186,-0.4122326076030731,-0.41731858253479004,-0.4173460006713867,-0.41972312331199646,-0.41886186599731445,-0.41236913204193115,-0.4442262649536133,1.4069825410842896,2.8158814907073975,2.944265842437744,3.239532947540283,1.4806976318359375,-0.36283671855926514,-0.3970049321651459,-0.4045751392841339,-0.4104480743408203,-0.4083738923072815]
[-0.4203020930290222,-0.41996702551841736,-0.4200667440891266,-0.4200232923030853,-0.42117840051651,-0.4200514554977417,-0.4200463593006134,-0.4191650152206421,-0.4186230003833771,-0.41645678877830505,-0.41741910576820374,-0.40947821736335754,-0.4132954180240631,-0.41668516397476196,-0.42143893241882324,-0.4275100827217102,-0.407188355922699,-0.40116026997566223,2.6412649154663086,2.8455650806427,2.842576026916504,2.3934037685394287,-0.03232806921005249,-0.39094293117523193,-0.4053793251514435,-0.4104893207550049,-0.4151011109352112,-0.4132506251335144]
[-0.42084652185440063,-0.41963568329811096,-0.4192957282066345,-0.4194871783256531,-0.4199469983577728,-0.4197757840156555,-0.4205546975135803,-0.41821417212486267,-0.4189678430557251,-0.4180898666381836,-0.41068077087402344,-0.38217124342918396,-0.34351736307144165,-0.41903388500213623,-0.4169312119483948,-0.39882612228393555,-0.3912697434425354,0.11470021307468414,2.5807201862335205,2.883505344390869,2.283066987991333,0.5798095464706421,-0.381171315908432,-0.39794400334358215,-0.40939438343048096,-0.41297802329063416,-0.4190281927585602,-0.4162825644016266]
[-0.4223450720310211,-0.4208987057209015,-0.4192875027656555,-0.41898447275161743,-0.41896185278892517,-0.4199983775615692,-0.4198143482208252,-0.41814836859703064,-0.41806745529174805,-0.41919705271720886,-0.442730575799942,-0.09478181600570679,0.23071321845054626,-0.3107061982154846,-0.5943969488143921,-0.6102721095085144,0.04545043408870697,2.475245714187622,2.226661205291748,2.5905721187591553,1.3864158391952515,-0.35799968242645264,-0.3937664031982422,-0.4031643867492676,-0.4103214144706726,-0.41454121470451355,-0.4187472462654114,-0.4154474437236786]
[-0.4214237332344055,-0.4189995229244232,-0.42006799578666687,-0.4192424416542053,-0.4187699854373932,-0.4185025990009308,-0.4189649522304535,-0.41793954372406006,-0.4179428517818451,-0.4189004600048065,0.4343700706958771,2.4775071144104004,2.069850206375122,2.795734167098999,2.35334849357605,2.5716562271118164,1.7788193225860596,2.185521125793457,2.2319416999816895,2.624778985977173,0.6795134544372559,-0.3856489062309265,-0.3971579968929291,-0.40866777300834656,-0.41394394636154175,-0.41648828983306885,-0.4196895360946655,-0.4177842438220978]
[-0.4224199652671814,-0.419948935508728,-0.4204743504524231,-0.41946205496788025,-0.4194585680961609,-0.41856780648231506,-0.4189985394477844,-0.41780081391334534,-0.4177355468273163,-0.41772323846817017,0.8009516000747681,3.6242804527282715,3.655244827270508,1.9943616390228271,2.235063076019287,2.6839394569396973,1.9760560989379883,2.5108933448791504,2.6028120517730713,2.7302167415618896,1.2285184860229492,-0.38378098607063293,-0.3996860682964325,-0.4134868085384369,-0.41860318183898926,-0.41727542877197266,-0.4193115532398224,-0.41802558302879333]
[-0.42214399576187134,-0.42104801535606384,-0.4202979803085327,-0.42021429538726807,-0.41976526379585266,-0.4179133474826813,-0.4176575243473053,-0.4166353940963745,-0.4151874780654907,-0.4178721308708191,-0.3687072694301605,0.6791785955429077,3.062957525253296,1.5975488424301147,0.4864671528339386,1.015774130821228,0.8357971906661987,2.179072380065918,2.70894455909729,3.3362178802490234,1.3562343120574951,-0.38173142075538635,-0.3991120159626007,-0.41204869747161865,-0.4163583815097809,-0.4177849590778351,-0.41965869069099426,-0.4186145067214966]
[-0.4216691851615906,-0.4200003743171692,-0.42066067457199097,-0.4202600121498108,-0.42098069190979004,-0.41877439618110657,-0.419494092464447,-0.4176246225833893,-0.4164649248123169,-0.40985265374183655,-0.3762277662754059,-0.31336838006973267,0.6594867706298828,1.5185701847076416,-0.42552706599235535,-0.40623411536216736,0.23219186067581177,2.3517181873321533,2.758836269378662,2.912097454071045,2.0562150478363037,-0.34520652890205383,-0.3900226354598999,-0.41182050108909607,-0.41676652431488037,-0.41794663667678833,-0.4198627769947052,-0.41828855872154236]
[-0.4230377972126007,-0.4208064377307892,-0.4205024540424347,-0.4190989136695862,-0.42035889625549316,-0.41804707050323486,-0.4188391864299774,-0.4163094460964203,-0.417666494846344,-0.41589558124542236,-0.394313782453537,-0.3845069408416748,0.34106895327568054,0.6775374412536621,-0.4249914288520813,-0.43874630331993103,-0.11916863173246384,2.18371319770813,2.4628121852874756,2.9622273445129395,2.2038369178771973,-0.13815927505493164,-0.39228370785713196,-0.410483717918396,-0.4174741208553314,-0.4178905785083771,-0.42022669315338135,-0.41892147064208984]
[-0.4226399064064026,-0.4214423894882202,-0.42157262563705444,-0.420067697763443,-0.4215787947177887,-0.4187610149383545,-0.4196261763572693,-0.4166509509086609,-0.41933169960975647,-0.4121128022670746,-0.4149838984012604,-0.39539724588394165,0.9320080280303955,-0.3157130479812622,-0.4074648916721344,-0.39732539653778076,-0.2337290644645691,1.293049931526184,2.928333282470703,3.198899030685425,2.1564395427703857,-0.36465537548065186,-0.400771826505661,-0.4104202091693878,-0.4175141453742981,-0.41819697618484497,-0.4194217622280121,-0.4191306531429291]
[-0.42114728689193726,-0.42051446437835693,-0.42090433835983276,-0.4192681610584259,-0.42004144191741943,-0.4183894097805023,-0.4198419153690338,-0.4168836176395416,-0.4198223054409027,-0.4166852533817291,-0.43760383129119873,-0.40983080863952637,1.9843993186950684,-0.33615684509277344,-0.44148752093315125,-0.41318029165267944,-0.37561506032943726,1.3352773189544678,2.6105258464813232,2.7633137702941895,1.5066636800765991,-0.37012672424316406,-0.3989661931991577,-0.41197195649147034,-0.4178326725959778,-0.4198584258556366,-0.42018839716911316,-0.41894879937171936]
[-0.42053520679473877,-0.4208425283432007,-0.4211651086807251,-0.4197852611541748,-0.4198016822338104,-0.41830384731292725,-0.420366108417511,-0.4179871380329132,-0.4190320372581482,-0.4145718812942505,-0.44426229596138,-0.22484733164310455,2.0327844619750977,-0.3526245951652527,-0.44516217708587646,-0.4178035855293274,-0.24312645196914673,2.1212503910064697,2.523826837539673,2.7570242881774902,0.40039560198783875,-0.38320085406303406,-0.4032993018627167,-0.4150742292404175,-0.41854146122932434,-0.4192504286766052,-0.4199206233024597,-0.41889721155166626]
[-0.4210851192474365,-0.41979116201400757,-0.4203048050403595,-0.42019930481910706,-0.41947516798973083,-0.4185004234313965,-0.4207019805908203,-0.41704705357551575,-0.41718438267707825,-0.41935160756111145,-0.527918815612793,1.5332738161087036,1.4975579977035522,-0.3875359892845154,-0.42278337478637695,-0.41772809624671936,-0.14224420487880707,2.1010124683380127,2.5735957622528076,2.1526730060577393,-0.3657878637313843,-0.38801759481430054,-0.40852561593055725,-0.4149627685546875,-0.41865038871765137,-0.4194453954696655,-0.42100605368614197,-0.41964665055274963]
[-0.4214114248752594,-0.4193289279937744,-0.4200248122215271,-0.4192787706851959,-0.41882389783859253,-0.4192809760570526,-0.4207119643688202,-0.41883429884910583,-0.41681328415870667,-0.413851261138916,0.5879101753234863,2.776705026626587,1.2607314586639404,-0.3911121189594269,-0.40526282787323,-0.4122593104839325,-0.0415089949965477,1.3141168355941772,2.5468950271606445,-0.20121222734451294,-0.38796737790107727,-0.3952450156211853,-0.41261082887649536,-0.41542479395866394,-0.4183528423309326,-0.4190180003643036,-0.4206220507621765,-0.41936835646629333]
[-0.4211927056312561,-0.4192593991756439,-0.42035695910453796,-0.4181187152862549,-0.41868066787719727,-0.41583767533302307,-0.41707730293273926,-0.41742607951164246,-0.40472766757011414,-0.3918567895889282,1.961409568786621,2.3024585247039795,0.8720338344573975,-0.3754391670227051,-0.3973173499107361,-0.4154735207557678,-0.23388954997062683,1.9274442195892334,2.086902141571045,-0.31974107027053833,-0.39084362983703613,-0.404904305934906,-0.4142722487449646,-0.41597309708595276,-0.41908198595046997,-0.4182087481021881,-0.4201546013355255,-0.41903528571128845]
[-0.41995829343795776,-0.41836243867874146,-0.4194836914539337,-0.41769301891326904,-0.4198264479637146,-0.4150770604610443,-0.41590243577957153,-0.4100338816642761,-0.42356476187705994,0.4969262182712555,2.6150381565093994,2.776561737060547,1.3023231029510498,-0.38365229964256287,-0.3983885943889618,-0.410555899143219,0.5769052505493164,2.695483684539795,1.3354699611663818,-0.3838401734828949,-0.39122894406318665,-0.40806901454925537,-0.4153960347175598,-0.41717270016670227,-0.4190262258052826,-0.4182865619659424,-0.41985708475112915,-0.41972699761390686]
[-0.4204998016357422,-0.41871124505996704,-0.4179200232028961,-0.41642507910728455,-0.41554540395736694,-0.41099536418914795,-0.4050985276699066,-0.37691405415534973,0.6016606092453003,2.5424606800079346,3.1621997356414795,2.413290023803711,1.1262426376342773,-0.3847217559814453,-0.4005928933620453,-0.43089422583580017,1.5350042581558228,2.59480881690979,0.37578022480010986,-0.39981982111930847,-0.3889007866382599,-0.4083092212677002,-0.4168206751346588,-0.41641825437545776,-0.41942498087882996,-0.41854190826416016,-0.42008256912231445,-0.41914454102516174]
[-0.41958558559417725,-0.41889655590057373,-0.4177771806716919,-0.4170163571834564,-0.41561630368232727,-0.40990158915519714,-0.4120892882347107,0.7015513181686401,2.728645086288452,2.4081943035125732,2.3372676372528076,1.1767641305923462,-0.40086841583251953,-0.40711793303489685,-0.40132907032966614,-0.05266604572534561,2.1837878227233887,2.5595126152038574,1.4279159307479858,-0.3867591619491577,-0.3943153917789459,-0.40884363651275635,-0.4173249304294586,-0.41729193925857544,-0.41963493824005127,-0.41939252614974976,-0.4201224148273468,-0.41935276985168457]
[-0.42058807611465454,-0.4185711145401001,-0.4157666563987732,-0.4136679470539093,-0.41143250465393066,-0.4011467397212982,-0.0017925649881362915,3.2844979763031006,2.814441680908203,1.9630146026611328,2.072887420654297,-0.35816675424575806,-0.3963945209980011,-0.4251553416252136,-0.427185982465744,1.1399599313735962,2.458723783493042,2.733288049697876,1.5525010824203491,-0.38057905435562134,-0.39977043867111206,-0.4117649793624878,-0.42012131214141846,-0.418794721364975,-0.419863760471344,-0.41884976625442505,-0.4202655255794525,-0.41990089416503906]
[-0.42019590735435486,-0.4191698133945465,-0.4178754687309265,-0.4162496030330658,-0.4116192162036896,-0.3422779440879822,1.4536521434783936,2.220745801925659,2.2632791996002197,1.8041681051254272,1.8734633922576904,-0.3982211947441101,-0.37783458828926086,-0.39491671323776245,0.7785303592681885,2.386568069458008,2.5775740146636963,2.6388731002807617,1.2545102834701538,-0.37932536005973816,-0.4043216407299042,-0.41364243626594543,-0.41922855377197266,-0.4199281334877014,-0.42046359181404114,-0.41991713643074036,-0.42011627554893494,-0.4190782904624939]
[-0.41823041439056396,-0.417319118976593,-0.41493961215019226,-0.412266343832016,-0.4058481454849243,-0.13095331192016602,1.9847779273986816,2.777554750442505,2.056396245956421,2.8758997917175293,1.9696671962738037,-0.3682856559753418,-0.15526095032691956,1.3601064682006836,2.5543441772460938,2.628615617752075,2.7409777641296387,2.4654977321624756,-0.15470784902572632,-0.3990620970726013,-0.40864333510398865,-0.4152446985244751,-0.41938674449920654,-0.41954100131988525,-0.4203583598136902,-0.4195500314235687,-0.4203927516937256,-0.41933953762054443]
[-0.41833561658859253,-0.4178025424480438,-0.4141544997692108,-0.4130328297615051,-0.43225279450416565,0.41920343041419983,2.886963129043579,3.3010199069976807,2.1517391204833984,1.9626858234405518,2.8675031661987305,2.1538636684417725,2.2340564727783203,2.859001636505127,2.4909508228302,2.1741302013397217,1.5072211027145386,-0.10662595182657242,-0.394636869430542,-0.40085673332214355,-0.4121628701686859,-0.41730064153671265,-0.42034196853637695,-0.42058050632476807,-0.4204087257385254,-0.41933611035346985,-0.42011064291000366,-0.4190703332424164]
[-0.41844138503074646,-0.41546693444252014,-0.41564908623695374,-0.413215696811676,-0.4263858199119568,-0.31139013171195984,1.1695265769958496,3.1702449321746826,2.84728741645813,2.9547736644744873,2.6839599609375,3.9217748641967773,2.6981918811798096,1.8792463541030884,0.8156569004058838,-0.25974681973457336,-0.41053876280784607,-0.40258219838142395,-0.4080981910228729,-0.4047180712223053,-0.416410893201828,-0.4171106517314911,-0.42057907581329346,-0.4186989963054657,-0.42057090997695923,-0.41864460706710815,-0.4206315875053406,-0.41888201236724854]
[-0.4181584417819977,-0.4162033200263977,-0.41315311193466187,-0.4092540442943573,-0.4191257655620575,-0.3970327377319336,-0.3773374855518341,-0.463948518037796,1.4319552183151245,2.7593607902526855,3.0758326053619385,2.5411951541900635,0.503685712814331,-0.26551342010498047,-0.40371036529541016,-0.3996601700782776,-0.40462538599967957,-0.402153879404068,-0.41142451763153076,-0.412308007478714,-0.41741490364074707,-0.4174688756465912,-0.4200553894042969,-0.41887274384498596,-0.419846773147583,-0.4188798666000366,-0.42019784450531006,-0.41907021403312683]
[-0.4192598760128021,-0.41514381766319275,-0.4163528084754944,-0.410707026720047,-0.42068931460380554,-0.4174804091453552,-0.3942088186740875,-0.46810364723205566,-0.4705224335193634,-0.33978068828582764,-0.5514805316925049,-0.43472155928611755,-0.4131365418434143,-0.40723085403442383,-0.42337119579315186,-0.411562442779541,-0.4120264947414398,-0.4060305655002594,-0.41832438111305237,-0.4145015478134155,-0.41726255416870117,-0.4178932309150696,-0.4188773036003113,-0.41757702827453613,-0.42020097374916077,-0.4185485541820526,-0.4204806685447693,-0.4200615882873535]
[-0.422254353761673,-0.4175736606121063,-0.415230393409729,-0.4097476303577423,-0.41294798254966736,-0.41550391912460327,-0.4083678126335144,-0.3953731656074524,-0.38925901055336,-0.42570337653160095,-0.39064714312553406,-0.4137849509716034,-0.3867141008377075,-0.40646979212760925,-0.4140910506248474,-0.40921473503112793,-0.41244634985923767,-0.41316771507263184,-0.4166969656944275,-0.41460707783699036,-0.41690242290496826,-0.41704288125038147,-0.4186285436153412,-0.41811516880989075,-0.41936299204826355,-0.41939812898635864,-0.4200960695743561,-0.41945880651474]
[-0.4235723614692688,-0.41936492919921875,-0.4183751344680786,-0.41277986764907837,-0.4191833734512329,-0.4186708629131317,-0.41992905735969543,-0.4104578495025635,-0.4079740047454834,-0.40196096897125244,-0.3947770595550537,-0.3971193730831146,-0.4011637270450592,-0.4045317471027374,-0.4138597249984741,-0.4114030599594116,-0.41381150484085083,-0.4142782390117645,-0.41752198338508606,-0.41513657569885254,-0.4163952171802521,-0.41587620973587036,-0.4188527464866638,-0.41730478405952454,-0.4184117317199707,-0.4179578423500061,-0.4198993742465973,-0.41804105043411255]
[-0.4214380085468292,-0.4223637580871582,-0.4201754033565521,-0.4197510778903961,-0.4237633943557739,-0.42318618297576904,-0.4196845293045044,-0.4176653027534485,-0.41363435983657837,-0.40708810091018677,-0.39651528000831604,-0.4007958173751831,-0.4075646996498108,-0.41197463870048523,-0.41586726903915405,-0.4151381254196167,-0.4152916967868805,-0.4156474471092224,-0.4184708893299103,-0.4169514775276184,-0.4166974723339081,-0.4169926047325134,-0.4195435047149658,-0.4199930727481842,-0.4197341799736023,-0.4199110269546509,-0.4198205769062042,-0.41472724080085754]
