[-0.4171001613140106,-0.41834214329719543,-0.4195767343044281,-0.41885170340538025,-0.4203653931617737,-0.4201117157936096,-0.4197876453399658,-0.41888511180877686,-0.4211605489253998,-0.41906341910362244,-0.41848596930503845,-0.41786324977874756,-0.4213656485080719,-0.4180302619934082,-0.4202633500099182,-0.4191097915172577,-0.4215332269668579,-0.4182678163051605,-0.4201461970806122,-0.4201313555240631,-0.41879111528396606,-0.4155808389186859,-0.4181039035320282,-0.4173508286476135,-0.41327762603759766,-0.41571322083473206,-0.41272759437561035,-0.4115749001502991]
[-0.41966238617897034,-0.41984203457832336,-0.41982436180114746,-0.41948533058166504,-0.42018023133277893,-0.41956982016563416,-0.42023545503616333,-0.41825070977211,-0.42020684480667114,-0.4188428521156311,-0.41952580213546753,-0.41778281331062317,-0.42009249329566956,-0.41661837697029114,-0.4176473915576935,-0.41584721207618713,-0.4204025864601135,-0.41578176617622375,-0.41779476404190063,-0.4170312285423279,-0.41774657368659973,-0.4152505099773407,-0.41857606172561646,-0.41782882809638977,-0.41731300950050354,-0.4176609516143799,-0.4190709590911865,-0.41895145177841187]
[-0.4209032356739044,-0.4200133979320526,-0.4201807975769043,-0.4200884997844696,-0.42111343145370483,-0.42066898941993713,-0.420874685049057,-0.41865068674087524,-0.4209255278110504,-0.41900068521499634,-0.4179425537586212,-0.4194500148296356,-0.42066690325737,-0.41848084330558777,-0.41654646396636963,-0.41532182693481445,-0.41871416568756104,-0.41793033480644226,-0.4151703715324402,-0.4154905676841736,-0.41721782088279724,-0.4160844683647156,-0.41736045479774475,-0.41744527220726013,-0.41828110814094543,-0.418540894985199,-0.4202302098274231,-0.41779017448425293]
[-0.42098110914230347,-0.42018449306488037,-0.42029890418052673,-0.42018941044807434,-0.42162320017814636,-0.42007729411125183,-0.4208540916442871,-0.4186331331729889,-0.4202832281589508,-0.4188435673713684,-0.41909313201904297,-0.41794395446777344,-0.4191683530807495,-0.4145600497722626,-0.410115510225296,-0.41005125641822815,-0.4112272262573242,-0.41093045473098755,-0.4085158705711365,-0.410071462392807,-0.4184628427028656,-0.4165225625038147,-0.4180750250816345,-0.4174228310585022,-0.4185366928577423,-0.41810035705566406,-0.4197835922241211,-0.4170171022415161]
[-0.4209408462047577,-0.4199773967266083,-0.4196447432041168,-0.4197564125061035,-0.4215429723262787,-0.4195711612701416,-0.42110130190849304,-0.41840142011642456,-0.41873279213905334,-0.41730889678001404,-0.4161776304244995,-0.41722044348716736,-0.40767526626586914,-0.37876713275909424,-0.4123471677303314,-0.3718535006046295,-0.4206138551235199,-0.3613457679748535,-0.4281562864780426,-0.4100511968135834,-0.4109615385532379,-0.4099438786506653,-0.4124745726585388,-0.4145607650279999,-0.4178960621356964,-0.41680586338043213,-0.42011454701423645,-0.4171426296234131]
[-0.42071646451950073,-0.4204750955104828,-0.4201967120170593,-0.4196913540363312,-0.42138490080833435,-0.41953083872795105,-0.42038676142692566,-0.4185619652271271,-0.41817349195480347,-0.4161091148853302,-0.4170222580432892,-0.41627225279808044,-0.3426067531108856,0.038576290011405945,0.9460761547088623,1.156741976737976,0.8073399066925049,0.9750761985778809,0.09639835357666016,-0.377790242433548,-0.40058839321136475,-0.40508317947387695,-0.40553906559944153,-0.41351646184921265,-0.4177943766117096,-0.41729581356048584,-0.41923314332962036,-0.41634437441825867]
[-0.4217991530895233,-0.4204224944114685,-0.4204675555229187,-0.42011794447898865,-0.4211061894893646,-0.4198243319988251,-0.41998180747032166,-0.41656655073165894,-0.41422590613365173,-0.4167400598526001,-0.43968233466148376,-0.1984386444091797,1.922344446182251,2.8412926197052,2.996392011642456,3.3597075939178467,3.0898523330688477,3.167884111404419,2.5997073650360107,2.66534161567688,0.9532755613327026,-0.374129980802536,-0.4049689471721649,-0.4107896387577057,-0.41626518964767456,-0.41660988330841064,-0.4190691411495209,-0.4160827398300171]
[-0.42195892333984375,-0.42093223333358765,-0.42086294293403625,-0.4202474355697632,-0.42097800970077515,-0.42045164108276367,-0.4195573031902313,-0.417056679725647,-0.41172733902931213,-0.41096392273902893,0.2623307704925537,2.421010971069336,3.0910441875457764,2.9259963035583496,2.1741943359375,2.3629159927368164,2.534187078475952,2.604513645172119,2.365147352218628,3.3067851066589355,2.0679054260253906,0.14748859405517578,-0.4130081236362457,-0.41339734196662903,-0.4165319800376892,-0.41723352670669556,-0.41923487186431885,-0.41627171635627747]
[-0.42160049080848694,-0.4203243553638458,-0.42092329263687134,-0.420939564704895,-0.42054712772369385,-0.41890665888786316,-0.41943928599357605,-0.4155959188938141,-0.3952754735946655,-0.20605172216892242,2.4324188232421875,2.6940903663635254,2.1830976009368896,2.4780192375183105,0.9485294818878174,-0.05938827618956566,-0.33034002780914307,0.08426988124847412,1.7497940063476562,3.1030683517456055,2.130079984664917,-0.264982134103775,-0.4156230688095093,-0.41466909646987915,-0.4178908169269562,-0.41777029633522034,-0.41966286301612854,-0.41747236251831055]
[-0.42193788290023804,-0.4205312132835388,-0.4207070469856262,-0.41963449120521545,-0.42017921805381775,-0.41874322295188904,-0.4185005724430084,-0.41339126229286194,-0.3670193552970886,1.021274209022522,2.646575689315796,2.8161330223083496,2.183758497238159,1.2446779012680054,-0.3775513768196106,-0.36749720573425293,-0.37259623408317566,-0.39480626583099365,0.17609649896621704,1.9104509353637695,1.5884146690368652,-0.3860347270965576,-0.4150959551334381,-0.4166730046272278,-0.4207104444503784,-0.4189630448818207,-0.4188796877861023,-0.41642749309539795]
[-0.42256879806518555,-0.4208715856075287,-0.4218844771385193,-0.4204035997390747,-0.41990914940834045,-0.4178517758846283,-0.4145275950431824,-0.4000120162963867,0.11974935233592987,2.1340789794921875,2.754923105239868,2.428584337234497,1.8473646640777588,0.2277989387512207,-0.41443225741386414,-0.3961627185344696,-0.3834521472454071,-0.3957405984401703,-0.3954920172691345,1.1161284446716309,0.7540104389190674,-0.3927837610244751,-0.41052666306495667,-0.416688472032547,-0.42023608088493347,-0.41993120312690735,-0.4192723333835602,-0.41677767038345337]
[-0.4216289520263672,-0.42072609066963196,-0.4205925464630127,-0.42119354009628296,-0.4208820164203644,-0.4179691970348358,-0.4089604318141937,-0.391446053981781,1.3741438388824463,2.3616104125976562,2.7701094150543213,2.8804309368133545,2.0087194442749023,0.4386352598667145,-0.4522838890552521,-0.40223148465156555,-0.4088771939277649,-0.4278462827205658,-0.3076777458190918,1.3796558380126953,0.8878294229507446,-0.39682942628860474,-0.4085404574871063,-0.41574618220329285,-0.42012086510658264,-0.4193980395793915,-0.4189606308937073,-0.4169430136680603]
[-0.422199010848999,-0.4214663505554199,-0.41956159472465515,-0.4205089509487152,-0.4195351004600525,-0.41711804270744324,-0.40211495757102966,0.22455957531929016,2.684807300567627,2.7439162731170654,2.6859610080718994,2.555098533630371,1.9264929294586182,1.083974003791809,-0.16777701675891876,-0.18416723608970642,0.5293447971343994,1.3421375751495361,1.2896654605865479,2.5074284076690674,1.3954696655273438,-0.3751892149448395,-0.40713760256767273,-0.41091570258140564,-0.4169843792915344,-0.41855135560035706,-0.4199827015399933,-0.41708022356033325]
[-0.4226762652397156,-0.4212718605995178,-0.4188327193260193,-0.4200707674026489,-0.42007115483283997,-0.41589096188545227,-0.30779725313186646,1.4822942018508911,2.953132390975952,2.8799235820770264,2.5323426723480225,2.480388879776001,1.9891388416290283,1.5620640516281128,1.7777141332626343,2.2061820030212402,2.403376579284668,2.1047587394714355,2.572827100753784,2.9374396800994873,2.065822124481201,-0.2991461157798767,-0.4084816873073578,-0.4110223352909088,-0.4153732359409332,-0.41792383790016174,-0.41879788041114807,-0.4170309603214264]
[-0.42148253321647644,-0.41939622163772583,-0.4185808598995209,-0.4180543124675751,-0.416265070438385,-0.4083312749862671,0.06697753071784973,2.29909348487854,3.117368221282959,3.0219650268554688,2.405214309692383,1.9750580787658691,1.7404272556304932,1.8391343355178833,2.2242038249969482,2.5365028381347656,2.332273244857788,2.6219794750213623,2.492149829864502,2.7069034576416016,2.493189811706543,0.6197608709335327,-0.396381676197052,-0.4091159701347351,-0.4141753911972046,-0.4167463183403015,-0.41860339045524597,-0.41656777262687683]
[-0.41953903436660767,-0.41834554076194763,-0.41871076822280884,-0.4189039170742035,-0.4155590534210205,-0.2578638792037964,0.6379650831222534,2.7050795555114746,2.581420421600342,1.9063231945037842,0.577544093132019,1.009078860282898,1.822404146194458,2.196018934249878,2.222710132598877,2.4048876762390137,0.5354689359664917,0.314200222492218,1.215647578239441,2.25624418258667,3.069988250732422,1.6607792377471924,-0.3895007371902466,-0.41120150685310364,-0.41393139958381653,-0.415882408618927,-0.41815561056137085,-0.4163004755973816]
[-0.42009806632995605,-0.4197155237197876,-0.4190760850906372,-0.416706919670105,-0.4208151400089264,0.08199329674243927,0.9259153604507446,1.518096923828125,0.1318833827972412,0.0908706933259964,-0.5280139446258545,-0.146762415766716,2.219202756881714,3.3187406063079834,2.45261549949646,0.5932250022888184,-0.33702969551086426,-0.3018883168697357,0.7976679801940918,2.5376439094543457,3.3061814308166504,2.1250216960906982,-0.25761109590530396,-0.3839322030544281,-0.40834400057792664,-0.41499409079551697,-0.4195820093154907,-0.41658687591552734]
[-0.4191412329673767,-0.4181597828865051,-0.41863778233528137,-0.41666653752326965,-0.41926613450050354,-0.3816245496273041,-0.1470012068748474,0.0977722704410553,-0.46289119124412537,-0.4508994519710541,-0.5120809078216553,-0.13771601021289825,1.3935285806655884,1.96537446975708,2.357621192932129,0.24945729970932007,-0.35999825596809387,0.11782345175743103,1.1757076978683472,2.2876479625701904,2.534108877182007,1.9903032779693604,0.5020804405212402,-0.38823726773262024,-0.4092894196510315,-0.41603294014930725,-0.41931790113449097,-0.4164523482322693]
[-0.42022138833999634,-0.4183436632156372,-0.4190782904624939,-0.4171149432659149,-0.417193740606308,-0.4076251685619354,0.04731813073158264,0.09306152164936066,-0.04589749127626419,-0.09022405743598938,0.8689867258071899,1.5699374675750732,2.4662718772888184,2.7035248279571533,3.257049322128296,1.9140541553497314,2.428981304168701,2.1982884407043457,2.5174200534820557,3.2514779567718506,2.1962878704071045,2.5372304916381836,0.7477047443389893,-0.3765237331390381,-0.41112232208251953,-0.41810691356658936,-0.4208776652812958,-0.4188273549079895]
[-0.4182972013950348,-0.4174966812133789,-0.4181113839149475,-0.41739752888679504,-0.4195089042186737,-0.40652188658714294,0.4110408127307892,2.5632472038269043,2.4580020904541016,2.9248504638671875,2.844959259033203,2.3241329193115234,3.226961135864258,2.878180742263794,3.1578099727630615,2.0785727500915527,3.4249351024627686,3.054250478744507,2.267995834350586,2.619157314300537,2.2169973850250244,1.484276533126831,-0.22032120823860168,-0.39237526059150696,-0.41286078095436096,-0.4204528033733368,-0.41915589570999146,-0.41746601462364197]
[-0.41885122656822205,-0.41666120290756226,-0.41755813360214233,-0.4176812171936035,-0.42183515429496765,-0.40724337100982666,-0.09078794717788696,2.6211440563201904,2.577310085296631,2.738051176071167,2.0759711265563965,2.2022790908813477,2.2774839401245117,1.6338106393814087,2.858581781387329,2.1531968116760254,3.338491678237915,2.0780584812164307,1.0547857284545898,0.8470209836959839,-0.32380276918411255,-0.3687455356121063,-0.39365169405937195,-0.4096434414386749,-0.41664543747901917,-0.4200487434864044,-0.42072758078575134,-0.42086103558540344]
[-0.4194956123828888,-0.41707685589790344,-0.4166381061077118,-0.41558539867401123,-0.41974303126335144,-0.4093421697616577,-0.32139647006988525,0.8721041679382324,1.7834519147872925,2.202378273010254,2.31797456741333,2.105684757232666,2.9267773628234863,2.3588850498199463,2.727081060409546,1.6048794984817505,1.1255993843078613,-0.28000444173812866,-0.33446604013442993,-0.3605153560638428,-0.4074016809463501,-0.41034048795700073,-0.40609675645828247,-0.4148007035255432,-0.4182590842247009,-0.4198002517223358,-0.4210059344768524,-0.4208988547325134]
[-0.42021894454956055,-0.41726163029670715,-0.4176226854324341,-0.41554200649261475,-0.41960760951042175,-0.41675764322280884,-0.3995716869831085,-0.34096482396125793,0.028162822127342224,0.3906996548175812,0.21992123126983643,-0.39015454053878784,-0.37950828671455383,-0.3581278920173645,-0.3721505403518677,-0.39657387137413025,-0.4133433401584625,-0.38787928223609924,-0.3883855938911438,-0.3977419435977936,-0.4079844057559967,-0.4044572710990906,-0.4122035801410675,-0.41546228528022766,-0.4186049997806549,-0.4187350273132324,-0.4216572046279907,-0.4209626317024231]
[-0.4191109836101532,-0.41755449771881104,-0.4172095060348511,-0.41592878103256226,-0.4195995330810547,-0.41670578718185425,-0.4015069901943207,-0.38992610573768616,-0.397830069065094,-0.39981189370155334,-0.4095667600631714,-0.4075547158718109,-0.38587069511413574,-0.41190770268440247,-0.4165663719177246,-0.4038463234901428,-0.3994353711605072,-0.40200504660606384,-0.401595801115036,-0.40557143092155457,-0.4072573482990265,-0.4108348786830902,-0.4150465428829193,-0.4164782166481018,-0.4180976152420044,-0.4197128117084503,-0.4207221269607544,-0.4195976257324219]
[-0.41890206933021545,-0.4164499342441559,-0.41821762919425964,-0.41489794850349426,-0.4173339605331421,-0.41687458753585815,-0.4127156138420105,-0.4049704670906067,-0.4192233681678772,-0.4101271629333496,-0.4174056649208069,-0.4083537459373474,-0.4046424329280853,-0.40955010056495667,-0.4056662619113922,-0.4070269465446472,-0.40402713418006897,-0.40630030632019043,-0.41599276661872864,-0.4138680696487427,-0.4151715934276581,-0.41507333517074585,-0.4151873290538788,-0.4158889055252075,-0.41905319690704346,-0.41962340474128723,-0.42057812213897705,-0.421382874250412]
[-0.4200436770915985,-0.4177320897579193,-0.41880854964256287,-0.41502436995506287,-0.4182111322879791,-0.41635239124298096,-0.41518133878707886,-0.4112321436405182,-0.41119417548179626,-0.41814568638801575,-0.4122791886329651,-0.40890902280807495,-0.4097353518009186,-0.41043463349342346,-0.4090122580528259,-0.4116298258304596,-0.4147908389568329,-0.41349002718925476,-0.41416051983833313,-0.41539710760116577,-0.41713598370552063,-0.41563454270362854,-0.41692081093788147,-0.41682517528533936,-0.4176948368549347,-0.4187278151512146,-0.42019122838974,-0.41988301277160645]
[-0.4207698702812195,-0.41784611344337463,-0.4196966588497162,-0.41599664092063904,-0.4177420735359192,-0.4146095812320709,-0.41513606905937195,-0.41297170519828796,-0.41625431180000305,-0.4207622706890106,-0.418345183134079,-0.4133085310459137,-0.4139094650745392,-0.410906046628952,-0.4135900139808655,-0.413615345954895,-0.415773868560791,-0.4149177074432373,-0.4152351915836334,-0.41457274556159973,-0.41741061210632324,-0.4158393442630768,-0.41689297556877136,-0.41599130630493164,-0.41832366585731506,-0.4174198806285858,-0.4195653200149536,-0.41706383228302]
[-0.4211341440677643,-0.4178959131240845,-0.4195578396320343,-0.41772186756134033,-0.41849514842033386,-0.4185381531715393,-0.41692209243774414,-0.4172711968421936,-0.4191918969154358,-0.41606032848358154,-0.41806864738464355,-0.41281813383102417,-0.41298723220825195,-0.4144904613494873,-0.41738635301589966,-0.4130318760871887,-0.417088121175766,-0.4158893823623657,-0.4184664487838745,-0.41719135642051697,-0.41756317019462585,-0.41345158219337463,-0.41501477360725403,-0.41652897000312805,-0.41720062494277954,-0.4140787720680237,-0.4166546165943146,-0.4101105034351349]
