[-0.4167061746120453,-0.41891002655029297,-0.41935768723487854,-0.41918134689331055,-0.41915830969810486,-0.4182452857494354,-0.41956424713134766,-0.41885074973106384,-0.4205828309059143,-0.42065003514289856,-0.42057281732559204,-0.4182979166507721,-0.4181794822216034,-0.41814717650413513,-0.4190133512020111,-0.41831374168395996,-0.4176633954048157,-0.41641855239868164,-0.4169510006904602,-0.41714751720428467,-0.4202632009983063,-0.41913631558418274,-0.42169883847236633,-0.4192177653312683,-0.41642633080482483,-0.4203423261642456,-0.42373740673065186,-0.424167275428772]
[-0.41869112849235535,-0.419644832611084,-0.41990911960601807,-0.41863948106765747,-0.4197421669960022,-0.41817066073417664,-0.41927045583724976,-0.41875869035720825,-0.42100414633750916,-0.4188581705093384,-0.41952431201934814,-0.4165765643119812,-0.4213253855705261,-0.41727975010871887,-0.41856274008750916,-0.41636914014816284,-0.41757121682167053,-0.41556841135025024,-0.4178553819656372,-0.4165742099285126,-0.41829437017440796,-0.4174068868160248,-0.42052793502807617,-0.41821280121803284,-0.4195548892021179,-0.4205664396286011,-0.41977861523628235,-0.4224851131439209]
[-0.420186311006546,-0.41924765706062317,-0.4195428788661957,-0.4184205234050751,-0.4191080629825592,-0.4175708591938019,-0.4187077283859253,-0.4198397994041443,-0.4165543019771576,-0.41817471385002136,-0.42325592041015625,-0.4163070023059845,-0.4166114628314972,-0.41769859194755554,-0.41749700903892517,-0.41474032402038574,-0.4140951633453369,-0.41679832339286804,-0.41883087158203125,-0.41544076800346375,-0.41725558042526245,-0.4170544743537903,-0.41892915964126587,-0.41803696751594543,-0.41896942257881165,-0.41971659660339355,-0.42096471786499023,-0.41959643363952637]
[-0.4202907681465149,-0.4201553463935852,-0.42054465413093567,-0.41874420642852783,-0.4195493459701538,-0.41772451996803284,-0.41783496737480164,-0.4171247184276581,-0.4349653124809265,-0.44058239459991455,-0.44578656554222107,-0.42005884647369385,-0.41000789403915405,-0.4114743769168854,-0.4110882878303528,-0.41399458050727844,-0.4168531596660614,-0.41820695996284485,-0.41899868845939636,-0.4189460277557373,-0.4173610508441925,-0.41788649559020996,-0.4184674918651581,-0.4178236722946167,-0.4173870384693146,-0.4197831153869629,-0.4200114905834198,-0.4201757311820984]
[-0.41956913471221924,-0.41984817385673523,-0.41887030005455017,-0.41784754395484924,-0.4148050546646118,-0.411334365606308,-0.43917208909988403,-0.33449509739875793,-0.021672002971172333,0.9576433897018433,0.3797406554222107,-0.3444436192512512,-0.40020912885665894,-0.4017948806285858,-0.39067864418029785,-0.397680401802063,-0.4367675483226776,-0.4333268105983734,-0.4198940396308899,-0.4155055284500122,-0.4171154201030731,-0.4169433116912842,-0.4137047231197357,-0.4138419032096863,-0.41160014271736145,-0.4154980480670929,-0.41850802302360535,-0.4183898866176605]
[-0.42079102993011475,-0.42035651206970215,-0.41836804151535034,-0.4173640310764313,-0.4137119948863983,-0.2747691571712494,1.4662399291992188,2.2227771282196045,2.498093843460083,2.9469282627105713,2.3904669284820557,1.0620044469833374,-0.05884319543838501,0.1928713619709015,-0.39080309867858887,-0.28288769721984863,-0.3632534146308899,-0.43304526805877686,-0.4046894609928131,-0.41797196865081787,-0.4124416410923004,-0.4003104567527771,-0.41449397802352905,-0.40587034821510315,-0.4068889915943146,-0.412751704454422,-0.4163009226322174,-0.4179685711860657]
[-0.42089197039604187,-0.4195277690887451,-0.4179159104824066,-0.4166513681411743,-0.22819426655769348,1.8626551628112793,2.976473569869995,3.006369113922119,2.528414726257324,3.1011791229248047,2.5668764114379883,2.520026922225952,2.730786085128784,3.0346879959106445,2.675492763519287,2.757676124572754,2.5950469970703125,2.8975789546966553,1.9800660610198975,1.4643112421035767,0.991324782371521,0.7862111330032349,-0.30321478843688965,-0.38575875759124756,-0.40432649850845337,-0.40849125385284424,-0.4175344705581665,-0.41685962677001953]
[-0.4210178852081299,-0.4206654727458954,-0.4177919924259186,-0.4197651147842407,0.07489153742790222,2.4812943935394287,2.5636987686157227,3.0093820095062256,2.5697734355926514,3.366459846496582,3.369185447692871,3.2219412326812744,3.250481605529785,2.70389723777771,2.562988519668579,2.3612375259399414,2.684471607208252,2.780468702316284,2.4412004947662354,2.5926969051361084,3.0188775062561035,2.5148823261260986,1.2277687788009644,0.32750219106674194,-0.40692567825317383,-0.40834078192710876,-0.4158564805984497,-0.41704681515693665]
[-0.4208833873271942,-0.4203314483165741,-0.4165292978286743,-0.4207744598388672,-0.24452632665634155,0.6037646532058716,1.0682989358901978,2.4310271739959717,1.1847401857376099,0.6867884397506714,0.44468680024147034,0.966526985168457,1.3587452173233032,2.508589744567871,2.755401372909546,1.9138140678405762,2.882664203643799,3.0686073303222656,2.9443349838256836,2.998955249786377,3.453606128692627,2.411295175552368,1.3806357383728027,0.2504776120185852,-0.4100243151187897,-0.4110897183418274,-0.41858744621276855,-0.4180716872215271]
[-0.4210197329521179,-0.4196851849555969,-0.41700121760368347,-0.4181465804576874,-0.3629430830478668,-0.3286765217781067,-0.41286715865135193,-0.39684662222862244,-0.4029513895511627,-0.36466631293296814,-0.4182244539260864,-0.3055737614631653,-0.33176010847091675,1.2108585834503174,3.129946231842041,2.8503735065460205,3.014138698577881,2.846839189529419,2.908287525177002,3.1341888904571533,3.167719602584839,2.2848711013793945,0.0621086061000824,-0.4001562297344208,-0.40906673669815063,-0.4129584729671478,-0.4178433418273926,-0.4177948534488678]
[-0.41965121030807495,-0.41890648007392883,-0.4167872667312622,-0.41447630524635315,-0.4020598232746124,-0.39928993582725525,-0.4161180853843689,-0.41559407114982605,-0.41126975417137146,-0.4082500636577606,-0.40550681948661804,-0.3977087736129761,-0.35525280237197876,1.4249447584152222,2.860224485397339,2.478557586669922,1.8660011291503906,2.508995532989502,1.8081638813018799,1.3055554628372192,0.8607132434844971,-0.22799530625343323,-0.399616003036499,-0.409011572599411,-0.41443049907684326,-0.415857195854187,-0.4211598336696625,-0.4191941022872925]
[-0.4205656945705414,-0.4191339612007141,-0.4177865982055664,-0.4136544167995453,-0.40824228525161743,-0.4091121554374695,-0.41321176290512085,-0.4056699275970459,-0.4034976363182068,-0.4048773944377899,-0.40454620122909546,-0.39727649092674255,-0.38071441650390625,0.8374559879302979,2.442760944366455,2.62398362159729,2.456221103668213,1.5580123662948608,-0.10110057890415192,-0.33950236439704895,-0.37375345826148987,-0.4079488217830658,-0.40617647767066956,-0.41030794382095337,-0.4139127731323242,-0.41753190755844116,-0.4215315878391266,-0.4182654321193695]
[-0.41990068554878235,-0.41871702671051025,-0.4186346232891083,-0.4161374270915985,-0.41453099250793457,-0.4128924012184143,-0.41609564423561096,-0.4133930504322052,-0.41423705220222473,-0.4138072431087494,-0.4103373885154724,-0.4063703119754791,-0.3134279251098633,1.674164891242981,2.4245221614837646,2.9105513095855713,1.9160680770874023,1.3034570217132568,-0.4189280867576599,-0.3982451260089874,-0.40582379698753357,-0.40491023659706116,-0.4120738208293915,-0.41245371103286743,-0.41664057970046997,-0.41843652725219727,-0.42097604274749756,-0.4191276431083679]
[-0.42104583978652954,-0.41794461011886597,-0.4166256785392761,-0.4161894917488098,-0.4190264344215393,-0.41660842299461365,-0.4169032573699951,-0.4139726758003235,-0.417062908411026,-0.41571736335754395,-0.41057491302490234,-0.40388521552085876,-0.2106463611125946,1.9866125583648682,2.6882994174957275,2.7057554721832275,2.496685743331909,1.8873085975646973,-0.19760677218437195,-0.3920557498931885,-0.402168869972229,-0.4061899483203888,-0.41477081179618835,-0.4154137969017029,-0.41931188106536865,-0.4181371331214905,-0.41975802183151245,-0.41821902990341187]
[-0.42035791277885437,-0.4181603789329529,-0.41563379764556885,-0.4170602262020111,-0.41756221652030945,-0.417754590511322,-0.41891536116600037,-0.4161018133163452,-0.4152024984359741,-0.4153268337249756,-0.41214051842689514,-0.4083024561405182,-0.32991302013397217,1.6107425689697266,3.067636728286743,3.244276762008667,2.3089184761047363,2.357550621032715,1.3148932456970215,-0.3871942460536957,-0.391841858625412,-0.40366846323013306,-0.41519030928611755,-0.41528555750846863,-0.41846221685409546,-0.4175659716129303,-0.41899240016937256,-0.41841989755630493]
[-0.4201207756996155,-0.4180370569229126,-0.41655445098876953,-0.4151798486709595,-0.41800656914711,-0.4176194369792938,-0.4187985360622406,-0.4195849895477295,-0.4150523841381073,-0.4160294532775879,-0.41189390420913696,-0.40989431738853455,-0.37672287225723267,0.17397305369377136,1.9826462268829346,3.3722386360168457,2.8536131381988525,2.769209623336792,2.186257839202881,0.5530552864074707,-0.3824358582496643,-0.4018407166004181,-0.41232261061668396,-0.416220098733902,-0.41823527216911316,-0.41783636808395386,-0.4183240532875061,-0.41824376583099365]
[-0.41929057240486145,-0.41908949613571167,-0.414486825466156,-0.4145145118236542,-0.41120049357414246,-0.410440593957901,-0.414219468832016,-0.4105401337146759,-0.41098907589912415,-0.41537368297576904,-0.4144679307937622,-0.4119444191455841,-0.39506277441978455,-0.41661569476127625,0.5688995122909546,2.183558464050293,3.072906732559204,2.6747546195983887,2.960129737854004,1.930816888809204,-0.3479766845703125,-0.394618958234787,-0.41370365023612976,-0.4159948527812958,-0.4185899496078491,-0.4176650941371918,-0.4185066819190979,-0.4182189404964447]
[-0.4188862442970276,-0.4176166355609894,-0.4147392511367798,-0.43302837014198303,-0.4104505181312561,-0.43561697006225586,-0.44540032744407654,-0.41044652462005615,-0.40417733788490295,-0.4138769805431366,-0.4173021912574768,-0.4129737913608551,-0.4051534831523895,-0.40370211005210876,-0.5202871561050415,0.5073833465576172,1.7065889835357666,2.2965190410614014,3.0780625343322754,2.1318628787994385,-0.2603294253349304,-0.3963567912578583,-0.41260313987731934,-0.41727352142333984,-0.4188956916332245,-0.41815438866615295,-0.4187775254249573,-0.41858434677124023]
[-0.41961824893951416,-0.4186667203903198,-0.43941906094551086,0.4809052050113678,2.246675968170166,2.0562241077423096,0.9580577611923218,-0.38193830847740173,-0.39361539483070374,-0.41064924001693726,-0.4192521870136261,-0.41534674167633057,-0.41509878635406494,-0.41077330708503723,-0.43526849150657654,-0.24129970371723175,1.5224149227142334,2.613192081451416,2.7318897247314453,1.9597773551940918,-0.3672534227371216,-0.3999335765838623,-0.41391509771347046,-0.4177054166793823,-0.4199080467224121,-0.4188372492790222,-0.4198351502418518,-0.41915273666381836]
[-0.4212171137332916,-0.2732892334461212,0.7250176668167114,2.7101314067840576,3.386854887008667,2.9123027324676514,2.626232624053955,-0.347461074590683,-0.37304723262786865,-0.3890511691570282,-0.411678284406662,-0.41405951976776123,-0.41829174757003784,-0.4092879891395569,-0.37929999828338623,0.36759257316589355,2.3899590969085693,2.9280946254730225,2.9525134563446045,1.436608076095581,-0.3904918134212494,-0.4067547917366028,-0.41782814264297485,-0.4182681739330292,-0.41975781321525574,-0.41910460591316223,-0.42007380723953247,-0.4191479980945587]
[-0.4285065829753876,0.10128411650657654,1.3850500583648682,2.4878151416778564,2.92462420463562,2.2384278774261475,2.559492349624634,0.612815260887146,-0.32771775126457214,-0.376020610332489,-0.4129139482975006,-0.3971501290798187,-0.4027864933013916,-0.3903052508831024,0.37793001532554626,2.402635097503662,2.942678213119507,3.3392467498779297,2.631155490875244,-0.07345489412546158,-0.3975398540496826,-0.4115179181098938,-0.4204302728176117,-0.4183540344238281,-0.4207650423049927,-0.4190989136695862,-0.42002683877944946,-0.4194326400756836]
[-0.42805618047714233,-0.3847082257270813,0.4478408396244049,2.834766387939453,4.151959419250488,3.601457118988037,3.664001941680908,2.6038401126861572,1.9544939994812012,0.8811681270599365,-0.37459540367126465,-0.4274657070636749,-0.1790599822998047,1.5489857196807861,2.8932385444641113,2.423393487930298,2.1516199111938477,2.4707586765289307,1.9002728462219238,-0.35901981592178345,-0.3993143141269684,-0.4155632257461548,-0.4207819998264313,-0.41956570744514465,-0.4211321771144867,-0.4195643365383148,-0.41997990012168884,-0.41878199577331543]
[-0.418153315782547,-0.4257673919200897,-0.4936011731624603,0.07915408909320831,1.941786527633667,3.0965633392333984,4.060734748840332,3.927175998687744,3.619971990585327,3.820167064666748,2.6678521633148193,2.958531618118286,2.15682315826416,3.1759696006774902,3.094119071960449,3.5133063793182373,2.7508411407470703,2.1934916973114014,0.8849762678146362,-0.3831033706665039,-0.4069478511810303,-0.4144197404384613,-0.41955384612083435,-0.4189605414867401,-0.42031797766685486,-0.41941919922828674,-0.41999560594558716,-0.41917863488197327]
[-0.40847063064575195,-0.4123849868774414,-0.39281588792800903,-0.29800987243652344,-0.6921041011810303,-0.31845277547836304,3.0444626808166504,3.784221649169922,3.655251979827881,3.1147825717926025,2.6044580936431885,3.3192033767700195,1.8535499572753906,2.629369020462036,2.3009700775146484,3.116844415664673,2.4203035831451416,0.8636816740036011,-0.37941062450408936,-0.3947429656982422,-0.4057396352291107,-0.41543444991111755,-0.41959890723228455,-0.41964972019195557,-0.4207746684551239,-0.41940978169441223,-0.41999098658561707,-0.418300062417984]
[-0.41589000821113586,-0.41381439566612244,-0.40360620617866516,-0.3939090073108673,-0.38785189390182495,-0.5109110474586487,-0.7001628875732422,-0.5663642883300781,-0.5332013964653015,-0.26483893394470215,-0.2631376385688782,-0.21065287292003632,-0.3483450412750244,-0.3497057557106018,-0.35879018902778625,-0.32532715797424316,-0.39957574009895325,-0.38066720962524414,-0.3976295590400696,-0.4006456136703491,-0.41298094391822815,-0.41479140520095825,-0.41879042983055115,-0.4190882444381714,-0.4202320873737335,-0.419116348028183,-0.4202605187892914,-0.4187459945678711]
[-0.4184480309486389,-0.4143562912940979,-0.4063185155391693,-0.39165350794792175,-0.38785916566848755,-0.39245375990867615,-0.40190252661705017,-0.49104800820350647,-0.4023134112358093,-0.409893661737442,-0.39104393124580383,-0.42969194054603577,-0.3975033760070801,-0.3697991967201233,-0.38783249258995056,-0.3934222459793091,-0.38272517919540405,-0.4048367142677307,-0.4078041911125183,-0.41156885027885437,-0.4155496656894684,-0.41674545407295227,-0.41763532161712646,-0.420121431350708,-0.42014700174331665,-0.4194623529911041,-0.41962629556655884,-0.4178219735622406]
[-0.42344141006469727,-0.41568270325660706,-0.4145209789276123,-0.4049588143825531,-0.4134661853313446,-0.41002294421195984,-0.39256107807159424,-0.3921419084072113,-0.39247289299964905,-0.39663979411125183,-0.40345466136932373,-0.39862024784088135,-0.40806832909584045,-0.3917880654335022,-0.4013395607471466,-0.4049972593784332,-0.40028536319732666,-0.40828314423561096,-0.4117114841938019,-0.4132678508758545,-0.41539520025253296,-0.4168202877044678,-0.41811543703079224,-0.41769906878471375,-0.41924890875816345,-0.4179278612136841,-0.4190860688686371,-0.4170030653476715]
[-0.41903775930404663,-0.423544317483902,-0.4200073778629303,-0.41529983282089233,-0.4245718717575073,-0.41697007417678833,-0.4047811031341553,-0.399316668510437,-0.40538567304611206,-0.4141002893447876,-0.4039630889892578,-0.4116738438606262,-0.41206270456314087,-0.40962618589401245,-0.40249112248420715,-0.4056175649166107,-0.4109192192554474,-0.41034379601478577,-0.4126468598842621,-0.41415393352508545,-0.414903461933136,-0.4166735112667084,-0.41830047965049744,-0.4197613298892975,-0.4197862148284912,-0.4184235632419586,-0.41874799132347107,-0.41351118683815]
