[-0.41776371002197266,-0.4193454682826996,-0.4190971255302429,-0.4183349311351776,-0.41951343417167664,-0.4181426763534546,-0.42057639360427856,-0.4189174175262451,-0.42096689343452454,-0.41952604055404663,-0.41972190141677856,-0.4108612835407257,-0.4217982590198517,-0.41981399059295654,-0.41926857829093933,-0.42305800318717957,-0.4179702699184418,-0.4105868339538574,0.02850814163684845,1.5307259559631348,-0.12070074677467346,-0.07372429221868515,-0.391000360250473,-0.3687440752983093,-0.3807280361652374,-0.3908257782459259,-0.373965859413147,-0.39301928877830505]
[-0.4196292459964752,-0.42001524567604065,-0.4198518991470337,-0.4183284640312195,-0.41998419165611267,-0.41733497381210327,-0.41937053203582764,-0.4182593822479248,-0.4192037582397461,-0.41528746485710144,-0.4152638614177704,-0.41046419739723206,-0.4205727279186249,-0.42765334248542786,-0.43242716789245605,-0.44504860043525696,-0.4357284903526306,-0.4300273656845093,-0.37768852710723877,-0.41308140754699707,-0.3696569502353668,-0.3451906740665436,-0.3990567922592163,-0.3983967900276184,-0.39501506090164185,-0.40148431062698364,-0.4063677191734314,-0.40530869364738464]
[-0.4205986261367798,-0.4195762872695923,-0.41977304220199585,-0.4177434742450714,-0.4190186560153961,-0.41777223348617554,-0.4190681576728821,-0.41839486360549927,-0.4163438677787781,-0.41799861192703247,-0.4210336208343506,-0.3670613169670105,-0.34141430258750916,-0.47995463013648987,-0.45355933904647827,-0.37844663858413696,-0.37703579664230347,-0.37075626850128174,0.2413705289363861,-0.35995543003082275,-0.3852173089981079,-0.39318546652793884,-0.4156864583492279,-0.41193023324012756,-0.4126107394695282,-0.41113343834877014,-0.41775211691856384,-0.4119315445423126]
[-0.42092928290367126,-0.41980981826782227,-0.41968634724617004,-0.41776278614997864,-0.4186178743839264,-0.4184052348136902,-0.4176976978778839,-0.417671799659729,-0.4143921732902527,-0.403748095035553,-0.46443647146224976,-0.3317415118217468,0.15572243928909302,-0.04516518861055374,-0.6528044939041138,-0.6589686870574951,-0.5264824628829956,1.1045923233032227,1.6922399997711182,-0.33791008591651917,-0.3669806718826294,-0.40298545360565186,-0.4120061695575714,-0.4167686700820923,-0.41569361090660095,-0.41584184765815735,-0.41658127307891846,-0.4155723750591278]
[-0.4205111861228943,-0.4192599654197693,-0.4182165861129761,-0.4174104630947113,-0.4183357059955597,-0.41704922914505005,-0.4156675338745117,-0.41103845834732056,-0.39992451667785645,-0.16161763668060303,1.4564249515533447,3.1785850524902344,2.503816843032837,4.504517078399658,3.07661771774292,2.4786200523376465,1.8450199365615845,2.593909978866577,2.4982521533966064,-0.3896690309047699,-0.3929608166217804,-0.403124064207077,-0.4121875762939453,-0.41605839133262634,-0.41838544607162476,-0.41751357913017273,-0.41747698187828064,-0.41715696454048157]
[-0.4198940098285675,-0.419545441865921,-0.41836974024772644,-0.4173928499221802,-0.41747257113456726,-0.41693469882011414,-0.4147406220436096,-0.4297056496143341,0.2534630298614502,2.418692111968994,3.7532200813293457,3.019056797027588,2.535517692565918,0.9805089235305786,2.8744828701019287,3.244629144668579,2.568812847137451,2.5351741313934326,2.581676959991455,0.7588040828704834,-0.4210053086280823,-0.4160090386867523,-0.4085986018180847,-0.41344013810157776,-0.41708266735076904,-0.41688084602355957,-0.4174536466598511,-0.41693660616874695]
[-0.419938325881958,-0.4180688261985779,-0.41895657777786255,-0.41758084297180176,-0.4187532663345337,-0.41593825817108154,-0.42555880546569824,0.9326562881469727,2.4878485202789307,2.66495943069458,2.203809976577759,1.577358603477478,2.1028614044189453,1.2041244506835938,2.0115392208099365,1.7928988933563232,2.392967939376831,1.6886316537857056,2.2782931327819824,2.963618278503418,0.9554553031921387,-0.3587883710861206,-0.397661030292511,-0.4192124903202057,-0.41012921929359436,-0.41380250453948975,-0.41571635007858276,-0.4158143103122711]
[-0.4197028875350952,-0.41829514503479004,-0.41866347193717957,-0.41799283027648926,-0.4175713360309601,-0.412317156791687,-0.12664660811424255,2.957467555999756,3.136061906814575,3.108170986175537,2.5863239765167236,2.4121220111846924,2.2767038345336914,1.7207589149475098,1.1989811658859253,1.0350817441940308,2.5685818195343018,2.298552989959717,2.313817262649536,2.807587146759033,2.5941951274871826,1.6221964359283447,-0.23722589015960693,-0.4216218590736389,-0.39615046977996826,-0.40528956055641174,-0.4110848903656006,-0.4144544303417206]
[-0.42069369554519653,-0.418576180934906,-0.41880252957344055,-0.4177744388580322,-0.4178328812122345,-0.41216281056404114,-0.1890260875225067,1.6993407011032104,1.3748725652694702,1.782259464263916,1.9212696552276611,0.40875402092933655,-0.337338924407959,0.03511269390583038,-0.06504414230585098,1.143330454826355,3.042203187942505,3.541487216949463,3.012502908706665,2.912662982940674,3.1512467861175537,3.0723912715911865,2.912404775619507,1.1611628532409668,-0.23566435277462006,-0.37270912528038025,-0.410741925239563,-0.4093162715435028]
[-0.4221012592315674,-0.419266939163208,-0.4190804660320282,-0.4187183678150177,-0.41864803433418274,-0.41314026713371277,-0.4238472282886505,-0.375908225774765,-0.3978177309036255,-0.32962465286254883,-0.38429275155067444,-0.39938774704933167,-0.48830080032348633,-0.554510772228241,-0.38330936431884766,0.9514414072036743,2.659990072250366,2.564452886581421,3.368041753768921,3.0280256271362305,2.9127418994903564,2.48056960105896,3.5756914615631104,2.447547674179077,1.310512900352478,0.46915802359580994,-0.4030354917049408,-0.40892359614372253]
[-0.4210194945335388,-0.4197394549846649,-0.4189566671848297,-0.41778698563575745,-0.4198237955570221,-0.4141262471675873,-0.4115440249443054,-0.40780922770500183,-0.415745347738266,-0.40584811568260193,-0.40508803725242615,-0.3901989459991455,-0.42462533712387085,-0.43603384494781494,-0.25615882873535156,1.4074857234954834,2.4241790771484375,3.5352871417999268,2.8671014308929443,2.499213457107544,2.3693385124206543,2.2380566596984863,2.855558156967163,2.866431713104248,1.1410658359527588,0.36230194568634033,-0.39885586500167847,-0.4096977412700653]
[-0.420221209526062,-0.41973596811294556,-0.4196654260158539,-0.41838744282722473,-0.41987738013267517,-0.4169710576534271,-0.41456761956214905,-0.40864595770835876,-0.41139382123947144,-0.3998909592628479,-0.44364190101623535,-0.40671244263648987,-0.15850570797920227,1.0460165739059448,1.873917579650879,2.7793664932250977,2.7252261638641357,3.211768388748169,2.9030003547668457,2.597846031188965,3.530444383621216,3.0369460582733154,2.258068323135376,1.7756904363632202,-0.025077998638153076,-0.3768594264984131,-0.3983246982097626,-0.40862730145454407]
[-0.4195599853992462,-0.41908833384513855,-0.42066681385040283,-0.4188315272331238,-0.42089954018592834,-0.4179336130619049,-0.4203854203224182,-0.4168980121612549,-0.40993571281433105,-0.44118306040763855,0.7006769180297852,2.3924083709716797,2.808797836303711,3.1796445846557617,2.739877462387085,2.3224728107452393,1.6830605268478394,2.0646567344665527,2.2189548015594482,2.5081822872161865,3.0678629875183105,2.680234432220459,2.8658032417297363,1.877011775970459,-0.4190777838230133,-0.3853330612182617,-0.4040403962135315,-0.4101092517375946]
[-0.4203817844390869,-0.4182993769645691,-0.4192046821117401,-0.41795822978019714,-0.42032191157341003,-0.4183381199836731,-0.4193829894065857,-0.41485339403152466,-0.2753302752971649,0.9042271375656128,2.8236582279205322,2.691204071044922,2.663416624069214,2.3313817977905273,0.39988091588020325,-0.26983126997947693,-0.40313801169395447,-0.30983766913414,0.24247750639915466,2.4491288661956787,3.217747926712036,2.8988893032073975,2.5718812942504883,1.5693331956863403,-0.4157284200191498,-0.38766366243362427,-0.4050106704235077,-0.4108066260814667]
[-0.4214404821395874,-0.4179859459400177,-0.41897711157798767,-0.41734567284584045,-0.4190239906311035,-0.41799455881118774,-0.41895657777786255,-0.41567689180374146,0.21927621960639954,2.5886945724487305,2.822930335998535,2.635211944580078,2.403111219406128,0.41990962624549866,-0.36773866415023804,-0.3868997395038605,-0.4234520494937897,-0.42406266927719116,0.07033082842826843,1.890291690826416,3.3137426376342773,3.1924498081207275,2.4248476028442383,1.8545722961425781,-0.4044320583343506,-0.403743177652359,-0.4115836024284363,-0.4165721833705902]
[-0.41983017325401306,-0.41818153858184814,-0.4181988835334778,-0.41721758246421814,-0.41957932710647583,-0.4188541769981384,-0.4185622036457062,-0.427171915769577,0.14700284600257874,1.282914161682129,1.5466340780258179,1.6946170330047607,0.2354755997657776,-0.37058913707733154,-0.3927030563354492,-0.40356916189193726,-0.4157925844192505,-0.40493449568748474,-0.03857947885990143,1.4042326211929321,2.4543521404266357,2.333750009536743,3.538708448410034,1.791890025138855,-0.3906167149543762,-0.4126541316509247,-0.41278278827667236,-0.4122789204120636]
[-0.4208807051181793,-0.41872742772102356,-0.4183293581008911,-0.4172898530960083,-0.41652849316596985,-0.4153694808483124,-0.4102519750595093,-0.41685110330581665,-0.39246517419815063,-0.40159568190574646,-0.45632970333099365,-0.41153934597969055,-0.3934895396232605,-0.3957616090774536,-0.4051631689071655,-0.4030992388725281,-0.42147892713546753,-0.4149291217327118,0.2976055443286896,1.7021459341049194,2.3542561531066895,2.6210594177246094,3.6060242652893066,-0.07230749726295471,-0.39260604977607727,-0.4111224114894867,-0.4194031357765198,-0.415429949760437]
[-0.4195195436477661,-0.4181009531021118,-0.41786882281303406,-0.4168356955051422,-0.4166809618473053,-0.4161685109138489,-0.4283393919467926,-0.4200616180896759,-0.4103507399559021,-0.3991250693798065,-0.4167628884315491,-0.414127916097641,-0.4060767590999603,-0.4039191007614136,-0.41003385186195374,-0.40857571363449097,-0.4175128936767578,-0.3919787108898163,1.1117424964904785,2.5786385536193848,2.8662335872650146,2.566377878189087,2.102820873260498,-0.36617863178253174,-0.38848334550857544,-0.4088595509529114,-0.41879528760910034,-0.4175069034099579]
[-0.4194680154323578,-0.4182150661945343,-0.4174608886241913,-0.4135512411594391,-0.4140366315841675,-0.35857701301574707,0.25816255807876587,-0.29042166471481323,-0.4197463393211365,-0.42059069871902466,-0.4196448028087616,-0.4189537465572357,-0.4034022390842438,-0.4063297212123871,-0.40823110938072205,-0.40931180119514465,-0.37999284267425537,-0.4082173705101013,1.9816296100616455,2.907158374786377,3.369950294494629,1.424037218093872,-0.31361615657806396,-0.39494767785072327,-0.4041861593723297,-0.4119909703731537,-0.42154595255851746,-0.41893383860588074]
[-0.4188191294670105,-0.41765880584716797,-0.41702550649642944,-0.41276276111602783,-0.41710665822029114,0.06467851996421814,2.023129940032959,1.9396727085113525,0.009891435503959656,-0.37763357162475586,-0.3908514678478241,-0.4092473089694977,-0.4025585651397705,-0.40181100368499756,-0.413484126329422,-0.4156148433685303,-0.37681105732917786,0.29866400361061096,3.256866693496704,2.8125839233398438,1.9078361988067627,-0.28192293643951416,-0.3986967206001282,-0.40699464082717896,-0.41463568806648254,-0.415679931640625,-0.41868963837623596,-0.4191873371601105]
[-0.419318825006485,-0.4171062707901001,-0.4174511134624481,-0.4125470221042633,-0.3625718653202057,0.960736870765686,2.627002716064453,2.806187391281128,1.7989261150360107,-0.32421839237213135,-0.3411293625831604,-0.42121148109436035,-0.3870120644569397,-0.35581889748573303,-0.3807733654975891,-0.3770798444747925,0.02337142825126648,2.4917104244232178,3.3248746395111084,2.0249264240264893,-0.31637683510780334,-0.3854745328426361,-0.4050154685974121,-0.4070354700088501,-0.4153450131416321,-0.4152916669845581,-0.41982904076576233,-0.4210251271724701]
[-0.41918423771858215,-0.4183659851551056,-0.4174049198627472,-0.409502238035202,-0.31328457593917847,1.5924628973007202,3.0430045127868652,2.6784582138061523,3.2216246128082275,2.9999732971191406,1.037862777709961,0.3945257365703583,-0.40492892265319824,-0.40286847949028015,-0.32260459661483765,0.7782939672470093,1.9413115978240967,2.702404737472534,2.9343459606170654,1.6841871738433838,-0.36373209953308105,-0.3915008008480072,-0.4045082926750183,-0.41136813163757324,-0.41500136256217957,-0.4189711809158325,-0.4210069477558136,-0.42145058512687683]
[-0.4205925166606903,-0.41662517189979553,-0.4176386892795563,-0.41318511962890625,-0.38683876395225525,-0.1005486249923706,2.5906670093536377,3.4571123123168945,3.655113935470581,4.11812162399292,3.193199872970581,4.146852493286133,3.3899435997009277,3.5764453411102295,2.9952499866485596,3.687317132949829,2.5185563564300537,2.455242872238159,2.9020698070526123,0.5388450622558594,-0.3662634491920471,-0.3996194005012512,-0.41115835309028625,-0.41536790132522583,-0.41811978816986084,-0.4193479120731354,-0.42000144720077515,-0.41882842779159546]
[-0.4195097088813782,-0.4170363247394562,-0.4166969954967499,-0.41277432441711426,-0.39670655131340027,-0.37354886531829834,0.30713951587677,1.8106738328933716,3.080881357192993,2.6527481079101562,3.351425886154175,2.957155704498291,3.8424479961395264,3.345045328140259,3.552126169204712,3.4410929679870605,2.6023223400115967,2.537698745727539,2.2316699028015137,-0.27536073327064514,-0.38591721653938293,-0.4094073474407196,-0.417205810546875,-0.4168502688407898,-0.41872313618659973,-0.4189901351928711,-0.41773390769958496,-0.4151601493358612]
[-0.41934189200401306,-0.41724416613578796,-0.4184100031852722,-0.4170149266719818,-0.4045029878616333,-0.4248981773853302,-0.4894229471683502,-0.42908158898353577,-0.5117968916893005,-0.48289674520492554,0.07072208821773529,0.6528619527816772,2.018501043319702,1.2336597442626953,2.3376080989837646,1.5753045082092285,0.9348100423812866,1.7400001287460327,0.3486120402812958,-0.3664378225803375,-0.39848873019218445,-0.40989136695861816,-0.4173542857170105,-0.4160662591457367,-0.41925638914108276,-0.4176102876663208,-0.4186510443687439,-0.41712498664855957]
[-0.42049407958984375,-0.41929084062576294,-0.41912010312080383,-0.41300657391548157,-0.40939417481422424,-0.4096730947494507,-0.44013598561286926,-0.4734097123146057,-0.4084208011627197,-0.37427225708961487,-0.34372442960739136,-0.5326636433601379,-0.36896538734436035,-0.2560688853263855,0.09293296933174133,-0.30984973907470703,-0.39809736609458923,-0.5690312385559082,-0.41624563932418823,-0.39296987652778625,-0.39858773350715637,-0.4107103943824768,-0.41851237416267395,-0.4178601801395416,-0.41885456442832947,-0.4182484745979309,-0.4188057482242584,-0.4183824360370636]
[-0.4232863187789917,-0.41999754309654236,-0.4203052818775177,-0.4143369793891907,-0.41662681102752686,-0.4035104811191559,-0.420950323343277,-0.3972414433956146,-0.41889458894729614,-0.38717254996299744,-0.3962816298007965,-0.41376158595085144,-0.3833780586719513,-0.38004618883132935,-0.38605183362960815,-0.39151766896247864,-0.38739100098609924,-0.3948698937892914,-0.4114663004875183,-0.39892348647117615,-0.40582090616226196,-0.41078653931617737,-0.41658294200897217,-0.41600802540779114,-0.41831669211387634,-0.4166423976421356,-0.4187012314796448,-0.41568031907081604]
[-0.42078691720962524,-0.42514294385910034,-0.42224323749542236,-0.419584721326828,-0.4221259355545044,-0.41551774740219116,-0.41606518626213074,-0.40600693225860596,-0.4102436304092407,-0.4093131124973297,-0.39642754197120667,-0.40063780546188354,-0.39555618166923523,-0.412081241607666,-0.3901418447494507,-0.38617345690727234,-0.3958369493484497,-0.3937307298183441,-0.4051397144794464,-0.4108031690120697,-0.41109853982925415,-0.4115165174007416,-0.4131195545196533,-0.41274967789649963,-0.4148901700973511,-0.41589289903640747,-0.4168207049369812,-0.4112660884857178]
