[-0.41655975580215454,-0.41831663250923157,-0.42049986124038696,-0.4194120168685913,-0.42055073380470276,-0.41899770498275757,-0.4192762076854706,-0.419549822807312,-0.42031705379486084,-0.41991955041885376,-0.41987937688827515,-0.41747230291366577,-0.41741904616355896,-0.4170258939266205,-0.41680026054382324,-0.4157000482082367,-0.4153842329978943,-0.4147864580154419,-0.4134109318256378,-0.4125070869922638,-0.4184076189994812,-0.4189797043800354,-0.4187459647655487,-0.4184674322605133,-0.41994738578796387,-0.418835312128067,-0.41546398401260376,-0.4142497777938843]
[-0.4182547330856323,-0.41996538639068604,-0.42038100957870483,-0.41941624879837036,-0.41962897777557373,-0.4183870851993561,-0.41988247632980347,-0.41856276988983154,-0.4206424653530121,-0.41858068108558655,-0.4196182191371918,-0.4179355204105377,-0.41960909962654114,-0.4181741178035736,-0.4178099036216736,-0.4169674217700958,-0.41687601804733276,-0.416318416595459,-0.4150210916996002,-0.4145013689994812,-0.4172390103340149,-0.417876660823822,-0.4180380702018738,-0.4173225164413452,-0.41924500465393066,-0.4189020097255707,-0.4199618697166443,-0.4198756814002991]
[-0.4198148548603058,-0.41981446743011475,-0.41923683881759644,-0.4191524088382721,-0.4191412925720215,-0.4191001355648041,-0.42027533054351807,-0.418011337518692,-0.4175843298435211,-0.4181796908378601,-0.4206855595111847,-0.4185941219329834,-0.4178929626941681,-0.4186636209487915,-0.41721922159194946,-0.41597190499305725,-0.4137336015701294,-0.4146857261657715,-0.4179191589355469,-0.4162123203277588,-0.4174574911594391,-0.4166061580181122,-0.41714251041412354,-0.4164588153362274,-0.41801565885543823,-0.41858550906181335,-0.4189684987068176,-0.4177949130535126]
[-0.4198022484779358,-0.41995975375175476,-0.4191037714481354,-0.41960349678993225,-0.4209955930709839,-0.4221044182777405,-0.42064493894577026,-0.4205258786678314,-0.41878238320350647,-0.4151086211204529,-0.4157256484031677,-0.4141917824745178,-0.4157780706882477,-0.41501227021217346,-0.4155191481113434,-0.4141649007797241,-0.4163212478160858,-0.41516730189323425,-0.4189910888671875,-0.416134774684906,-0.4165111184120178,-0.4152699112892151,-0.4173513352870941,-0.4168094992637634,-0.4180939793586731,-0.4183678925037384,-0.41949066519737244,-0.4175172448158264]
[-0.4189710319042206,-0.41965052485466003,-0.41609933972358704,-0.4153375029563904,-0.45650148391723633,-0.343552827835083,-0.40018293261528015,-0.4374789297580719,-0.41573166847229004,-0.4119988977909088,-0.4339867830276489,-0.3695458769798279,-0.4049853980541229,-0.40572962164878845,-0.4094170928001404,-0.40599098801612854,-0.40833696722984314,-0.41172584891319275,-0.41613203287124634,-0.41324201226234436,-0.41536766290664673,-0.4144083261489868,-0.4163494110107422,-0.4157567322254181,-0.41714489459991455,-0.4171411991119385,-0.4201371669769287,-0.41850411891937256]
[-0.4195428192615509,-0.41873350739479065,-0.4156012535095215,-0.4105057120323181,-0.02626091241836548,1.3861348628997803,1.4800539016723633,-0.01857687532901764,-0.41063353419303894,-0.341922402381897,0.44329431653022766,1.2950084209442139,0.4465447962284088,-0.3902353346347809,-0.4012143015861511,-0.39823082089424133,-0.39410701394081116,-0.409268856048584,-0.41357260942459106,-0.40999943017959595,-0.4142150580883026,-0.41418319940567017,-0.4167686998844147,-0.41568976640701294,-0.41814225912094116,-0.41713643074035645,-0.42002856731414795,-0.4189254939556122]
[-0.419406533241272,-0.41707590222358704,-0.4095213711261749,-0.30923163890838623,2.025909185409546,3.298563241958618,2.7852113246917725,2.0676157474517822,0.9619227647781372,1.9226994514465332,2.5472772121429443,2.4486637115478516,2.589670181274414,1.9378509521484375,1.2865668535232544,0.41670045256614685,-0.31132668256759644,-0.37325963377952576,-0.409018337726593,-0.40088915824890137,-0.40862005949020386,-0.4137347936630249,-0.4164796769618988,-0.4144324064254761,-0.41791173815727234,-0.4175572097301483,-0.419823557138443,-0.41835302114486694]
[-0.4197559058666229,-0.41727176308631897,-0.4177078604698181,0.1411558985710144,2.261137008666992,3.3273868560791016,2.7022647857666016,2.9413607120513916,2.5986127853393555,3.002866268157959,3.0989432334899902,2.744673728942871,3.219478130340576,3.1227176189422607,3.040555000305176,2.8904435634613037,2.002230167388916,1.14937162399292,-0.38683801889419556,-0.3966064751148224,-0.4021635055541992,-0.4101049602031708,-0.4156177043914795,-0.41587361693382263,-0.41881683468818665,-0.41907504200935364,-0.4191671907901764,-0.4179326295852661]
[-0.41935262084007263,-0.41583356261253357,-0.3693886995315552,0.7735083103179932,2.182605266571045,2.318798780441284,2.312124490737915,3.7520837783813477,3.1618645191192627,3.2879199981689453,3.420922040939331,2.714738368988037,2.3050537109375,2.7271008491516113,3.3243088722229004,2.861959934234619,2.841547966003418,2.9788506031036377,1.7822269201278687,-0.32287895679473877,-0.3891235888004303,-0.4064352512359619,-0.4144976735115051,-0.41526898741722107,-0.4189436435699463,-0.41816002130508423,-0.41950273513793945,-0.41736769676208496]
[-0.4195566475391388,-0.41599801182746887,-0.36674296855926514,0.5137597322463989,1.5263476371765137,1.05459463596344,0.80543053150177,1.57468581199646,1.1156989336013794,1.5514099597930908,2.8744003772735596,2.9411537647247314,2.6797757148742676,2.128749370574951,3.051422119140625,2.996462821960449,2.8216633796691895,2.4581172466278076,3.026942729949951,1.4278924465179443,-0.3909448981285095,-0.40115830302238464,-0.41420987248420715,-0.41656631231307983,-0.41830113530158997,-0.4191136360168457,-0.41997551918029785,-0.4177677035331726]
[-0.4182448089122772,-0.4145869314670563,-0.3957776129245758,-0.25738316774368286,-0.3271755576133728,-0.43693625926971436,-0.42592155933380127,-0.45620492100715637,-0.42034485936164856,-0.39381420612335205,0.9297186136245728,2.1878936290740967,2.1843531131744385,2.3593642711639404,1.9889109134674072,2.783823013305664,2.8321309089660645,2.663384437561035,2.7280561923980713,2.1270580291748047,-0.3387346863746643,-0.39968666434288025,-0.41277462244033813,-0.416218101978302,-0.4174867570400238,-0.4183158576488495,-0.4200073182582855,-0.41807737946510315]
[-0.4185638725757599,-0.4161022901535034,-0.39640194177627563,-0.3840578496456146,-0.40299689769744873,-0.417702853679657,-0.4197237491607666,-0.40277042984962463,-0.40414124727249146,-0.38958054780960083,-0.40262797474861145,0.17090383172035217,1.7033600807189941,2.1625795364379883,1.9227428436279297,2.687537908554077,2.9812374114990234,2.9372591972351074,2.431006669998169,1.416963815689087,-0.3851676285266876,-0.40895935893058777,-0.41300249099731445,-0.41576191782951355,-0.4183499217033386,-0.4180157780647278,-0.4193806052207947,-0.4177534580230713]
[-0.4177216589450836,-0.4151894748210907,-0.40777304768562317,-0.4077374339103699,-0.4190109074115753,-0.41548433899879456,-0.4178828001022339,-0.41273096203804016,-0.4171501100063324,-0.4119229316711426,-0.4009913504123688,-0.4634276330471039,1.7683383226394653,3.25976300239563,2.8154726028442383,2.6209888458251953,3.0409646034240723,2.6826071739196777,0.7828763723373413,-0.3327164053916931,-0.40090012550354004,-0.41502395272254944,-0.4176892042160034,-0.41676872968673706,-0.4194480776786804,-0.4177752733230591,-0.42004406452178955,-0.41804760694503784]
[-0.420441597700119,-0.4160809814929962,-0.4135407507419586,-0.41465798020362854,-0.418932169675827,-0.41713154315948486,-0.41782456636428833,-0.41718417406082153,-0.41764670610427856,-0.4151573181152344,-0.41087132692337036,-0.39934396743774414,1.6207860708236694,2.7024471759796143,3.382235050201416,2.197052240371704,2.5181033611297607,1.1037236452102661,-0.35944610834121704,-0.39214062690734863,-0.40421637892723083,-0.41519999504089355,-0.41865745186805725,-0.41677552461624146,-0.41922512650489807,-0.4177273213863373,-0.4198319613933563,-0.41899198293685913]
[-0.4202517569065094,-0.4178347885608673,-0.4167660176753998,-0.41580769419670105,-0.41807815432548523,-0.41695326566696167,-0.4170871078968048,-0.4155987501144409,-0.41542625427246094,-0.41665729880332947,-0.4142693281173706,0.018745407462120056,2.595736265182495,2.439354658126831,2.6586508750915527,2.828930139541626,2.046887159347534,0.12421128153800964,-0.37920862436294556,-0.39615222811698914,-0.40932372212409973,-0.41342467069625854,-0.4178045094013214,-0.41620251536369324,-0.41903722286224365,-0.4173021912574768,-0.4192843735218048,-0.41901662945747375]
[-0.4197049140930176,-0.4186275005340576,-0.4187885820865631,-0.41706642508506775,-0.418170303106308,-0.4156045615673065,-0.4171544313430786,-0.4140809178352356,-0.4172011911869049,-0.41704651713371277,-0.2839140295982361,1.7562817335128784,2.5215070247650146,2.953456163406372,2.483058214187622,2.2656092643737793,2.2146482467651367,-0.01086694747209549,-0.3806520700454712,-0.4002045691013336,-0.4121707081794739,-0.4152754545211792,-0.4172358512878418,-0.41768601536750793,-0.4191206395626068,-0.4177253246307373,-0.41927871108055115,-0.418211966753006]
[-0.41984033584594727,-0.4195263385772705,-0.4181711971759796,-0.41650792956352234,-0.41546639800071716,-0.4145941734313965,-0.4112647473812103,-0.40523913502693176,-0.4026454985141754,-0.3824239671230316,1.2069511413574219,2.2699291706085205,2.7694931030273438,2.8071234226226807,3.1735026836395264,2.073833465576172,2.251239061355591,0.1632826030254364,-0.3864515721797943,-0.40331125259399414,-0.4125699996948242,-0.4144798815250397,-0.41715914011001587,-0.4165332615375519,-0.41812556982040405,-0.41758376359939575,-0.41939777135849,-0.41833311319351196]
[-0.4203905165195465,-0.41932064294815063,-0.4179077446460724,-0.41635745763778687,-0.41664642095565796,-0.41512176394462585,-0.4125900864601135,-0.3943442702293396,0.007181480526924133,1.869637131690979,3.250568389892578,3.1080782413482666,3.43888783454895,1.9816598892211914,3.3887364864349365,2.815577745437622,2.418452739715576,0.8045673370361328,-0.4013458788394928,-0.3989471197128296,-0.4160977602005005,-0.4154171049594879,-0.4180704653263092,-0.4177784025669098,-0.41853663325309753,-0.4186649024486542,-0.42001500725746155,-0.4181199073791504]
[-0.41970136761665344,-0.4186728298664093,-0.41645321249961853,-0.4149300158023834,-0.41493409872055054,-0.415634423494339,-0.3823813796043396,1.0514161586761475,2.5990960597991943,2.62748646736145,3.287674903869629,3.3361730575561523,2.596745014190674,2.4486656188964844,2.991163492202759,2.3985729217529297,2.3152947425842285,1.4826023578643799,-0.4046032428741455,-0.40100136399269104,-0.41487833857536316,-0.4168314039707184,-0.4181283414363861,-0.41756105422973633,-0.41959166526794434,-0.41838565468788147,-0.4202076494693756,-0.4183468520641327]
[-0.4194035530090332,-0.41948747634887695,-0.41697070002555847,-0.4164743721485138,-0.41163796186447144,-0.4091913402080536,0.10347358882427216,2.172344207763672,3.200228452682495,2.7875115871429443,3.1529319286346436,2.3415865898132324,2.6877896785736084,2.7599570751190186,2.6585991382598877,2.162024974822998,1.4172906875610352,0.45198753476142883,-0.40191227197647095,-0.40803447365760803,-0.4167235791683197,-0.41718992590904236,-0.41945797204971313,-0.4183625876903534,-0.41929611563682556,-0.41898563504219055,-0.4198991060256958,-0.41741710901260376]
[-0.41873934864997864,-0.41832810640335083,-0.416660875082016,-0.41580870747566223,-0.4108518362045288,-0.40932267904281616,0.6094459295272827,2.382796049118042,2.785334348678589,3.247061252593994,3.0521318912506104,2.56241512298584,2.683042287826538,3.4146738052368164,2.9288136959075928,1.3034257888793945,-0.4020112454891205,-0.40048810839653015,-0.41048142313957214,-0.41307392716407776,-0.418308824300766,-0.4186874032020569,-0.4199637472629547,-0.4183657467365265,-0.4194060266017914,-0.418795645236969,-0.42052873969078064,-0.41815194487571716]
[-0.4193044602870941,-0.41795384883880615,-0.4168202877044678,-0.4162304103374481,-0.41461217403411865,-0.40935781598091125,1.3748141527175903,2.9144575595855713,2.6126720905303955,1.8336564302444458,2.52030086517334,2.6636767387390137,2.7124369144439697,2.826805591583252,1.6324914693832397,-0.3576498329639435,-0.38796332478523254,-0.4041241705417633,-0.41280850768089294,-0.4169292151927948,-0.4176070988178253,-0.4205326735973358,-0.42054325342178345,-0.4191085696220398,-0.419428288936615,-0.4190395772457123,-0.4204234778881073,-0.4181980490684509]
[-0.4201418459415436,-0.41682958602905273,-0.4171484112739563,-0.414214164018631,-0.41883325576782227,-0.40845635533332825,0.9172643423080444,2.9421262741088867,3.3510584831237793,2.7241058349609375,2.1378419399261475,2.898890972137451,2.5059478282928467,1.8959782123565674,-0.23782950639724731,-0.3935524523258209,-0.40321025252342224,-0.4058912694454193,-0.4165176749229431,-0.41627585887908936,-0.41847771406173706,-0.41798409819602966,-0.41985902190208435,-0.4187507927417755,-0.4202587306499481,-0.420210599899292,-0.4210459291934967,-0.4185505211353302]
[-0.41791877150535583,-0.41727420687675476,-0.41771966218948364,-0.4140245318412781,-0.42274972796440125,-0.4099109172821045,-0.32314255833625793,1.7314373254776,3.0199646949768066,2.1441924571990967,2.6150360107421875,3.573763847351074,2.2077460289001465,0.9930933713912964,-0.39488619565963745,-0.3996456265449524,-0.40730032324790955,-0.41192084550857544,-0.4193366765975952,-0.4193800389766693,-0.41917261481285095,-0.41836053133010864,-0.42017415165901184,-0.4196842908859253,-0.42043808102607727,-0.41984304785728455,-0.4204525351524353,-0.4183826446533203]
[-0.4183255732059479,-0.41672730445861816,-0.41794756054878235,-0.41638538241386414,-0.4214080572128296,-0.4214057922363281,-0.39940062165260315,-0.3671814203262329,-0.21950870752334595,-0.29985368251800537,0.5274115800857544,1.0147610902786255,-0.3841288089752197,-0.37703049182891846,-0.39869019389152527,-0.4072498381137848,-0.4142727553844452,-0.41392070055007935,-0.42036277055740356,-0.41717734932899475,-0.41977551579475403,-0.41926082968711853,-0.4196287989616394,-0.4192989468574524,-0.42033225297927856,-0.4191924035549164,-0.4209100604057312,-0.4196189343929291]
[-0.4197863042354584,-0.417559415102005,-0.41834521293640137,-0.4163450598716736,-0.415631502866745,-0.41853874921798706,-0.4031459391117096,-0.40468883514404297,-0.3838888704776764,-0.3894129693508148,-0.4313342869281769,-0.3975459337234497,-0.37772348523139954,-0.3991801142692566,-0.40230101346969604,-0.41040942072868347,-0.4170352816581726,-0.4162967801094055,-0.41871213912963867,-0.41759613156318665,-0.4184260070323944,-0.41897082328796387,-0.4194963276386261,-0.4197298586368561,-0.41964536905288696,-0.4194481372833252,-0.42081955075263977,-0.419251024723053]
[-0.4201383590698242,-0.4175768196582794,-0.4184470474720001,-0.41764694452285767,-0.4183931052684784,-0.4154027998447418,-0.4163725972175598,-0.4150770306587219,-0.38675954937934875,-0.3926753103733063,-0.38953590393066406,-0.39758068323135376,-0.40404266119003296,-0.4081244170665741,-0.4144001603126526,-0.414267897605896,-0.41710197925567627,-0.41609278321266174,-0.4187588393688202,-0.41560953855514526,-0.4173389971256256,-0.4182930588722229,-0.4189225435256958,-0.4182133376598358,-0.41867202520370483,-0.4173204004764557,-0.4194105863571167,-0.4172484576702118]
[-0.4185638725757599,-0.4211629033088684,-0.4212316870689392,-0.42062458395957947,-0.42122364044189453,-0.42086073756217957,-0.4164764881134033,-0.4091525673866272,-0.40096360445022583,-0.4016338586807251,-0.3985322117805481,-0.41005218029022217,-0.41356587409973145,-0.4169033467769623,-0.42025628685951233,-0.41739755868911743,-0.41802436113357544,-0.41564634442329407,-0.41863515973091125,-0.41632288694381714,-0.4167458117008209,-0.4188736081123352,-0.41950729489326477,-0.4182873070240021,-0.4195012152194977,-0.4180159866809845,-0.41872408986091614,-0.4139259457588196]
