[-0.41709959506988525,-0.4179823398590088,-0.4201489984989166,-0.4190991222858429,-0.42102208733558655,-0.41998836398124695,-0.419660747051239,-0.4186254143714905,-0.41979700326919556,-0.4184107482433319,-0.4212070107460022,-0.4181191921234131,-0.4225940704345703,-0.41929376125335693,-0.42038625478744507,-0.4170744717121124,-0.4209868013858795,-0.4160279929637909,-0.419357031583786,-0.414650559425354,-0.3918286859989166,-0.3890450894832611,-0.40712878108024597,-0.4134657680988312,-0.4136742949485779,-0.413242369890213,-0.4126732349395752,-0.4083079993724823]
[-0.4192485511302948,-0.42025014758110046,-0.42120105028152466,-0.42002689838409424,-0.4212539792060852,-0.4200524389743805,-0.4200945794582367,-0.41895586252212524,-0.4189436137676239,-0.41810962557792664,-0.4201302230358124,-0.4170539975166321,-0.4198862314224243,-0.41836902499198914,-0.41898077726364136,-0.41729825735092163,-0.41775816679000854,-0.41576531529426575,-0.4177517592906952,-0.4143162667751312,-0.40562376379966736,-0.40632280707359314,-0.4144659638404846,-0.4170004427433014,-0.41622522473335266,-0.4163733422756195,-0.41748642921447754,-0.41399696469306946]
[-0.4211534261703491,-0.4200514256954193,-0.4207685887813568,-0.4194607436656952,-0.42097270488739014,-0.4204947054386139,-0.4203129708766937,-0.41976597905158997,-0.419723778963089,-0.418086975812912,-0.41940903663635254,-0.4181148409843445,-0.4198594391345978,-0.42025578022003174,-0.41782984137535095,-0.41823306679725647,-0.4170341193675995,-0.4187754988670349,-0.4179459512233734,-0.41352248191833496,-0.41228610277175903,-0.4143894612789154,-0.4162759482860565,-0.41581839323043823,-0.4160194396972656,-0.41768285632133484,-0.41802242398262024,-0.41600650548934937]
[-0.4208846390247345,-0.4205125868320465,-0.42147529125213623,-0.4201256334781647,-0.42114508152008057,-0.4199625551700592,-0.4199967384338379,-0.41900545358657837,-0.42004650831222534,-0.4182782471179962,-0.418256938457489,-0.41646483540534973,-0.42253175377845764,-0.4184732139110565,-0.41810333728790283,-0.41151124238967896,-0.4164367914199829,-0.4172928035259247,-0.41791218519210815,-0.41365528106689453,-0.4157591462135315,-0.4150066077709198,-0.4179105758666992,-0.4166383445262909,-0.41600853204727173,-0.41577357053756714,-0.41825294494628906,-0.4173765480518341]
[-0.4201456606388092,-0.4193449914455414,-0.42025744915008545,-0.41966307163238525,-0.4205402135848999,-0.4195534586906433,-0.4196256995201111,-0.4177866578102112,-0.4197814464569092,-0.41524380445480347,-0.41571044921875,-0.41699525713920593,-0.4149034917354584,-0.4057867228984833,-0.411469429731369,-0.41625872254371643,-0.4136189818382263,-0.41645944118499756,-0.406805157661438,-0.4077552556991577,-0.4096866846084595,-0.41291722655296326,-0.4170175790786743,-0.41609808802604675,-0.41543063521385193,-0.4157484471797943,-0.4189814329147339,-0.4182867705821991]
[-0.42111846804618835,-0.42016130685806274,-0.4203205406665802,-0.41973796486854553,-0.4198099374771118,-0.4187041223049164,-0.4188914895057678,-0.41866499185562134,-0.41866493225097656,-0.4155271649360657,-0.4119761884212494,-0.41693514585494995,-0.42091894149780273,-0.39239197969436646,-0.39744633436203003,-0.3063163757324219,-0.3603857755661011,-0.3951849043369293,-0.4212038815021515,-0.4002828001976013,-0.4082992374897003,-0.4125378429889679,-0.4170767664909363,-0.41746756434440613,-0.41762691736221313,-0.4170551896095276,-0.41839882731437683,-0.41725802421569824]
[-0.42230522632598877,-0.41945984959602356,-0.42009902000427246,-0.4190128743648529,-0.4197121262550354,-0.41904693841934204,-0.41967999935150146,-0.4171225130558014,-0.41657987236976624,-0.41349899768829346,-0.4003485143184662,-0.297127902507782,1.4282259941101074,2.6714704036712646,3.162212371826172,2.8754825592041016,2.137352466583252,1.3330888748168945,-0.4030512869358063,-0.40246260166168213,-0.4099537432193756,-0.41127264499664307,-0.41687265038490295,-0.4158572554588318,-0.41734105348587036,-0.416699081659317,-0.41830959916114807,-0.41857442259788513]
[-0.42272353172302246,-0.42039811611175537,-0.4199088215827942,-0.42001569271087646,-0.4194087088108063,-0.4184111952781677,-0.4184090197086334,-0.4156695306301117,-0.4119594395160675,-0.4082212448120117,-0.2598688006401062,2.0632710456848145,2.8821468353271484,2.624188184738159,0.9142550230026245,0.39492759108543396,0.12957753241062164,0.7901440858840942,0.15850675106048584,-0.402025431394577,-0.4091740846633911,-0.41541266441345215,-0.41692835092544556,-0.41664621233940125,-0.41805410385131836,-0.41715672612190247,-0.4195496737957001,-0.41823258996009827]
[-0.4220864176750183,-0.4197219908237457,-0.41994473338127136,-0.4187837243080139,-0.41855359077453613,-0.41790857911109924,-0.4184851050376892,-0.41487523913383484,-0.4024590253829956,-0.2234012335538864,1.6192954778671265,2.405348300933838,1.808181881904602,0.6624563932418823,-0.48853737115859985,-0.40668967366218567,-0.411158949136734,-0.4311891794204712,-0.426011323928833,-0.4057959318161011,-0.4161619544029236,-0.41456159949302673,-0.41833439469337463,-0.4158536195755005,-0.41941148042678833,-0.41703304648399353,-0.41973012685775757,-0.4180290400981903]
[-0.4218406677246094,-0.4202007055282593,-0.4194939434528351,-0.418096125125885,-0.4177898168563843,-0.41695359349250793,-0.4179672300815582,-0.41303113102912903,-0.4356929063796997,1.1153509616851807,2.531524896621704,2.798129081726074,0.7864056825637817,-0.3039393126964569,-0.3815084993839264,-0.3935043513774872,-0.40080025792121887,-0.40588733553886414,-0.4072912931442261,-0.40140262246131897,-0.41431695222854614,-0.4161153733730316,-0.41934213042259216,-0.4165812134742737,-0.41868606209754944,-0.41702380776405334,-0.4197997748851776,-0.41844642162323]
[-0.4214586913585663,-0.41988950967788696,-0.41974228620529175,-0.4187444746494293,-0.4180854558944702,-0.4160413146018982,-0.416626900434494,-0.4121819734573364,-0.34999632835388184,1.6404852867126465,2.981611490249634,1.7115843296051025,-0.5556505918502808,-0.41427427530288696,-0.37967798113822937,-0.40300995111465454,-0.3947249948978424,-0.39496591687202454,-0.39605000615119934,-0.40576890110969543,-0.4117110073566437,-0.41463738679885864,-0.4164128303527832,-0.41817158460617065,-0.4184180796146393,-0.4163134694099426,-0.420327752828598,-0.4193664789199829]
[-0.42164933681488037,-0.4193916618824005,-0.41943782567977905,-0.4182516634464264,-0.4176025092601776,-0.41623854637145996,-0.41773107647895813,-0.41122642159461975,-0.4178255796432495,1.231084942817688,2.5194637775421143,2.564729690551758,-0.4804220497608185,-0.43499577045440674,-0.40810325741767883,-0.45660197734832764,-0.4897964298725128,-0.44427770376205444,-0.4389975666999817,-0.4060656726360321,-0.41061750054359436,-0.41507428884506226,-0.41685977578163147,-0.4177408516407013,-0.4182542860507965,-0.4170859158039093,-0.4192788004875183,-0.41981595754623413]
[-0.4215455651283264,-0.4194488525390625,-0.4194040298461914,-0.41783130168914795,-0.41789400577545166,-0.41532671451568604,-0.41574034094810486,-0.4124717712402344,-0.4057835340499878,-0.2311553955078125,3.0357847213745117,2.894317865371704,1.597997784614563,0.460068017244339,0.18477648496627808,0.17996922135353088,0.9265158176422119,0.4415658414363861,-0.3019424378871918,-0.3235522508621216,-0.4030704200267792,-0.40633150935173035,-0.4112221300601959,-0.41474348306655884,-0.41926246881484985,-0.418667197227478,-0.4195198118686676,-0.4204298257827759]
[-0.421675443649292,-0.42035308480262756,-0.4193388819694519,-0.4186810851097107,-0.41832274198532104,-0.41589653491973877,-0.416481077671051,-0.41302475333213806,-0.39825594425201416,-0.3826535642147064,2.275967597961426,1.845906138420105,2.386918783187866,2.804475784301758,3.212073564529419,3.018951416015625,2.9880850315093994,3.1549768447875977,2.3728854656219482,1.2936968803405762,-0.3914359211921692,-0.39575740694999695,-0.4060765206813812,-0.4152502417564392,-0.41864538192749023,-0.4183531105518341,-0.4203298091888428,-0.42011526226997375]
[-0.42112642526626587,-0.42013663053512573,-0.41963598132133484,-0.417782187461853,-0.418138325214386,-0.41712629795074463,-0.4181923270225525,-0.414317786693573,-0.4110824465751648,-0.41341260075569153,1.0204998254776,2.427522897720337,2.126659393310547,1.1015515327453613,0.9243612289428711,0.5361783504486084,-0.16913975775241852,1.3388110399246216,2.645768404006958,2.8492250442504883,0.7228238582611084,-0.4012874364852905,-0.40647661685943604,-0.4088076651096344,-0.4169040620326996,-0.41755035519599915,-0.41854327917099,-0.419342577457428]
[-0.4208323657512665,-0.41997334361076355,-0.4199225604534149,-0.41850581765174866,-0.41967955231666565,-0.417563259601593,-0.4183728098869324,-0.41458460688591003,-0.41386616230010986,-0.40871214866638184,-0.5682942867279053,0.5274282693862915,1.3984707593917847,-0.2996850311756134,-0.31532710790634155,-0.27928364276885986,-0.2912546396255493,-0.3189234733581543,1.0123538970947266,2.42775821685791,2.769740581512451,0.3286793828010559,-0.3996909558773041,-0.4074042737483978,-0.41468313336372375,-0.4163169860839844,-0.41933318972587585,-0.418652206659317]
[-0.4207521677017212,-0.4191315174102783,-0.4197564423084259,-0.42013949155807495,-0.4211505949497223,-0.4180956184864044,-0.417610764503479,-0.41505876183509827,-0.4185168743133545,-0.41309598088264465,-0.5212841033935547,-0.5084953308105469,-0.4428984820842743,-0.3873343765735626,-0.3815304636955261,-0.3840945065021515,-0.3929707407951355,-0.4260876774787903,-0.8585060834884644,2.046158790588379,2.767965078353882,1.2386465072631836,-0.3965796232223511,-0.40440911054611206,-0.4156811833381653,-0.41440385580062866,-0.4196529984474182,-0.41869160532951355]
[-0.41998377442359924,-0.4201490879058838,-0.4208746552467346,-0.4198403060436249,-0.4206620752811432,-0.4188084006309509,-0.4176845848560333,-0.4162159860134125,-0.42215496301651,-0.41874709725379944,-0.4494469463825226,-0.45795997977256775,-0.4151555299758911,-0.41339683532714844,-0.41070473194122314,-0.40098708868026733,-0.40846580266952515,-0.4287503957748413,-0.44952449202537537,2.0345821380615234,2.4201467037200928,0.2670258581638336,-0.39703765511512756,-0.4088207483291626,-0.41613292694091797,-0.4163723289966583,-0.41935819387435913,-0.41864749789237976]
[-0.4200037717819214,-0.41987818479537964,-0.42123234272003174,-0.42143598198890686,-0.420625239610672,-0.4168168604373932,-0.4126189053058624,-0.40709948539733887,-0.41606879234313965,-0.42306968569755554,-0.4167861342430115,-0.41988885402679443,-0.42116305232048035,-0.4407830536365509,-0.42595842480659485,-0.40089383721351624,-0.39003974199295044,-0.3841142952442169,0.9132238626480103,2.956350564956665,1.9818193912506104,-0.34283584356307983,-0.39600837230682373,-0.4093065559864044,-0.41567474603652954,-0.4178501069545746,-0.4209366738796234,-0.41966381669044495]
[-0.4195863902568817,-0.4191935360431671,-0.41913846135139465,-0.4202865958213806,-0.419212281703949,-0.41566070914268494,-0.40978240966796875,-0.4085486829280853,-0.3439629077911377,-0.3972366452217102,-0.46325868368148804,-0.371282696723938,-0.39581039547920227,-0.4200621545314789,-0.41730424761772156,-0.44995617866516113,-0.29378825426101685,1.0965293645858765,2.3298425674438477,2.5534536838531494,0.20547816157341003,-0.3895408511161804,-0.39999568462371826,-0.41277867555618286,-0.41808897256851196,-0.41909077763557434,-0.4198980927467346,-0.4202273488044739]
[-0.4207148849964142,-0.4211311340332031,-0.4201822876930237,-0.41797444224357605,-0.4177907407283783,-0.4132387340068817,-0.4452498257160187,1.113851547241211,2.0800204277038574,2.0787887573242188,1.1561851501464844,-0.08659815043210983,-0.055732764303684235,-0.202295184135437,0.5548491477966309,1.856820821762085,2.5229570865631104,2.510655641555786,2.138984441757202,0.2618478834629059,-0.3973349630832672,-0.4076566696166992,-0.4103584885597229,-0.4133942425251007,-0.4201744496822357,-0.4197811484336853,-0.42136648297309875,-0.420706182718277]
[-0.4207828640937805,-0.4207844138145447,-0.41769319772720337,-0.41823846101760864,-0.4160674214363098,-0.4092917740345001,-0.2968502640724182,2.1971988677978516,2.6890289783477783,2.573773145675659,2.7625632286071777,2.193899631500244,2.575810670852661,3.5608971118927,2.6866471767425537,2.7879691123962402,2.6284916400909424,1.7978988885879517,0.1840454638004303,-0.3680492639541626,-0.4085579514503479,-0.4040204882621765,-0.41463714838027954,-0.415781170129776,-0.41918689012527466,-0.41960757970809937,-0.42112618684768677,-0.42070040106773376]
[-0.420508474111557,-0.41857725381851196,-0.4162594676017761,-0.41775354743003845,-0.41595882177352905,-0.4118465483188629,-0.31950557231903076,1.3238694667816162,2.9581458568573,2.7265164852142334,3.1440982818603516,3.309464454650879,3.253972053527832,2.5767526626586914,2.870758056640625,1.4825674295425415,-0.02398531138896942,-0.3053883910179138,-0.3740379810333252,-0.3920190930366516,-0.41008099913597107,-0.40793782472610474,-0.414168119430542,-0.41524672508239746,-0.42059773206710815,-0.4202798306941986,-0.421005517244339,-0.42056745290756226]
[-0.42015960812568665,-0.41990944743156433,-0.41804149746894836,-0.41562366485595703,-0.4172476828098297,-0.40747934579849243,-0.3893646001815796,-0.32756727933883667,-0.2127532660961151,0.3284096419811249,1.2002861499786377,0.07338574528694153,-0.13819268345832825,-0.22546622157096863,-0.311518132686615,-0.3051149249076843,-0.3795877993106842,-0.40695494413375854,-0.4061811566352844,-0.40139150619506836,-0.41052302718162537,-0.41512787342071533,-0.4174918830394745,-0.4167054295539856,-0.42038285732269287,-0.4199267029762268,-0.42112499475479126,-0.42055895924568176]
[-0.4201306104660034,-0.4173121750354767,-0.4175020158290863,-0.4156538248062134,-0.41868335008621216,-0.41274377703666687,-0.4052206873893738,-0.41498562693595886,-0.4511389434337616,-0.4443199932575226,-0.5878725051879883,-0.48805317282676697,-0.42232757806777954,-0.40901079773902893,-0.4231431484222412,-0.41594409942626953,-0.4320213496685028,-0.42420995235443115,-0.42445704340934753,-0.4089934229850769,-0.4143168330192566,-0.41528281569480896,-0.4184809923171997,-0.41640686988830566,-0.41989946365356445,-0.4197872281074524,-0.4218284487724304,-0.4209004342556]
[-0.4203801453113556,-0.4178921580314636,-0.41762807965278625,-0.4154800474643707,-0.4193369448184967,-0.4129243791103363,-0.4081616997718811,-0.41431736946105957,-0.40716761350631714,-0.4130881428718567,-0.446749210357666,-0.4329333007335663,-0.41032588481903076,-0.4302031695842743,-0.43568655848503113,-0.4318268597126007,-0.4269419014453888,-0.42322444915771484,-0.4204813241958618,-0.41801729798316956,-0.4171130955219269,-0.41847583651542664,-0.418417364358902,-0.4184015095233917,-0.41950076818466187,-0.42047834396362305,-0.42114901542663574,-0.4213374853134155]
[-0.42068684101104736,-0.417651504278183,-0.41920778155326843,-0.4147603213787079,-0.4218846559524536,-0.41595980525016785,-0.41340401768684387,-0.40720266103744507,-0.4161019027233124,-0.41578277945518494,-0.4152929484844208,-0.4118046462535858,-0.4116688370704651,-0.4263838529586792,-0.4265153110027313,-0.4173600673675537,-0.4134885370731354,-0.4144512712955475,-0.4216037392616272,-0.4187886416912079,-0.4165009558200836,-0.4168052673339844,-0.41801440715789795,-0.4192408621311188,-0.4185881018638611,-0.41930755972862244,-0.42084944248199463,-0.4200609028339386]
[-0.41942018270492554,-0.42220255732536316,-0.4189826250076294,-0.4178244471549988,-0.42143428325653076,-0.4220345914363861,-0.41668492555618286,-0.4145163297653198,-0.41652923822402954,-0.4144675135612488,-0.4110943675041199,-0.4116271436214447,-0.41567280888557434,-0.4210846722126007,-0.4189785420894623,-0.41280022263526917,-0.4120769202709198,-0.41468197107315063,-0.42105141282081604,-0.41837868094444275,-0.41856369376182556,-0.4172819256782532,-0.4177747964859009,-0.4199099540710449,-0.42022469639778137,-0.42091864347457886,-0.4202463924884796,-0.4179495573043823]
