[-0.4187869727611542,-0.4200011193752289,-0.4218548536300659,-0.41977107524871826,-0.42102545499801636,-0.41954731941223145,-0.419114351272583,-0.41784536838531494,-0.4197787344455719,-0.41785910725593567,-0.41829347610473633,-0.4157348871231079,-0.4182346761226654,-0.41613340377807617,-0.418973445892334,-0.4169254004955292,-0.4220587909221649,-0.4159899950027466,-0.4219611883163452,-0.4197481870651245,-0.4226369857788086,-0.41982629895210266,-0.42213374376296997,-0.4203145503997803,-0.42523297667503357,-0.4214521050453186,-0.43979978561401367,-0.449773371219635]
[-0.41930878162384033,-0.42071256041526794,-0.4207322299480438,-0.42005419731140137,-0.42008253931999207,-0.41967153549194336,-0.4203411042690277,-0.4194386303424835,-0.4201214909553528,-0.4172300696372986,-0.41815340518951416,-0.4150357246398926,-0.4164822995662689,-0.4152894616127014,-0.41659820079803467,-0.4118899405002594,-0.4173519015312195,-0.41403472423553467,-0.4159596562385559,-0.413323312997818,-0.41934701800346375,-0.41598835587501526,-0.4185168147087097,-0.4168783128261566,-0.4192622900009155,-0.4206782877445221,-0.4242651164531708,-0.42430371046066284]
[-0.42121174931526184,-0.4199081063270569,-0.41899415850639343,-0.41897326707839966,-0.42017608880996704,-0.4192717671394348,-0.4198208153247833,-0.41829872131347656,-0.4195525050163269,-0.41718974709510803,-0.41677168011665344,-0.4165521562099457,-0.4192993938922882,-0.414203941822052,-0.41579684615135193,-0.41545209288597107,-0.41859009861946106,-0.4149338901042938,-0.41682183742523193,-0.4186871349811554,-0.42101508378982544,-0.4174277186393738,-0.4117269814014435,-0.41484466195106506,-0.4192776083946228,-0.42187026143074036,-0.42369985580444336,-0.4226517379283905]
[-0.420915424823761,-0.4200015366077423,-0.4193722605705261,-0.4190760850906372,-0.42097464203834534,-0.41885483264923096,-0.4190152883529663,-0.4171530306339264,-0.4184163510799408,-0.41487759351730347,-0.41610249876976013,-0.41299372911453247,-0.4174618422985077,-0.4107326865196228,-0.4163506329059601,-0.412475049495697,-0.4213888943195343,-0.415949285030365,-0.4184443950653076,-0.41966381669044495,-0.41622868180274963,-0.4152890741825104,-0.41169577836990356,-0.4102027118206024,-0.41203489899635315,-0.4158248007297516,-0.4215506911277771,-0.4234417676925659]
[-0.420839786529541,-0.4192202389240265,-0.41885143518447876,-0.41832464933395386,-0.4208592176437378,-0.4177245497703552,-0.41924983263015747,-0.41712725162506104,-0.41923758387565613,-0.41482582688331604,-0.41761696338653564,-0.41274866461753845,-0.41294345259666443,-0.409857839345932,-0.4114808440208435,-0.4136902689933777,-0.4024941623210907,-0.3987310230731964,-0.40044519305229187,-0.40296393632888794,-0.4133579134941101,-0.33165910840034485,-0.37334632873535156,-0.38341695070266724,-0.41019269824028015,-0.4119425117969513,-0.41836661100387573,-0.41878971457481384]
[-0.4215659201145172,-0.41958925127983093,-0.4189230799674988,-0.41934317350387573,-0.42247268557548523,-0.41905540227890015,-0.4195685386657715,-0.4178760349750519,-0.4188741147518158,-0.4164637625217438,-0.4179716110229492,-0.4117359220981598,-0.410603791475296,-0.39900511503219604,-0.3997226357460022,-0.4175288677215576,-0.46808162331581116,-0.46354493498802185,-0.3647894263267517,-0.35511890053749084,0.8867102861404419,2.196502923965454,1.7596821784973145,0.36151012778282166,-0.42117875814437866,-0.41387176513671875,-0.41531822085380554,-0.4199554920196533]
[-0.4217715561389923,-0.41921794414520264,-0.4194658100605011,-0.4180160164833069,-0.4202059805393219,-0.41770386695861816,-0.4190337657928467,-0.41612255573272705,-0.4169679582118988,-0.4145541489124298,-0.4121830463409424,-0.39999404549598694,-0.39375534653663635,-0.36013421416282654,-0.22403529286384583,1.7754534482955933,2.937446117401123,2.7303669452667236,2.81691575050354,2.6525168418884277,2.9940977096557617,2.7921297550201416,1.4872387647628784,-0.14455191791057587,-0.42288824915885925,-0.41975241899490356,-0.41833624243736267,-0.4193980395793915]
[-0.4220351278781891,-0.41906729340553284,-0.4196785092353821,-0.4180363118648529,-0.41980499029159546,-0.41816383600234985,-0.41802164912223816,-0.4145888090133667,-0.4152083396911621,-0.41101059317588806,-0.4124329686164856,-0.38837018609046936,-0.4342612326145172,0.9091945886611938,2.728557586669922,2.2262790203094482,2.736497402191162,1.8890814781188965,1.628033995628357,3.2992520332336426,1.104445457458496,-0.3459632098674774,-0.36961859464645386,-0.39919790625572205,-0.4158715605735779,-0.41886627674102783,-0.4186895787715912,-0.4190395474433899]
[-0.4218637943267822,-0.41865938901901245,-0.4198540151119232,-0.4180479049682617,-0.41949573159217834,-0.4158819913864136,-0.4162461757659912,-0.41089674830436707,-0.4088854491710663,-0.396182656288147,-0.3831312656402588,0.945267915725708,2.418896198272705,2.7306621074676514,2.4019412994384766,0.5928360223770142,0.1067647784948349,-0.8497822284698486,-0.5685892105102539,-0.39065247774124146,-0.44790080189704895,-0.42555275559425354,-0.4169013798236847,-0.4045693576335907,-0.4182080626487732,-0.4200807213783264,-0.42210400104522705,-0.41931623220443726]
[-0.4222567081451416,-0.41936352849006653,-0.4194323420524597,-0.417702853679657,-0.4185507297515869,-0.4176604747772217,-0.4120364785194397,-0.40649473667144775,-0.37923604249954224,-0.13532769680023193,1.7431410551071167,4.056897163391113,2.7164812088012695,1.6762487888336182,0.193299800157547,-0.25426191091537476,-0.3429545760154724,-0.33512812852859497,-0.41002029180526733,-0.3816600739955902,-0.40639838576316833,-0.4039996564388275,-0.4169237017631531,-0.407396525144577,-0.4186249375343323,-0.4197932183742523,-0.42135822772979736,-0.41919827461242676]
[-0.42235705256462097,-0.41965049505233765,-0.41969993710517883,-0.41841432452201843,-0.4177452027797699,-0.4124293029308319,-0.398811399936676,-0.35549136996269226,0.6774955987930298,2.1648030281066895,2.589629650115967,2.410409688949585,0.3697308301925659,-0.3394455909729004,-0.3427796959877014,-0.3929916024208069,-0.37136411666870117,-0.3889279067516327,-0.39917629957199097,-0.386399507522583,-0.40950360894203186,-0.40109696984291077,-0.41611671447753906,-0.4134667217731476,-0.4176252782344818,-0.4193965196609497,-0.42147693037986755,-0.42142054438591003]
[-0.42094340920448303,-0.4190521836280823,-0.41899919509887695,-0.4190863072872162,-0.4173167645931244,-0.4131860136985779,-0.3894449770450592,0.03142337501049042,2.9822471141815186,2.9864816665649414,2.4080376625061035,0.4093991219997406,-0.3891606330871582,-0.47974541783332825,-0.4058351218700409,-0.3880843222141266,-0.3715319037437439,-0.39044681191444397,-0.38479456305503845,-0.3962370455265045,-0.40798455476760864,-0.40997278690338135,-0.41742223501205444,-0.41605430841445923,-0.41794517636299133,-0.4199178218841553,-0.4196442663669586,-0.4175676703453064]
[-0.42089319229125977,-0.4188690483570099,-0.417948454618454,-0.4179150462150574,-0.41710197925567627,-0.412834495306015,-0.21078413724899292,2.3072686195373535,2.8040435314178467,2.8290481567382812,1.7634599208831787,0.7270896434783936,-0.4453662037849426,-0.3286697268486023,-0.3077815771102905,-0.31214892864227295,-0.3255624771118164,-0.33293741941452026,-0.4007019102573395,-0.39560946822166443,-0.4046558141708374,-0.40984073281288147,-0.41656070947647095,-0.41726869344711304,-0.4179481267929077,-0.41899755597114563,-0.41829153895378113,-0.41916900873184204]
[-0.4205465316772461,-0.41915494203567505,-0.4173807203769684,-0.41805604100227356,-0.41753146052360535,-0.41396546363830566,-0.2184666246175766,2.2950382232666016,3.3416807651519775,2.9091904163360596,2.6373507976531982,1.833763599395752,1.5620312690734863,3.2315304279327393,3.5157454013824463,3.3594372272491455,2.5070598125457764,1.4537124633789062,-0.39607009291648865,-0.39106348156929016,-0.3965672552585602,-0.4109722077846527,-0.41624709963798523,-0.4190288186073303,-0.4171893000602722,-0.41897618770599365,-0.4198545515537262,-0.417356014251709]
[-0.42057374119758606,-0.418949156999588,-0.417446494102478,-0.4173630475997925,-0.4152926206588745,-0.4134097993373871,-0.38733750581741333,0.21963506937026978,2.9517979621887207,2.8688952922821045,2.372873067855835,3.019986152648926,3.836885452270508,3.790316343307495,2.9186997413635254,3.3495731353759766,2.90582013130188,3.041151762008667,1.781731367111206,-0.37973353266716003,-0.38757529854774475,-0.4036826193332672,-0.4124707877635956,-0.4149664640426636,-0.4174560606479645,-0.41854238510131836,-0.41870301961898804,-0.4169207811355591]
[-0.4193648397922516,-0.4173022210597992,-0.41800928115844727,-0.4181293249130249,-0.41528111696243286,-0.41124847531318665,-0.3926630914211273,-0.3420405387878418,0.3674372732639313,1.0614070892333984,0.5806068181991577,0.4816349446773529,0.8201957941055298,-0.2911272644996643,-0.28498145937919617,-0.2204657793045044,1.7670351266860962,2.609771728515625,2.567965507507324,1.4635727405548096,-0.39268606901168823,-0.40332749485969543,-0.4133351743221283,-0.41567644476890564,-0.41878315806388855,-0.41799619793891907,-0.41862383484840393,-0.41623809933662415]
[-0.4208776652812958,-0.41871410608291626,-0.4178417921066284,-0.4168851673603058,-0.4149036705493927,-0.4127948582172394,-0.40122830867767334,-0.4021848142147064,-0.3918282389640808,-0.45175421237945557,-0.45111432671546936,-0.4513271152973175,-0.4515800476074219,-0.4303574860095978,-0.37483474612236023,-0.5646386742591858,0.7811795473098755,3.1020185947418213,2.7263660430908203,2.601057291030884,-0.389159619808197,-0.40428969264030457,-0.41320303082466125,-0.41500720381736755,-0.4189653992652893,-0.41679808497428894,-0.41819289326667786,-0.4172601103782654]
[-0.42115822434425354,-0.41949066519737244,-0.4181797504425049,-0.4176499843597412,-0.4167754054069519,-0.4114057123661041,-0.40867534279823303,-0.41586142778396606,-0.4059397280216217,-0.41060671210289,-0.42254868149757385,-0.42237308621406555,-0.41675490140914917,-0.4195009171962738,-0.3925662636756897,-0.7045116424560547,0.9613767862319946,2.72271990776062,2.296394109725952,2.1152124404907227,-0.38566216826438904,-0.40633299946784973,-0.41511157155036926,-0.4182437062263489,-0.41834625601768494,-0.4172201156616211,-0.4189336895942688,-0.4181036651134491]
[-0.42104029655456543,-0.42005130648612976,-0.4179132580757141,-0.4176786243915558,-0.4162079989910126,-0.41319093108177185,-0.416620135307312,-0.4146728515625,-0.4170628786087036,-0.4138307571411133,-0.41440579295158386,-0.4103257656097412,-0.40860819816589355,-0.41077619791030884,-0.4232029616832733,0.7313830852508545,2.4111440181732178,2.2114551067352295,2.2628841400146484,0.4576280415058136,-0.39648541808128357,-0.41026851534843445,-0.4186166226863861,-0.4189738929271698,-0.419294536113739,-0.41846778988838196,-0.4201827347278595,-0.4192315638065338]
[-0.42048022150993347,-0.41865795850753784,-0.418369323015213,-0.4180651903152466,-0.4174725413322449,-0.41451478004455566,-0.41968807578086853,-0.41738536953926086,-0.4177606701850891,-0.4177646040916443,-0.41131162643432617,-0.41108858585357666,-0.41644391417503357,-0.134139746427536,1.3047081232070923,2.604142665863037,2.7836620807647705,2.630300998687744,0.9605530500411987,-0.3343649208545685,-0.40661925077438354,-0.415278822183609,-0.4226388931274414,-0.42019855976104736,-0.4196907579898834,-0.4195004105567932,-0.4204532504081726,-0.42012301087379456]
[-0.42009904980659485,-0.4191044867038727,-0.41787707805633545,-0.4167053997516632,-0.41949427127838135,-0.41364097595214844,-0.41950345039367676,-0.4163934886455536,-0.4170868694782257,-0.4121309518814087,-0.41404372453689575,-0.403404176235199,0.5652298927307129,1.9646787643432617,2.504817247390747,2.8571994304656982,2.5482699871063232,1.2677146196365356,-0.37205979228019714,-0.3949529528617859,-0.4131998121738434,-0.41586995124816895,-0.4205716550350189,-0.4199608862400055,-0.4212055206298828,-0.41978466510772705,-0.4204757809638977,-0.42090192437171936]
[-0.4196319580078125,-0.4190326929092407,-0.4183247685432434,-0.4177492558956146,-0.4190077483654022,-0.4147167205810547,-0.41861066222190857,-0.41496434807777405,-0.41842302680015564,-0.41609060764312744,-0.41434597969055176,-0.4062292277812958,2.276808261871338,2.7632651329040527,2.099703073501587,2.1263792514801025,0.41218772530555725,-0.3507896363735199,-0.40061795711517334,-0.4070991277694702,-0.41279804706573486,-0.4192529320716858,-0.4214414358139038,-0.42003998160362244,-0.4205491542816162,-0.4190956950187683,-0.4210937023162842,-0.4207800030708313]
[-0.42098674178123474,-0.4201464056968689,-0.41790446639060974,-0.41739264130592346,-0.41793903708457947,-0.4157078266143799,-0.4197348952293396,-0.4162578582763672,-0.4168992042541504,-0.41481703519821167,-0.40350431203842163,-0.23993784189224243,2.8305394649505615,2.804392099380493,1.6942739486694336,-0.04195743054151535,-0.38582733273506165,-0.40410998463630676,-0.4105958640575409,-0.4075462818145752,-0.41457608342170715,-0.4166567325592041,-0.42052358388900757,-0.4188643991947174,-0.42128586769104004,-0.41943103075027466,-0.4211196303367615,-0.4206451177597046]
[-0.42012032866477966,-0.42058250308036804,-0.4201277792453766,-0.41872450709342957,-0.4181978106498718,-0.41595757007598877,-0.419670432806015,-0.41664350032806396,-0.41476958990097046,-0.411258727312088,-0.4810985326766968,0.6079436540603638,2.61173677444458,2.8608834743499756,-0.043695129454135895,-0.40654850006103516,-0.406009703874588,-0.40763744711875916,-0.41237953305244446,-0.4134747087955475,-0.4159170985221863,-0.41809460520744324,-0.4198065400123596,-0.4190378785133362,-0.42093703150749207,-0.41956430673599243,-0.42062869668006897,-0.42000752687454224]
[-0.41889071464538574,-0.4190625250339508,-0.4194290339946747,-0.41784223914146423,-0.4182060658931732,-0.41718876361846924,-0.41865795850753784,-0.41611969470977783,-0.4151398837566376,-0.40594610571861267,-0.30835282802581787,2.155242919921875,2.4908597469329834,1.2250540256500244,-0.437712699174881,-0.4030390679836273,-0.4082237184047699,-0.4059627950191498,-0.4128207862377167,-0.4132891595363617,-0.41673895716667175,-0.4148801267147064,-0.41837504506111145,-0.4177040755748749,-0.4197385609149933,-0.41878387331962585,-0.42164146900177,-0.4200519621372223]
[-0.4199169874191284,-0.41980060935020447,-0.42085736989974976,-0.4184916019439697,-0.41934239864349365,-0.41837313771247864,-0.4188384711742401,-0.4169723689556122,-0.4177307188510895,-0.3946182131767273,1.4876925945281982,3.837224006652832,1.5717471837997437,-0.45890164375305176,-0.40508487820625305,-0.4025033116340637,-0.4062458276748657,-0.40984439849853516,-0.41145089268684387,-0.4119018018245697,-0.4161507189273834,-0.41660723090171814,-0.4174276888370514,-0.4182904064655304,-0.4198594391345978,-0.41941556334495544,-0.4211808145046234,-0.4205012619495392]
[-0.41853970289230347,-0.41787785291671753,-0.4212733209133148,-0.4181538224220276,-0.41885846853256226,-0.4167308509349823,-0.41811037063598633,-0.4147641062736511,-0.40964314341545105,-0.23635417222976685,2.1350460052490234,1.398668646812439,-0.3009774684906006,-0.40412813425064087,-0.40612104535102844,-0.4080006778240204,-0.4174492061138153,-0.41495826840400696,-0.41304415464401245,-0.41046807169914246,-0.41621607542037964,-0.4148167371749878,-0.41622310876846313,-0.4174046218395233,-0.4202253222465515,-0.41861122846603394,-0.4199507236480713,-0.41965794563293457]
[-0.41568371653556824,-0.41866540908813477,-0.42072877287864685,-0.42004328966140747,-0.42030784487724304,-0.4193573594093323,-0.4184401035308838,-0.41237470507621765,-0.3693115711212158,0.15436723828315735,1.2072083950042725,0.4634644091129303,-0.39542731642723083,-0.406780481338501,-0.410024493932724,-0.41292163729667664,-0.41351839900016785,-0.4105108678340912,-0.4126790165901184,-0.4123736619949341,-0.41570496559143066,-0.4178539514541626,-0.41770297288894653,-0.41893988847732544,-0.4209993779659271,-0.42130419611930847,-0.42042049765586853,-0.41961920261383057]
