[-0.4157191216945648,-0.41752880811691284,-0.4190346896648407,-0.4180891215801239,-0.41916224360466003,-0.41865843534469604,-0.42001840472221375,-0.4190717935562134,-0.4205456078052521,-0.4190766215324402,-0.4210507869720459,-0.41556763648986816,-0.42163947224617004,-0.418672114610672,-0.41998231410980225,-0.41678404808044434,-0.4149833023548126,-0.41431963443756104,-0.41243141889572144,-0.40132611989974976,-0.40371039509773254,-0.3548424243927002,-0.41147539019584656,-0.41225263476371765,-0.4117944836616516,-0.4137399196624756,-0.4141453206539154,-0.40959495306015015]
[-0.4186098873615265,-0.4186747968196869,-0.41979673504829407,-0.4184992015361786,-0.41965508460998535,-0.418790727853775,-0.41949737071990967,-0.41944268345832825,-0.4200096130371094,-0.4176086485385895,-0.4192585349082947,-0.4155690371990204,-0.4193141460418701,-0.4162409007549286,-0.4154456853866577,-0.42176178097724915,-0.4148395359516144,-0.4062807261943817,-0.40240278840065,-0.353789746761322,-0.4050566852092743,-0.4004388153553009,-0.4165087342262268,-0.4120647609233856,-0.4145076274871826,-0.41637393832206726,-0.41816267371177673,-0.41408124566078186]
[-0.4203236699104309,-0.4198750853538513,-0.42038413882255554,-0.41939103603363037,-0.42076393961906433,-0.41963380575180054,-0.4203811585903168,-0.41954928636550903,-0.4205706715583801,-0.41826215386390686,-0.4190770983695984,-0.4164208769798279,-0.41580820083618164,-0.4128650426864624,-0.4274473190307617,-0.39388808608055115,-0.41521888971328735,-0.31587865948677063,0.5219449996948242,0.22718292474746704,-0.41285720467567444,-0.4113484025001526,-0.4180965721607208,-0.4128361940383911,-0.4176463782787323,-0.41663235425949097,-0.418727308511734,-0.41633862257003784]
[-0.42050495743751526,-0.4195362329483032,-0.4197899401187897,-0.4190866947174072,-0.420725554227829,-0.41930636763572693,-0.42067262530326843,-0.41968193650245667,-0.42021772265434265,-0.4171571135520935,-0.41420120000839233,-0.41763025522232056,-0.4579460024833679,-0.47729477286338806,-0.467867910861969,0.4802189767360687,0.7053650617599487,0.841545820236206,-0.19397857785224915,-0.3972063362598419,-0.4102320075035095,-0.4129355251789093,-0.4173816740512848,-0.41579750180244446,-0.418932169675827,-0.4157114028930664,-0.41830089688301086,-0.41570720076560974]
[-0.41993123292922974,-0.419810950756073,-0.42022380232810974,-0.419376015663147,-0.42072221636772156,-0.41967350244522095,-0.4199661314487457,-0.41914188861846924,-0.4184949994087219,-0.41450169682502747,-0.4303978383541107,-0.2946280539035797,0.759514331817627,2.7857279777526855,2.4231789112091064,2.9996538162231445,1.3996466398239136,0.3076062500476837,-0.39263322949409485,-0.4074055552482605,-0.40571561455726624,-0.412900447845459,-0.4188040494918823,-0.4162784814834595,-0.4184686541557312,-0.4173644185066223,-0.4192984402179718,-0.41828370094299316]
[-0.42044660449028015,-0.42011815309524536,-0.42040377855300903,-0.4194682836532593,-0.4206756353378296,-0.41907668113708496,-0.4199575185775757,-0.4190857410430908,-0.4177873432636261,-0.4137862026691437,-0.09705754369497299,2.577124834060669,3.3079497814178467,2.353286027908325,2.466493844985962,3.4621498584747314,2.142739772796631,1.1720271110534668,-0.3374598026275635,-0.4051603376865387,-0.40363064408302307,-0.41311201453208923,-0.4182891249656677,-0.4178686738014221,-0.41927260160446167,-0.4181816279888153,-0.4183851182460785,-0.4180263876914978]
[-0.42111438512802124,-0.4199313223361969,-0.4205772578716278,-0.41975367069244385,-0.42092636227607727,-0.4194534718990326,-0.4197223484516144,-0.41880589723587036,-0.4149988293647766,-0.4122232496738434,0.6363379955291748,2.7988266944885254,2.806830883026123,2.0541186332702637,2.0708189010620117,2.1779963970184326,1.6463085412979126,2.1166720390319824,1.0404601097106934,-0.4038562476634979,-0.40225130319595337,-0.410177081823349,-0.41742101311683655,-0.41752398014068604,-0.41904324293136597,-0.4187672734260559,-0.41902193427085876,-0.4193968176841736]
[-0.4216781556606293,-0.42069584131240845,-0.42075690627098083,-0.4200367033481598,-0.42078304290771484,-0.419201523065567,-0.41999298334121704,-0.418375700712204,-0.4142870604991913,-0.41282960772514343,0.5923935174942017,2.516432762145996,2.1601836681365967,2.8029191493988037,0.9554460048675537,0.6833159923553467,1.987354040145874,2.610785961151123,2.3732166290283203,-0.28019315004348755,-0.40744781494140625,-0.4084319472312927,-0.4151347577571869,-0.41848671436309814,-0.41907793283462524,-0.41856321692466736,-0.4195106029510498,-0.4199005663394928]
[-0.4214364290237427,-0.42079025506973267,-0.4209236204624176,-0.4192741811275482,-0.42033636569976807,-0.4188438057899475,-0.41960471868515015,-0.41737255454063416,-0.4119434952735901,-0.4095939099788666,1.2797707319259644,2.735273838043213,2.3171982765197754,2.3268544673919678,0.6106500625610352,1.2233879566192627,1.9182159900665283,3.0167596340179443,3.0546658039093018,0.7557014226913452,-0.39896219968795776,-0.40518832206726074,-0.41487932205200195,-0.4171295166015625,-0.419048547744751,-0.4188847839832306,-0.41939017176628113,-0.4191721975803375]
[-0.42063531279563904,-0.42102542519569397,-0.4206664562225342,-0.419594407081604,-0.4201441705226898,-0.41892048716545105,-0.42070674896240234,-0.4178377091884613,-0.41354042291641235,-0.4079055190086365,1.3208978176116943,2.735931396484375,2.679961919784546,0.4015618860721588,-0.2933054566383362,0.5307695865631104,1.6114009618759155,2.3796348571777344,3.1261110305786133,1.4423472881317139,-0.40161043405532837,-0.4028625786304474,-0.41424429416656494,-0.4178031086921692,-0.4197359085083008,-0.4190158247947693,-0.4193086624145508,-0.41883987188339233]
[-0.4210512340068817,-0.4205954670906067,-0.42090192437171936,-0.41863518953323364,-0.4194238781929016,-0.41873201727867126,-0.4196288287639618,-0.41630762815475464,-0.411089688539505,-0.4014511704444885,1.1920822858810425,2.6888246536254883,2.2750391960144043,-0.3708021938800812,-0.4173509180545807,-0.28398072719573975,1.706881046295166,2.8018219470977783,2.8488895893096924,1.4828943014144897,-0.38761332631111145,-0.40204954147338867,-0.41335856914520264,-0.4182263910770416,-0.4196628928184509,-0.41915279626846313,-0.4196105897426605,-0.417743980884552]
[-0.420662522315979,-0.41978368163108826,-0.4206617772579193,-0.418887197971344,-0.41905564069747925,-0.41872522234916687,-0.42050933837890625,-0.4162982106208801,-0.41470474004745483,-0.3993389308452606,1.0437995195388794,2.908449411392212,1.9356138706207275,-0.3799094557762146,-0.40896907448768616,-0.3040299415588379,1.9717166423797607,2.8875927925109863,2.611959934234619,1.7453532218933105,-0.38364043831825256,-0.39704450964927673,-0.41283729672431946,-0.4179510772228241,-0.41975122690200806,-0.41824445128440857,-0.41832420229911804,-0.4174436926841736]
[-0.4211021959781647,-0.42048346996307373,-0.42082110047340393,-0.4194352924823761,-0.41924747824668884,-0.41887661814689636,-0.41897618770599365,-0.41533827781677246,-0.4140389561653137,-0.388155460357666,1.5847647190093994,3.198479413986206,1.9221277236938477,-0.39412277936935425,-0.4161392152309418,-0.20982035994529724,2.4106287956237793,2.95159912109375,2.937469244003296,2.0976486206054688,-0.34658265113830566,-0.4000326097011566,-0.4106476604938507,-0.417606920003891,-0.418975293636322,-0.41822686791419983,-0.41895514726638794,-0.41773444414138794]
[-0.42070481181144714,-0.4195106327533722,-0.4201233685016632,-0.4192247986793518,-0.41898736357688904,-0.41877543926239014,-0.41989564895629883,-0.41683250665664673,-0.41320857405662537,-0.3628898859024048,1.6840572357177734,2.45146107673645,1.0399547815322876,-0.4859527051448822,-0.3683820366859436,0.8788632154464722,2.7652475833892822,2.124727249145508,2.873218536376953,2.1702990531921387,0.5269486904144287,-0.40106692910194397,-0.4064716398715973,-0.416107714176178,-0.4191698133945465,-0.41761329770088196,-0.41845184564590454,-0.4182511270046234]
[-0.4210411012172699,-0.41904357075691223,-0.42051830887794495,-0.4181400537490845,-0.4183357059955597,-0.41798996925354004,-0.4185580909252167,-0.41572877764701843,-0.40865615010261536,0.021308496594429016,2.103257417678833,2.3027985095977783,0.8711744546890259,-0.20157483220100403,0.4786907732486725,2.5628459453582764,2.7461133003234863,2.815047025680542,2.8644418716430664,2.5314536094665527,1.5539114475250244,-0.22731059789657593,-0.4075043499469757,-0.4129565358161926,-0.4164331257343292,-0.41718462109565735,-0.4178031384944916,-0.4172525405883789]
[-0.4203341603279114,-0.41932758688926697,-0.4201700985431671,-0.41849249601364136,-0.4190453290939331,-0.4170762896537781,-0.41700467467308044,-0.4114726483821869,-0.2766675055027008,1.273655652999878,2.399289608001709,2.5729658603668213,1.996433973312378,2.1359550952911377,2.093125104904175,2.851921319961548,3.014183759689331,3.1307451725006104,2.5457403659820557,2.617950201034546,2.120875358581543,0.6944442987442017,-0.41190069913864136,-0.40892744064331055,-0.40919917821884155,-0.41366052627563477,-0.41599205136299133,-0.4174116551876068]
[-0.4199119508266449,-0.4189353585243225,-0.41926467418670654,-0.41830819845199585,-0.4182108938694,-0.4123527705669403,-0.4098157286643982,-0.40470483899116516,0.8717886209487915,2.423774003982544,2.711975574493408,2.418666124343872,2.630936861038208,2.9994547367095947,2.6489551067352295,2.764709234237671,2.8912315368652344,2.874190330505371,2.4282519817352295,2.8150854110717773,2.561124324798584,1.2954975366592407,-0.05200275033712387,-0.39771848917007446,-0.4111995995044708,-0.41099315881729126,-0.4185965657234192,-0.4197828471660614]
[-0.42016810178756714,-0.4191252887248993,-0.41946905851364136,-0.4177216589450836,-0.4185657799243927,-0.4130989909172058,-0.3658997416496277,0.6838077306747437,2.2924134731292725,2.820530652999878,2.839043140411377,2.680528402328491,2.5692806243896484,2.5131232738494873,2.7311174869537354,2.783111333847046,2.429518461227417,2.4740800857543945,2.4836084842681885,2.820788621902466,2.60646915435791,2.188424825668335,1.2910840511322021,0.18941664695739746,-0.401117742061615,-0.40983468294143677,-0.41648179292678833,-0.4183495342731476]
[-0.4196009635925293,-0.41857990622520447,-0.41830286383628845,-0.41594862937927246,-0.41867485642433167,-0.41115015745162964,0.856569766998291,2.9538536071777344,2.873082160949707,2.7639524936676025,2.8610775470733643,2.577974319458008,2.091486692428589,2.5208208560943604,2.7068772315979004,2.686659812927246,2.5954015254974365,2.8154866695404053,2.514003038406372,3.16713809967041,2.2322239875793457,2.5118191242218018,1.8349344730377197,1.392624855041504,0.24167996644973755,-0.41002973914146423,-0.42055726051330566,-0.41999900341033936]
[-0.41868630051612854,-0.41900548338890076,-0.41964656114578247,-0.4163965582847595,-0.41883689165115356,-0.30007970333099365,1.9200966358184814,2.4910504817962646,2.967266082763672,2.496994733810425,2.3406877517700195,2.114396095275879,2.4352834224700928,2.668332576751709,2.6682777404785156,3.1881484985351562,2.9948654174804688,2.670999765396118,2.217831611633301,2.4442741870880127,1.667040228843689,1.0250921249389648,0.5004950761795044,0.7609506845474243,-0.15690429508686066,-0.41513416171073914,-0.41908976435661316,-0.41608676314353943]
[-0.4187626242637634,-0.4180452525615692,-0.4185549020767212,-0.4162321984767914,-0.41687583923339844,-0.2526214122772217,1.7180562019348145,2.173168897628784,2.776397705078125,2.705810785293579,2.3432412147521973,2.6674320697784424,2.543243885040283,2.4873697757720947,2.318812608718872,2.54883074760437,2.0319430828094482,1.4421075582504272,0.6902586221694946,-0.0002013668417930603,-0.36596545577049255,-0.395528107881546,-0.396859347820282,-0.3656497895717621,-0.39872005581855774,-0.4165882468223572,-0.4214496910572052,-0.4169910252094269]
[-0.4189382791519165,-0.4173767566680908,-0.4178597331047058,-0.41623926162719727,-0.4165870249271393,-0.39104360342025757,1.575048565864563,2.8314390182495117,2.4950335025787354,2.177703619003296,2.453585624694824,2.7777178287506104,2.5405116081237793,1.9559028148651123,0.886127233505249,0.4484698474407196,-0.24330681562423706,-0.33962535858154297,-0.3694450259208679,-0.40666308999061584,-0.4178679585456848,-0.41488680243492126,-0.39946213364601135,-0.3990730345249176,-0.4145444929599762,-0.4139400124549866,-0.41891366243362427,-0.41664841771125793]
[-0.42006298899650574,-0.4182192087173462,-0.41927817463874817,-0.4174704849720001,-0.4146227240562439,-0.4292290210723877,1.6594163179397583,2.9912731647491455,3.1825828552246094,3.349368095397949,2.652594804763794,2.877018690109253,1.6917749643325806,0.301878958940506,-0.3814912736415863,-0.39653804898262024,-0.39708590507507324,-0.40679869055747986,-0.4156564772129059,-0.4114639163017273,-0.41505134105682373,-0.4088837504386902,-0.4101417064666748,-0.41066229343414307,-0.41381317377090454,-0.41430699825286865,-0.4197079539299011,-0.4193624258041382]
[-0.42006000876426697,-0.4177049994468689,-0.418317973613739,-0.4157692492008209,-0.414041131734848,-0.43350982666015625,0.9139999151229858,2.375929117202759,3.2943317890167236,2.4735422134399414,2.4820892810821533,2.8987889289855957,0.6969051361083984,-0.407653272151947,-0.40169772505760193,-0.4012962281703949,-0.40572261810302734,-0.41016054153442383,-0.41308528184890747,-0.41057106852531433,-0.4138331413269043,-0.4148930609226227,-0.41597235202789307,-0.41780954599380493,-0.4182499349117279,-0.418545126914978,-0.4195312261581421,-0.41766706109046936]
[-0.4203813076019287,-0.41810843348503113,-0.41874852776527405,-0.41679224371910095,-0.412563681602478,-0.4360053241252899,-0.5035773515701294,-0.27953290939331055,1.0499461889266968,0.8472259044647217,1.3821437358856201,0.834924578666687,-0.386603444814682,-0.39859849214553833,-0.404876708984375,-0.4086560010910034,-0.41485631465911865,-0.41077035665512085,-0.4148271381855011,-0.4137614369392395,-0.4160987138748169,-0.4160348176956177,-0.4170385003089905,-0.4138821065425873,-0.4177941679954529,-0.4157314896583557,-0.4179077744483948,-0.41919809579849243]
[-0.42032867670059204,-0.4191718101501465,-0.41881752014160156,-0.41503989696502686,-0.4120717942714691,-0.42066413164138794,-0.4215434789657593,-0.46587830781936646,-0.3760465383529663,-0.3675568103790283,-0.31687143445014954,-0.3696659207344055,-0.3964827358722687,-0.40227895975112915,-0.4128528833389282,-0.41563352942466736,-0.41723087430000305,-0.4157646894454956,-0.4165172576904297,-0.416012167930603,-0.41783320903778076,-0.41709285974502563,-0.4184264838695526,-0.41601988673210144,-0.4172886610031128,-0.4158783257007599,-0.4169662892818451,-0.41568344831466675]
[-0.4209671914577484,-0.41794732213020325,-0.4192502200603485,-0.4165743291378021,-0.4161965250968933,-0.4125114381313324,-0.4205581843852997,-0.41042017936706543,-0.404174268245697,-0.398755818605423,-0.39567819237709045,-0.40907251834869385,-0.412304550409317,-0.4114415943622589,-0.41929900646209717,-0.4174511730670929,-0.41596683859825134,-0.41633856296539307,-0.4173806309700012,-0.415449321269989,-0.4166881740093231,-0.4167400896549225,-0.41827088594436646,-0.4161728322505951,-0.4180541932582855,-0.41498297452926636,-0.4173668324947357,-0.41257980465888977]
[-0.4183731973171234,-0.4201849699020386,-0.41971486806869507,-0.41772833466529846,-0.4207668602466583,-0.4142206907272339,-0.41331246495246887,-0.4112570285797119,-0.4052329361438751,-0.4121997356414795,-0.40806296467781067,-0.41670894622802734,-0.4197900891304016,-0.4175206124782562,-0.4198058843612671,-0.41894227266311646,-0.4177873730659485,-0.4172024726867676,-0.41925981640815735,-0.4167393445968628,-0.41804254055023193,-0.4161461591720581,-0.4182291626930237,-0.4156733751296997,-0.41677969694137573,-0.4103356599807739,-0.4103621542453766,-0.4017069935798645]
