[-0.4181518256664276,-0.418979674577713,-0.4206606447696686,-0.4189864695072174,-0.4210745096206665,-0.4201054573059082,-0.4198859930038452,-0.4210588037967682,-0.4218580424785614,-0.41854724287986755,-0.41898834705352783,-0.41797736287117004,-0.42186373472213745,-0.41814446449279785,-0.4184176027774811,-0.4162444472312927,-0.4179382026195526,-0.4155835509300232,-0.41335293650627136,-0.41217419505119324,-0.41302159428596497,-0.4142868220806122,-0.41459283232688904,-0.41619572043418884,-0.4165700078010559,-0.41668498516082764,-0.41575923562049866,-0.4139038324356079]
[-0.4194028973579407,-0.4211748242378235,-0.420991450548172,-0.41938379406929016,-0.4208877980709076,-0.41985735297203064,-0.42028746008872986,-0.4189516007900238,-0.419699102640152,-0.4193456768989563,-0.4198071360588074,-0.41861477494239807,-0.4218708276748657,-0.4175627827644348,-0.4180794954299927,-0.41780588030815125,-0.41897207498550415,-0.41344037652015686,-0.4146207571029663,-0.4119732975959778,-0.41342803835868835,-0.41348955035209656,-0.4146825969219208,-0.4152096211910248,-0.4165228009223938,-0.41651999950408936,-0.4181468188762665,-0.41750505566596985]
[-0.4208868443965912,-0.4202078580856323,-0.4209936857223511,-0.4187451899051666,-0.41956058144569397,-0.41982632875442505,-0.42130765318870544,-0.4202786087989807,-0.42145493626594543,-0.42161259055137634,-0.42026108503341675,-0.4213787317276001,-0.4182814359664917,-0.42510783672332764,-0.41657641530036926,-0.41109395027160645,-0.4129526913166046,-0.41194817423820496,-0.41500115394592285,-0.4135904312133789,-0.4149421453475952,-0.41480645537376404,-0.4158037006855011,-0.41399383544921875,-0.41542768478393555,-0.41776278614997864,-0.4184275269508362,-0.41942688822746277]
[-0.421130895614624,-0.4202304780483246,-0.42093726992607117,-0.41909900307655334,-0.4199775159358978,-0.41813769936561584,-0.42136502265930176,-0.4189411997795105,-0.42257753014564514,-0.4190570116043091,-0.41908442974090576,-0.4066708981990814,-0.4139866828918457,-0.41530728340148926,-0.41408011317253113,-0.40964001417160034,-0.40848758816719055,-0.40875428915023804,-0.413796067237854,-0.41361746191978455,-0.41639000177383423,-0.4142061173915863,-0.4176706075668335,-0.41518938541412354,-0.4177127778530121,-0.41624322533607483,-0.4196644723415375,-0.4181882441043854]
[-0.42067086696624756,-0.41964882612228394,-0.4202466607093811,-0.41942527890205383,-0.41972726583480835,-0.41695836186408997,-0.4199073910713196,-0.4146941304206848,-0.41281965374946594,-0.40821388363838196,-0.4126530587673187,-0.43298768997192383,-0.3532477617263794,-0.28487780690193176,-0.34848108887672424,-0.4118668735027313,-0.42101946473121643,-0.4020956754684448,-0.41066858172416687,-0.41129887104034424,-0.41086962819099426,-0.4112095534801483,-0.41665178537368774,-0.4137369990348816,-0.41714486479759216,-0.41700279712677,-0.41994988918304443,-0.4187553822994232]
[-0.42078542709350586,-0.41907891631126404,-0.4185306429862976,-0.41856586933135986,-0.41930297017097473,-0.4159603416919708,-0.41418570280075073,-0.4114324450492859,-0.41295406222343445,-0.383384108543396,0.08471627533435822,1.3421450853347778,2.987197160720825,2.172922372817993,1.3564645051956177,0.8235918283462524,-0.4171247184276581,-0.4113483726978302,-0.3957768976688385,-0.4028324484825134,-0.40976327657699585,-0.41034194827079773,-0.4164838492870331,-0.4157794415950775,-0.4177510738372803,-0.41769129037857056,-0.4206136465072632,-0.41795453429222107]
[-0.4213103950023651,-0.4196198880672455,-0.41973626613616943,-0.41826632618904114,-0.4181773066520691,-0.41682717204093933,-0.4122176170349121,-0.3594489097595215,0.1581253707408905,2.435558795928955,3.3561344146728516,2.316006660461426,2.951477527618408,2.5672764778137207,2.1329829692840576,2.9224491119384766,1.78678560256958,-0.34911638498306274,-0.40495842695236206,-0.40744489431381226,-0.40991801023483276,-0.40981653332710266,-0.41576093435287476,-0.41502994298934937,-0.4173305332660675,-0.41769033670425415,-0.4206960201263428,-0.41959348320961]
[-0.4225102961063385,-0.42014938592910767,-0.4198269546031952,-0.4177970588207245,-0.4180888235569,-0.4152248799800873,-0.40575525164604187,0.33683910965919495,2.5407941341400146,2.098207950592041,2.6884565353393555,1.8442201614379883,2.5216941833496094,2.785465717315674,1.9126389026641846,3.0669312477111816,3.128892421722412,1.709571361541748,-0.09547127038240433,-0.4047011733055115,-0.4085368514060974,-0.41399168968200684,-0.41680049896240234,-0.41597312688827515,-0.4178644120693207,-0.4187503159046173,-0.4204632043838501,-0.4188460111618042]
[-0.4212529957294464,-0.41987261176109314,-0.4180895686149597,-0.4168685972690582,-0.41208571195602417,-0.4100983738899231,-0.38440126180648804,1.6664224863052368,2.241812229156494,2.548231601715088,2.565455913543701,1.1533373594284058,0.8141433000564575,1.513208031654358,1.0938115119934082,1.0373948812484741,1.9935436248779297,2.0238335132598877,2.1720104217529297,-0.3151240944862366,-0.40234237909317017,-0.4161101281642914,-0.41555067896842957,-0.41535133123397827,-0.41725972294807434,-0.41830331087112427,-0.4194958508014679,-0.41881442070007324]
[-0.4209480285644531,-0.41861507296562195,-0.41761112213134766,-0.41500329971313477,-0.40699735283851624,-0.4011097252368927,-0.03000510483980179,2.6167216300964355,2.640681743621826,1.5274181365966797,2.1695728302001953,0.4767123758792877,-0.3703557848930359,-0.3883693814277649,-0.3557056784629822,-0.30956149101257324,0.27618205547332764,1.494728446006775,2.896400213241577,1.4003303050994873,-0.35346245765686035,-0.4149746894836426,-0.4138556122779846,-0.4128362238407135,-0.41817188262939453,-0.41945716738700867,-0.4205774962902069,-0.4169483780860901]
[-0.4196968376636505,-0.41818201541900635,-0.41458365321159363,-0.41318479180336,-0.40351492166519165,0.30407506227493286,1.8229072093963623,2.5313117504119873,2.239902973175049,1.4086787700653076,1.3280678987503052,-0.3611399531364441,-0.36275801062583923,-0.39520376920700073,-0.3799544870853424,-0.4190181493759155,-0.34638145565986633,1.470131278038025,3.2626614570617676,2.57438588142395,0.5671762228012085,-0.3761182427406311,-0.4128968119621277,-0.4077027142047882,-0.4169163405895233,-0.4192497134208679,-0.420267254114151,-0.41742461919784546]
[-0.41894206404685974,-0.4183581471443176,-0.41420605778694153,-0.4073937237262726,-0.04456982761621475,2.166290044784546,2.4850475788116455,2.3468499183654785,2.2973546981811523,2.3281030654907227,0.8720166683197021,-0.4558667838573456,-0.4055865406990051,-0.40784013271331787,-0.39674150943756104,-0.4145297706127167,-0.3565748333930969,0.4262172281742096,2.140951633453369,3.1137287616729736,2.02131986618042,0.3862222135066986,-0.3908883333206177,-0.3932124674320221,-0.41306623816490173,-0.41890576481819153,-0.41915106773376465,-0.41622674465179443]
[-0.4180137515068054,-0.41811603307724,-0.4058063328266144,-0.42818671464920044,0.7747960090637207,2.2806520462036133,2.4724740982055664,2.6364331245422363,2.1730599403381348,2.3666982650756836,1.0465099811553955,0.12363539636135101,-0.08423788845539093,-0.16927014291286469,-0.3936881422996521,-0.4299238622188568,-0.4322299659252167,-0.19422385096549988,0.7120875120162964,3.0420634746551514,2.7210090160369873,1.9282183647155762,-0.2786411643028259,-0.3646799623966217,-0.404256135225296,-0.41501063108444214,-0.4196179211139679,-0.4176401197910309]
[-0.4185231328010559,-0.4169718325138092,-0.4043695628643036,-0.2788199186325073,2.0940682888031006,2.7644474506378174,2.6791160106658936,2.380746364593506,1.8838438987731934,2.269803047180176,1.6851598024368286,1.6825584173202515,1.8066176176071167,1.1029093265533447,-0.04719668626785278,-0.41938090324401855,-0.42778775095939636,-0.36555540561676025,-0.9665964841842651,1.825729250907898,2.4551663398742676,3.080761194229126,0.921943187713623,-0.3829124867916107,-0.4038878381252289,-0.4135640263557434,-0.4182600677013397,-0.41733768582344055]
[-0.41940680146217346,-0.4204194247722626,-0.41558289527893066,0.5509202480316162,3.2388477325439453,3.6276180744171143,2.9477672576904297,2.1298410892486572,1.606300711631775,1.1946552991867065,-0.0703725591301918,0.9423331022262573,0.592191219329834,-0.3173596262931824,-0.41914981603622437,-0.4138195216655731,-0.4245290458202362,-0.4264301359653473,-0.8727487325668335,0.7270050048828125,2.5127615928649902,3.3187081813812256,1.0922069549560547,-0.35764580965042114,-0.3999456465244293,-0.41275495290756226,-0.4213709533214569,-0.41984015703201294]
[-0.4150870740413666,-0.4173682630062103,-0.27554935216903687,1.684759259223938,3.0044679641723633,2.8246750831604004,2.4802744388580322,2.1811070442199707,0.6623252630233765,-0.3781418800354004,-0.40384912490844727,-0.3933720886707306,-0.39488744735717773,-0.40424787998199463,-0.41451916098594666,-0.4086425006389618,-0.4210028052330017,-0.4371374249458313,-0.7066837549209595,0.2698352038860321,2.268000364303589,2.0149762630462646,1.9490303993225098,-0.3360430896282196,-0.3989463150501251,-0.41083258390426636,-0.4188191294670105,-0.4181017577648163]
[-0.4171629846096039,-0.42049333453178406,-0.39535024762153625,-0.2719075083732605,-0.14223428070545197,2.158535957336426,3.1647684574127197,2.2620558738708496,-0.4337202310562134,-0.40811389684677124,-0.42082154750823975,-0.4165249168872833,-0.4129149913787842,-0.4136585295200348,-0.4229157269001007,-0.40906602144241333,-0.42453667521476746,-0.4351446330547333,-0.4413629174232483,-0.25549963116645813,1.7694345712661743,2.508524179458618,2.532536745071411,-0.31289127469062805,-0.40019384026527405,-0.41370561718940735,-0.42204907536506653,-0.4208294153213501]
[-0.41379937529563904,-0.41607579588890076,-0.4179534912109375,-0.38604268431663513,-0.3309294581413269,1.2452386617660522,3.0991549491882324,1.8779058456420898,-0.41062256693840027,-0.3891492486000061,-0.4083240032196045,-0.41536980867385864,-0.41685032844543457,-0.4167456030845642,-0.4274423122406006,-0.4179511070251465,-0.4205779433250427,-0.40681493282318115,-0.49097612500190735,0.3964216411113739,1.7989685535430908,2.011796712875366,2.501744031906128,-0.33873671293258667,-0.3986392617225647,-0.41326627135276794,-0.422186017036438,-0.42013999819755554]
[-0.41790345311164856,-0.41577354073524475,-0.4203476309776306,-0.41198939085006714,-0.42475754022598267,1.0438625812530518,2.9192628860473633,1.3810434341430664,-0.39180466532707214,-0.40183064341545105,-0.39692720770835876,-0.4024917185306549,-0.40043455362319946,-0.4182196855545044,-0.4080713391304016,-0.4060399532318115,-0.3749582767486572,-0.36058878898620605,-0.0905027985572815,2.218385934829712,2.0408432483673096,3.167734146118164,1.824375867843628,-0.3561275005340576,-0.4050474464893341,-0.4146609902381897,-0.42416107654571533,-0.42231035232543945]
[-0.4167301654815674,-0.4165690243244171,-0.41737085580825806,-0.40983960032463074,-0.41915085911750793,0.27615660429000854,2.748277187347412,2.8025400638580322,1.2651689052581787,0.8639863729476929,0.18719303607940674,-0.37530967593193054,-0.35870054364204407,-0.38979390263557434,-0.3910253345966339,-0.3326873779296875,0.06826257705688477,1.4688935279846191,2.1924290657043457,2.562178373336792,2.689084529876709,2.620082139968872,-0.23791277408599854,-0.38571733236312866,-0.4086989164352417,-0.4171050488948822,-0.42063185572624207,-0.4203738570213318]
[-0.41863569617271423,-0.4156053364276886,-0.41595444083213806,-0.41486233472824097,-0.4077387750148773,-0.09685584157705307,2.0011162757873535,2.9128384590148926,2.541053056716919,3.277568817138672,2.342919111251831,1.987415075302124,2.1461181640625,2.2398531436920166,1.9585003852844238,2.3795506954193115,2.6574580669403076,2.1509945392608643,2.797630548477173,2.497152090072632,1.2820050716400146,-0.15493860840797424,-0.3893114924430847,-0.40594643354415894,-0.4162033498287201,-0.4203321039676666,-0.42211204767227173,-0.42277824878692627]
[-0.4189964830875397,-0.4170006513595581,-0.4154674708843231,-0.41048839688301086,-0.4057900905609131,-0.2767512798309326,1.738793134689331,3.1145970821380615,2.79118275642395,2.7243106365203857,2.6238110065460205,2.381021499633789,2.735935688018799,2.537655830383301,2.2923643589019775,2.0477969646453857,2.655860662460327,2.7103421688079834,2.3611011505126953,0.5648144483566284,-0.4042165279388428,-0.3944101333618164,-0.4060630202293396,-0.4140833914279938,-0.4162503480911255,-0.4208269715309143,-0.42358696460723877,-0.4240129590034485]
[-0.4201519191265106,-0.41736045479774475,-0.4154934287071228,-0.4116615056991577,-0.41695523262023926,-0.40889182686805725,-0.17966344952583313,1.2260794639587402,2.657783269882202,2.9929020404815674,3.0153582096099854,3.3029582500457764,3.1330511569976807,2.48258376121521,3.147162437438965,2.3158950805664062,2.8964624404907227,1.6860555410385132,-0.2831764817237854,-0.36756759881973267,-0.40299180150032043,-0.3984505236148834,-0.4137260317802429,-0.41597139835357666,-0.4186711609363556,-0.42089810967445374,-0.4233943521976471,-0.42207786440849304]
[-0.419146329164505,-0.4178803563117981,-0.41740554571151733,-0.4131700098514557,-0.4169129729270935,-0.40909716486930847,-0.38412177562713623,-0.3534700274467468,-0.28502601385116577,-0.2785748541355133,-0.17791429162025452,-0.23920904099941254,-0.015949584543704987,0.2374502420425415,0.19942134618759155,-0.23378890752792358,-0.27576690912246704,-0.35949450731277466,-0.37795475125312805,-0.4023611843585968,-0.4011179804801941,-0.4089832603931427,-0.4170477092266083,-0.4176105856895447,-0.41916292905807495,-0.4217715263366699,-0.42271438241004944,-0.4207894504070282]
[-0.4195661246776581,-0.4163668751716614,-0.4181325435638428,-0.41415315866470337,-0.4173237383365631,-0.41470101475715637,-0.4181996285915375,-0.41491514444351196,-0.40034112334251404,-0.42540550231933594,-0.4333159327507019,-0.41875380277633667,-0.44376054406166077,-0.43655285239219666,-0.4289989769458771,-0.39352938532829285,-0.40908190608024597,-0.4130313992500305,-0.41494640707969666,-0.4045078754425049,-0.41350042819976807,-0.41542160511016846,-0.41667699813842773,-0.41658955812454224,-0.4193061590194702,-0.4200892746448517,-0.4216443598270416,-0.42193901538848877]
[-0.4213269054889679,-0.41810330748558044,-0.4178133010864258,-0.4135827124118805,-0.4168136417865753,-0.4176957607269287,-0.41491129994392395,-0.41406571865081787,-0.403022438287735,-0.405272513628006,-0.416919082403183,-0.41485658288002014,-0.4173352122306824,-0.40852367877960205,-0.410554438829422,-0.4138624370098114,-0.41531553864479065,-0.41191601753234863,-0.4153417646884918,-0.4145527482032776,-0.4185858368873596,-0.41684794425964355,-0.41697368025779724,-0.4170321822166443,-0.4183840751647949,-0.41992276906967163,-0.4203683137893677,-0.41982904076576233]
[-0.42274540662765503,-0.4195760488510132,-0.4189198911190033,-0.4148828983306885,-0.41943681240081787,-0.4150546193122864,-0.4183540940284729,-0.4163386821746826,-0.4191167652606964,-0.41990676522254944,-0.4188786745071411,-0.4159643054008484,-0.4116520583629608,-0.4124322533607483,-0.41139736771583557,-0.414610356092453,-0.41105929017066956,-0.41488856077194214,-0.4214935898780823,-0.4176296889781952,-0.4179472029209137,-0.41614529490470886,-0.4164635241031647,-0.4169202744960785,-0.41835352778434753,-0.4184134006500244,-0.42058297991752625,-0.4185256361961365]
[-0.4220243990421295,-0.42136505246162415,-0.4201126992702484,-0.4188120663166046,-0.41873088479042053,-0.421398788690567,-0.41962459683418274,-0.41787341237068176,-0.41918766498565674,-0.41719406843185425,-0.41435980796813965,-0.4101700782775879,-0.4124261438846588,-0.41717830300331116,-0.419889897108078,-0.41841381788253784,-0.4156152009963989,-0.4145720899105072,-0.4205242991447449,-0.4178474545478821,-0.41887062788009644,-0.4175933003425598,-0.4164275825023651,-0.41887593269348145,-0.41867223381996155,-0.4175828695297241,-0.41860705614089966,-0.4126810133457184]
