[-0.41745978593826294,-0.4184207320213318,-0.4198899269104004,-0.41816556453704834,-0.42092540860176086,-0.42000845074653625,-0.42153364419937134,-0.4208739995956421,-0.4225230813026428,-0.41754311323165894,-0.41837918758392334,-0.4169600307941437,-0.4212520718574524,-0.41721442341804504,-0.41934165358543396,-0.4187989830970764,-0.41987770795822144,-0.4151809513568878,-0.41890379786491394,-0.4194485545158386,-0.42195913195610046,-0.41955143213272095,-0.4233456552028656,-0.42097193002700806,-0.41927626729011536,-0.41401031613349915,-0.41919803619384766,-0.4341695308685303]
[-0.41816622018814087,-0.41946932673454285,-0.41819971799850464,-0.4169341027736664,-0.4201052784919739,-0.42021259665489197,-0.4206063449382782,-0.4187637269496918,-0.41990426182746887,-0.41833654046058655,-0.42004355788230896,-0.4175797402858734,-0.41658422350883484,-0.4147945046424866,-0.41786861419677734,-0.41449394822120667,-0.4187343120574951,-0.41591838002204895,-0.41661423444747925,-0.4177921414375305,-0.41971829533576965,-0.41685375571250916,-0.4207601249217987,-0.418451726436615,-0.41666486859321594,-0.4126889109611511,-0.4116991460323334,-0.41442614793777466]
[-0.4205237925052643,-0.4185657799243927,-0.41773566603660583,-0.417304664850235,-0.4193113446235657,-0.4180964529514313,-0.420115202665329,-0.4191043972969055,-0.4198136329650879,-0.4191822409629822,-0.41955137252807617,-0.41941022872924805,-0.4167095422744751,-0.417410284280777,-0.41766878962516785,-0.4173467457294464,-0.4188086688518524,-0.4187562167644501,-0.41538870334625244,-0.41441991925239563,-0.4179835915565491,-0.4154454469680786,-0.4181044399738312,-0.4217455983161926,-0.4235433042049408,-0.4188632071018219,-0.4209584891796112,-0.4178406596183777]
[-0.42043209075927734,-0.4192732572555542,-0.41853389143943787,-0.4176795184612274,-0.4193830192089081,-0.41833066940307617,-0.4188569188117981,-0.41668182611465454,-0.42044758796691895,-0.41744163632392883,-0.4230385422706604,-0.418669193983078,-0.41783204674720764,-0.4119645953178406,-0.4152078330516815,-0.41541787981987,-0.4197019934654236,-0.41716545820236206,-0.4146818518638611,-0.40684083104133606,-0.41476932168006897,-0.4184108078479767,-0.4195566773414612,-0.42026734352111816,-0.4196476638317108,-0.420688658952713,-0.418009489774704,-0.42165231704711914]
[-0.4199969470500946,-0.41848519444465637,-0.41774120926856995,-0.4171086549758911,-0.418889582157135,-0.4170791804790497,-0.4179518520832062,-0.415035218000412,-0.4173595905303955,-0.41815921664237976,-0.41354286670684814,-0.41421598196029663,-0.41243574023246765,-0.40991029143333435,-0.41622674465179443,-0.4090878367424011,-0.4074193239212036,-0.39386650919914246,-0.3860642910003662,-0.40058037638664246,-0.4051875174045563,-0.4108663499355316,-0.4137713313102722,-0.41458767652511597,-0.41989606618881226,-0.41756823658943176,-0.41673460602760315,-0.41837960481643677]
[-0.4192289113998413,-0.4175451993942261,-0.4180535674095154,-0.41759416460990906,-0.41893965005874634,-0.41721388697624207,-0.4147455394268036,-0.4143545925617218,-0.4135230779647827,-0.4135986268520355,-0.4217284619808197,-0.3853905498981476,-0.4152070879936218,-0.40008044242858887,-0.38248351216316223,-0.3661845922470093,-0.27672210335731506,0.009247303009033203,-0.020947344601154327,-0.16973936557769775,-0.37647125124931335,-0.3392574191093445,-0.39586755633354187,-0.40498825907707214,-0.41163063049316406,-0.4158407151699066,-0.4183245897293091,-0.41844338178634644]
[-0.42014649510383606,-0.41713255643844604,-0.419071227312088,-0.41758596897125244,-0.4175540506839752,-0.41659972071647644,-0.41476917266845703,-0.4126484990119934,-0.3917240500450134,-0.29746687412261963,0.2911754846572876,0.6172875165939331,1.8373417854309082,1.776547908782959,1.7438554763793945,2.5634188652038574,2.503377676010132,2.7317159175872803,2.9316837787628174,2.7581019401550293,2.0535008907318115,0.408098429441452,-0.3543582260608673,-0.42497682571411133,-0.40902891755104065,-0.41343602538108826,-0.41883087158203125,-0.41537800431251526]
[-0.41947510838508606,-0.4175587296485901,-0.41840729117393494,-0.41802743077278137,-0.4174046218395233,-0.416689932346344,-0.4143419563770294,-0.4107258915901184,-0.44947755336761475,1.3666564226150513,2.99124813079834,2.003493309020996,2.1642978191375732,2.2137467861175537,2.336027145385742,2.3032867908477783,2.1453752517700195,2.4594104290008545,2.1547470092773438,2.8003909587860107,3.219330310821533,2.230593204498291,0.38630178570747375,-0.39871180057525635,-0.3908732831478119,-0.4112756848335266,-0.41304951906204224,-0.4168616235256195]
[-0.4211331903934479,-0.4178086817264557,-0.41834044456481934,-0.4166993796825409,-0.41630902886390686,-0.4159710109233856,-0.41430193185806274,-0.3982675075531006,0.2892976999282837,2.528491258621216,1.9757411479949951,1.447189211845398,0.36791670322418213,-0.34293675422668457,-0.47393715381622314,-0.3561336398124695,-0.3041049540042877,-0.3503708839416504,0.7173404693603516,2.3824477195739746,2.4405150413513184,2.04917573928833,1.9510202407836914,-0.3970397412776947,-0.3775169849395752,-0.40157777070999146,-0.41336777806282043,-0.4190380573272705]
[-0.42058730125427246,-0.41850534081459045,-0.41738271713256836,-0.4174931049346924,-0.4169928729534149,-0.4141663908958435,-0.4153797924518585,-0.40656542778015137,2.501084566116333,1.7273943424224854,1.1006687879562378,0.1907510757446289,-0.3717060089111328,-0.29332464933395386,-0.39394813776016235,-0.3898012042045593,-0.37933221459388733,-0.475161075592041,-0.3352334499359131,1.2209526300430298,1.7929948568344116,2.4093525409698486,3.5854856967926025,1.1856682300567627,-0.407565712928772,-0.3919294774532318,-0.41204577684402466,-0.41645315289497375]
[-0.4199661612510681,-0.41796374320983887,-0.4175131618976593,-0.4160335659980774,-0.4167928695678711,-0.4154475927352905,-0.41244855523109436,-0.3962443172931671,3.1559221744537354,1.963930606842041,0.7254204750061035,-0.38762855529785156,-0.35919803380966187,-0.40193086862564087,-0.4096415638923645,-0.39567628502845764,-0.3960626721382141,-0.4130602478981018,-0.4347383677959442,0.8744246959686279,1.8541178703308105,1.9237267971038818,2.988240957260132,1.8039346933364868,-0.39462825655937195,-0.39806103706359863,-0.4095783829689026,-0.41691315174102783]
[-0.42002466320991516,-0.4190950095653534,-0.4183352291584015,-0.41767022013664246,-0.418743759393692,-0.4149627685546875,-0.4092419445514679,-0.3952987492084503,1.9450047016143799,2.8959195613861084,1.0336278676986694,-0.45092907547950745,-0.36338675022125244,-0.4089367091655731,-0.3987511992454529,-0.3924018144607544,-0.397949755191803,-0.3663880228996277,0.39625033736228943,2.0104570388793945,3.3755078315734863,2.8877124786376953,0.5305993556976318,-0.3037516474723816,-0.38658249378204346,-0.396946519613266,-0.41196972131729126,-0.41576510667800903]
[-0.4198805093765259,-0.41803044080734253,-0.41883766651153564,-0.416765034198761,-0.4178542196750641,-0.414144366979599,-0.4107566475868225,-0.40034615993499756,0.34843558073043823,2.728649377822876,2.058485507965088,-0.5224184989929199,-0.40862658619880676,-0.40540194511413574,-0.410432904958725,-0.396397203207016,-0.3081052899360657,1.1956003904342651,1.9518604278564453,2.4460229873657227,2.912797689437866,2.8021047115325928,-0.3498099446296692,-0.3628407120704651,-0.39467257261276245,-0.40294188261032104,-0.414363831281662,-0.4186241626739502]
[-0.4200553894042969,-0.4186913073062897,-0.4176732897758484,-0.417325884103775,-0.4178629219532013,-0.4171573519706726,-0.4158635139465332,-0.3971668481826782,-0.21929076313972473,2.665335178375244,3.41176700592041,1.9027605056762695,1.066233515739441,0.265253484249115,-0.39347168803215027,-0.3511354625225067,-0.22308465838432312,1.0849878787994385,2.4295639991760254,2.106811285018921,3.094057321548462,0.8514068126678467,-0.37511110305786133,-0.3755854666233063,-0.40332409739494324,-0.40730756521224976,-0.4163379371166229,-0.4187045693397522]
[-0.42056265473365784,-0.4179916977882385,-0.41747644543647766,-0.41744205355644226,-0.4174145758152008,-0.4175450801849365,-0.4165118634700775,-0.40177130699157715,-0.3491341471672058,1.1275005340576172,3.072293996810913,3.257537603378296,3.637802839279175,2.8019254207611084,0.6044899225234985,0.4682936370372772,1.051369309425354,2.5478265285491943,2.5915050506591797,2.463667154312134,3.1039278507232666,1.5410126447677612,-0.37008023262023926,-0.3892996609210968,-0.4113183617591858,-0.4173225462436676,-0.42099642753601074,-0.4202684462070465]
[-0.421196311712265,-0.4190117120742798,-0.41734716296195984,-0.41758057475090027,-0.4177446961402893,-0.41705411672592163,-0.41782963275909424,-0.4071856737136841,-0.39486801624298096,-0.3200762867927551,0.02740199863910675,0.3017345666885376,1.7462326288223267,0.9452500343322754,-0.1261751502752304,0.9502904415130615,2.088904857635498,3.2187302112579346,2.5083670616149902,2.4943177700042725,0.5858978033065796,-0.35073626041412354,-0.3903757631778717,-0.40348243713378906,-0.4154897630214691,-0.4172823131084442,-0.41977521777153015,-0.4192157983779907]
[-0.42093852162361145,-0.41905587911605835,-0.4182881712913513,-0.41798314452171326,-0.4183529317378998,-0.41705790162086487,-0.4200710356235504,-0.4156947135925293,-0.41064414381980896,-0.4093621075153351,-0.4764721095561981,-0.48484015464782715,-0.377655953168869,-0.39360857009887695,-0.3634619116783142,1.2144246101379395,2.517336368560791,2.49824857711792,2.5096545219421387,0.23656204342842102,-0.3850919008255005,-0.39893803000450134,-0.40761473774909973,-0.4136079251766205,-0.41732752323150635,-0.4182157814502716,-0.42257288098335266,-0.4196367859840393]
[-0.4209623634815216,-0.4198217988014221,-0.4190029501914978,-0.41917043924331665,-0.4197932779788971,-0.4186772108078003,-0.42080774903297424,-0.4166629910469055,-0.4117228388786316,-0.4094451069831848,-0.44930583238601685,-0.4231274724006653,-0.4348389506340027,-0.4028419852256775,1.0912883281707764,2.494387149810791,2.8362793922424316,2.6971588134765625,1.8411812782287598,-0.352351576089859,-0.41199925541877747,-0.4066806733608246,-0.41539087891578674,-0.4157753586769104,-0.41947710514068604,-0.4185008108615875,-0.421367883682251,-0.42167651653289795]
[-0.4214787483215332,-0.41936731338500977,-0.4195381999015808,-0.4193580448627472,-0.4194699227809906,-0.41924402117729187,-0.4198962152004242,-0.4150988459587097,-0.41809114813804626,-0.4146709144115448,-0.42808017134666443,-0.41301223635673523,-0.40906256437301636,1.029666543006897,2.829841136932373,2.5049691200256348,2.839425802230835,2.4265928268432617,-0.008180297911167145,-0.39047107100486755,-0.41218870878219604,-0.4089292585849762,-0.41679391264915466,-0.4162120521068573,-0.4215458035469055,-0.42033490538597107,-0.4216727912425995,-0.4216819107532501]
[-0.4205005466938019,-0.41880643367767334,-0.4186611473560333,-0.42002880573272705,-0.4214477241039276,-0.4199512302875519,-0.4209396541118622,-0.4172332286834717,-0.4199536144733429,-0.4141603112220764,-0.40965092182159424,-0.4138130247592926,0.37624257802963257,2.537628173828125,2.8287949562072754,2.904348850250244,2.2688541412353516,0.574787974357605,-0.3692229986190796,-0.3904166519641876,-0.40857067704200745,-0.4133620262145996,-0.4168599545955658,-0.41836926341056824,-0.4212121069431305,-0.41944435238838196,-0.42060795426368713,-0.42133185267448425]
[-0.4208597242832184,-0.4192418158054352,-0.4198015332221985,-0.41891562938690186,-0.42130064964294434,-0.4186721742153168,-0.4188317656517029,-0.4169822931289673,-0.40874066948890686,-0.3851192891597748,-0.3539431691169739,0.45942094922065735,2.117178440093994,2.7192859649658203,2.8827054500579834,2.32932448387146,0.046934157609939575,-0.3362160921096802,-0.4003705382347107,-0.4044044315814972,-0.4121919572353363,-0.4156922399997711,-0.4179172217845917,-0.41717520356178284,-0.41934216022491455,-0.41916030645370483,-0.4206622838973999,-0.42118358612060547]
[-0.4205019772052765,-0.41823843121528625,-0.41945216059684753,-0.41861388087272644,-0.4206305742263794,-0.4196326434612274,-0.41825228929519653,-0.41887375712394714,-0.28659000992774963,0.7676475048065186,1.6580495834350586,2.807966947555542,2.7300403118133545,2.9884588718414307,1.967925786972046,-0.07901376485824585,-0.37918519973754883,-0.387180894613266,-0.40715014934539795,-0.41106343269348145,-0.41487792134284973,-0.4170554578304291,-0.41854292154312134,-0.4182288646697998,-0.41925767064094543,-0.41873699426651,-0.4210244119167328,-0.42152655124664307]
[-0.4214473068714142,-0.4179108440876007,-0.42012304067611694,-0.4188286364078522,-0.4183654189109802,-0.4191954731941223,-0.41685497760772705,-0.4245530664920807,0.9179279804229736,2.9108710289001465,2.345278024673462,3.3338685035705566,2.0480880737304688,2.6808478832244873,0.8478684425354004,-0.3409293293952942,-0.3979388177394867,-0.40670838952064514,-0.4119999408721924,-0.4150952398777008,-0.41708678007125854,-0.41628390550613403,-0.4178369343280792,-0.4172428250312805,-0.4181424677371979,-0.4185858964920044,-0.4203735589981079,-0.42005085945129395]
[-0.4204046130180359,-0.41888126730918884,-0.4190519154071808,-0.4189055562019348,-0.41706615686416626,-0.4188671112060547,-0.41723495721817017,-0.4330766797065735,0.7544602155685425,2.7056455612182617,2.5217456817626953,2.61431622505188,2.0782277584075928,1.8644174337387085,-0.05137466639280319,-0.3791051506996155,-0.40263253450393677,-0.4061068892478943,-0.41316649317741394,-0.41733840107917786,-0.41838499903678894,-0.41685858368873596,-0.4178495407104492,-0.41746827960014343,-0.41824960708618164,-0.4186605215072632,-0.4200437366962433,-0.4194592833518982]
[-0.4200017750263214,-0.4182284474372864,-0.41831353306770325,-0.4180435836315155,-0.4147458076477051,-0.4165284037590027,-0.41756319999694824,-0.43021219968795776,0.37323975563049316,1.5284396409988403,2.907345771789551,2.62687349319458,2.6287312507629395,2.4080755710601807,-0.417254239320755,-0.39527377486228943,-0.3997914493083954,-0.4067063629627228,-0.41445136070251465,-0.4164276719093323,-0.4195009469985962,-0.41682013869285583,-0.41696783900260925,-0.4163723587989807,-0.4177977740764618,-0.4174380302429199,-0.4200829863548279,-0.41952988505363464]
[-0.42013657093048096,-0.41843971610069275,-0.4178071916103363,-0.4167913794517517,-0.4158768057823181,-0.4151841998100281,-0.41928285360336304,-0.42908546328544617,-0.400602251291275,0.08407440781593323,1.7661548852920532,3.916306972503662,1.6580275297164917,0.6264501810073853,-0.36792463064193726,-0.40325409173965454,-0.41005459427833557,-0.41344988346099854,-0.41741135716438293,-0.4193156361579895,-0.41809940338134766,-0.41866540908813477,-0.4179389178752899,-0.41723236441612244,-0.41957879066467285,-0.41816380620002747,-0.42010697722435,-0.41985589265823364]
[-0.4200747311115265,-0.4189462661743164,-0.41838136315345764,-0.41654473543167114,-0.4193192720413208,-0.4165748953819275,-0.41900721192359924,-0.4171186685562134,-0.40424519777297974,-0.4215250313282013,-0.45410221815109253,-0.17928916215896606,-0.18062716722488403,-0.39011403918266296,-0.4018819332122803,-0.41582128405570984,-0.41616910696029663,-0.41633474826812744,-0.4197494089603424,-0.4191521108150482,-0.41781264543533325,-0.4168111979961395,-0.4191439747810364,-0.41717734932899475,-0.4194903075695038,-0.4167977273464203,-0.4189387261867523,-0.41853606700897217]
[-0.4186585247516632,-0.42210668325424194,-0.41924890875816345,-0.41890519857406616,-0.4177865982055664,-0.4177192449569702,-0.41957002878189087,-0.4164440631866455,-0.4057154953479767,-0.3979419767856598,-0.38907065987586975,-0.4489190876483917,-0.4139259159564972,-0.40552976727485657,-0.4158459007740021,-0.4156002700328827,-0.4155081808567047,-0.4130755662918091,-0.4160701334476471,-0.41248396039009094,-0.4151114821434021,-0.41954055428504944,-0.4179711639881134,-0.41755664348602295,-0.42017337679862976,-0.4186843931674957,-0.4194047749042511,-0.41846954822540283]
