[-0.4171378016471863,-0.4185989201068878,-0.42006030678749084,-0.41863560676574707,-0.4209761321544647,-0.4194299578666687,-0.4195675551891327,-0.4193531572818756,-0.41939789056777954,-0.41873031854629517,-0.4204314351081848,-0.41931918263435364,-0.4206317663192749,-0.41801196336746216,-0.41937434673309326,-0.4114863872528076,-0.41967517137527466,-0.41607096791267395,-0.41880398988723755,-0.41478657722473145,-0.40672969818115234,-0.3985752463340759,-0.3974381983280182,-0.4056425094604492,-0.4046761095523834,-0.4082966446876526,-0.41266635060310364,-0.40878474712371826]
[-0.41973641514778137,-0.42055821418762207,-0.42071980237960815,-0.4198663830757141,-0.42146825790405273,-0.41880157589912415,-0.41895925998687744,-0.4180978536605835,-0.4188787639141083,-0.41780731081962585,-0.4198049008846283,-0.41580164432525635,-0.41914787888526917,-0.4166897237300873,-0.4139766991138458,-0.411898672580719,-0.41881662607192993,-0.413865327835083,-0.41475239396095276,-0.41317251324653625,-0.4075275659561157,-0.4019167423248291,-0.4013080596923828,-0.4080248475074768,-0.41197654604911804,-0.41252249479293823,-0.4175625741481781,-0.41321638226509094]
[-0.4214428663253784,-0.4200502336025238,-0.42060527205467224,-0.4199577271938324,-0.42084649205207825,-0.4190851151943207,-0.41903847455978394,-0.41735416650772095,-0.41930755972862244,-0.41718435287475586,-0.41913726925849915,-0.41841381788253784,-0.4187712073326111,-0.41499027609825134,-0.4057101011276245,-0.3872302770614624,-0.4100511968135834,-0.42059841752052307,-0.4110422432422638,-0.4115920066833496,-0.40743693709373474,-0.40736424922943115,-0.411419153213501,-0.41066840291023254,-0.41278311610221863,-0.41531482338905334,-0.41845282912254333,-0.41594257950782776]
[-0.42166128754615784,-0.4210304021835327,-0.4212839901447296,-0.41992250084877014,-0.42034804821014404,-0.4188604950904846,-0.41885489225387573,-0.4175167381763458,-0.4185463786125183,-0.41811883449554443,-0.4184904396533966,-0.41768521070480347,-0.41926997900009155,-0.40677765011787415,-0.4630933105945587,-0.5075584053993225,-0.4533262848854065,-0.3972385823726654,-0.4017218053340912,-0.4095085561275482,-0.4110431671142578,-0.40978553891181946,-0.41581225395202637,-0.4146497845649719,-0.41474342346191406,-0.41568389534950256,-0.4199306070804596,-0.41651228070259094]
[-0.42131364345550537,-0.4208875298500061,-0.4207557141780853,-0.41962265968322754,-0.42031025886535645,-0.4189259707927704,-0.4194110035896301,-0.41676247119903564,-0.4186969995498657,-0.4159878194332123,-0.41458526253700256,-0.41251030564308167,-0.4018417298793793,-0.35400670766830444,0.9985204935073853,3.0666584968566895,0.8040966987609863,-0.4009704291820526,-0.3945409059524536,-0.40664684772491455,-0.41207584738731384,-0.4120733439922333,-0.41587021946907043,-0.4139053523540497,-0.41701576113700867,-0.41674894094467163,-0.4190966486930847,-0.4175356328487396]
[-0.4220167398452759,-0.4209427535533905,-0.4201482832431793,-0.41943711042404175,-0.42054834961891174,-0.4191937744617462,-0.42000919580459595,-0.4177548289299011,-0.4187951385974884,-0.4171409010887146,-0.41230306029319763,-0.4090181589126587,-0.3997156023979187,0.7242294549942017,3.577024459838867,4.080350399017334,2.365708112716675,-0.35135796666145325,-0.39613473415374756,-0.40547627210617065,-0.41169223189353943,-0.4120000898838043,-0.41783544421195984,-0.4161703586578369,-0.41861650347709656,-0.4173240661621094,-0.4197186827659607,-0.4173101782798767]
[-0.4219304323196411,-0.41995638608932495,-0.4192519187927246,-0.41886717081069946,-0.42089971899986267,-0.41924935579299927,-0.4202190637588501,-0.41705596446990967,-0.4171959459781647,-0.4155750274658203,-0.4013214111328125,-0.37349560856819153,0.13643419742584229,2.4503591060638428,3.002765417098999,2.8406822681427,2.3200907707214355,0.24883627891540527,-0.39619871973991394,-0.40489718317985535,-0.4158988893032074,-0.412090927362442,-0.41770634055137634,-0.41600197553634644,-0.41813501715660095,-0.4178188741207123,-0.41973280906677246,-0.41799235343933105]
[-0.4222266376018524,-0.4196484088897705,-0.4195100963115692,-0.41872483491897583,-0.4201214015483856,-0.4186721444129944,-0.41904765367507935,-0.41775527596473694,-0.41555583477020264,-0.4098745286464691,-0.38118448853492737,-0.031102187931537628,2.2167532444000244,3.0470330715179443,2.102308988571167,1.6870070695877075,0.7397525310516357,-0.3861194849014282,-0.3997596800327301,-0.413057416677475,-0.4187685251235962,-0.4142424464225769,-0.41900941729545593,-0.4158334732055664,-0.4185011684894562,-0.41736459732055664,-0.420406699180603,-0.4173774719238281]
[-0.421951562166214,-0.41997668147087097,-0.420028418302536,-0.4193441867828369,-0.4196643829345703,-0.4189109206199646,-0.4187868535518646,-0.4161917269229889,-0.4090122878551483,-0.40128955245018005,0.07555042207241058,2.0183000564575195,2.299503803253174,3.2389609813690186,1.4192200899124146,-0.3472878932952881,-0.40929684042930603,-0.40564629435539246,-0.41091611981391907,-0.41118311882019043,-0.418069452047348,-0.4147685170173645,-0.4183541536331177,-0.4155697822570801,-0.41841962933540344,-0.41767776012420654,-0.42045408487319946,-0.4182552099227905]
[-0.42183229327201843,-0.4202270805835724,-0.41948825120925903,-0.4190587103366852,-0.41954439878463745,-0.4192380905151367,-0.41883736848831177,-0.41683730483055115,-0.4039827287197113,0.2777971923351288,2.03183650970459,3.191704034805298,2.833820343017578,1.9317388534545898,-0.4062770903110504,-0.3865356147289276,-0.3983535170555115,-0.40601953864097595,-0.4080522060394287,-0.40957361459732056,-0.41848230361938477,-0.4169970750808716,-0.4179881513118744,-0.41586440801620483,-0.41803303360939026,-0.4182356894016266,-0.42092254757881165,-0.4187331795692444]
[-0.42203837633132935,-0.4200912117958069,-0.41994065046310425,-0.419368177652359,-0.4188535213470459,-0.4170497953891754,-0.4137189984321594,-0.4145996570587158,-0.22272247076034546,2.400942802429199,2.897752285003662,3.206735372543335,2.1055691242218018,-0.3130277693271637,-0.3722994327545166,-0.3973694145679474,-0.400672972202301,-0.41359177231788635,-0.4116041660308838,-0.40871208906173706,-0.41591447591781616,-0.41551604866981506,-0.4179243743419647,-0.41620904207229614,-0.4181100130081177,-0.4174492657184601,-0.4197915494441986,-0.41901782155036926]
[-0.42123979330062866,-0.4196077287197113,-0.41960257291793823,-0.4191266894340515,-0.4187178909778595,-0.41633081436157227,-0.4132826030254364,-0.412638783454895,0.6936798095703125,2.71356463432312,3.0434377193450928,2.7738115787506104,-0.4300556480884552,-0.4162213206291199,-0.3761290907859802,-0.3922818601131439,-0.3951932191848755,-0.4066450595855713,-0.40874359011650085,-0.4080844223499298,-0.4185797870159149,-0.41835179924964905,-0.4205915629863739,-0.4167052209377289,-0.4179144501686096,-0.41763222217559814,-0.4200948476791382,-0.41856569051742554]
[-0.4209372401237488,-0.41898196935653687,-0.4191916584968567,-0.4185703694820404,-0.4183637201786041,-0.41659319400787354,-0.4102911949157715,-0.409445583820343,1.829480767250061,3.0834217071533203,3.1413490772247314,2.2118890285491943,-0.425288587808609,-0.43024617433547974,-0.44700583815574646,-0.39640989899635315,-0.3394525945186615,-0.312296986579895,-0.3928048312664032,-0.4027114510536194,-0.4133894741535187,-0.41126179695129395,-0.41549840569496155,-0.4178351163864136,-0.4197820723056793,-0.4171680808067322,-0.4195570647716522,-0.41821011900901794]
[-0.4210869073867798,-0.41996514797210693,-0.4183412194252014,-0.418914794921875,-0.4191886782646179,-0.41654080152511597,-0.41040903329849243,-0.40742257237434387,2.3986289501190186,3.0707902908325195,2.4989054203033447,1.7095527648925781,0.744907021522522,1.2865530252456665,1.1226425170898438,1.3718419075012207,2.068906307220459,1.3655096292495728,-0.24882443249225616,-0.37845635414123535,-0.41279667615890503,-0.40285035967826843,-0.41199082136154175,-0.41713306307792664,-0.42058053612709045,-0.4182676672935486,-0.42006710171699524,-0.4180263876914978]
[-0.4204329550266266,-0.4181889295578003,-0.4182857573032379,-0.41751769185066223,-0.41816893219947815,-0.41644081473350525,-0.4128080904483795,-0.40452173352241516,2.3633177280426025,2.724388360977173,2.128234386444092,2.883091926574707,2.0490686893463135,2.6337666511535645,3.3256094455718994,3.3011903762817383,3.339716911315918,2.567189931869507,2.1477174758911133,1.8187344074249268,-0.2395450472831726,-0.39475902915000916,-0.40542909502983093,-0.4132854640483856,-0.41962167620658875,-0.4168490767478943,-0.41947248578071594,-0.41912829875946045]
[-0.418769896030426,-0.41789621114730835,-0.41864028573036194,-0.4183667004108429,-0.4182870090007782,-0.41652074456214905,-0.4139502942562103,-0.399416983127594,1.7952845096588135,2.7616612911224365,3.0223517417907715,3.3532943725585938,2.9975192546844482,3.1842708587646484,2.56646466255188,2.718005895614624,2.5937252044677734,2.2395083904266357,2.218468427658081,2.6186647415161133,1.669546127319336,-0.3958016335964203,-0.40581876039505005,-0.4158580005168915,-0.4156315326690674,-0.4175853431224823,-0.4190351665019989,-0.41935494542121887]
[-0.4194260835647583,-0.41797664761543274,-0.41949889063835144,-0.41742101311683655,-0.41756635904312134,-0.4150538742542267,-0.417838454246521,-0.4041377604007721,-0.0849357545375824,0.22803565859794617,0.8952696323394775,0.955093264579773,1.0753860473632812,0.2221122682094574,-0.2909621298313141,-0.3591219186782837,-0.24009111523628235,-0.0915260761976242,0.6916747093200684,2.544905424118042,2.2732038497924805,-0.3712921440601349,-0.3955097794532776,-0.41231387853622437,-0.4137948453426361,-0.4154123067855835,-0.41807377338409424,-0.4185357391834259]
[-0.41969138383865356,-0.4176996648311615,-0.4186212718486786,-0.41677844524383545,-0.4182915985584259,-0.4163186550140381,-0.4161789119243622,-0.40301644802093506,-0.41436007618904114,-0.3592616021633148,-0.4566945731639862,-0.4310706555843353,-0.3620435297489166,-0.34709325432777405,-0.4106588065624237,-0.3836195468902588,-0.45449328422546387,-0.42598462104797363,-0.5712200999259949,2.2908895015716553,2.92722749710083,0.8339307308197021,-0.40172621607780457,-0.40925586223602295,-0.4162730276584625,-0.4150495231151581,-0.41898536682128906,-0.4184538722038269]
[-0.41881057620048523,-0.41770344972610474,-0.4185163080692291,-0.41624152660369873,-0.41845113039016724,-0.41797858476638794,-0.4136321246623993,-0.4099753797054291,-0.40687260031700134,-0.41789495944976807,-0.41900521516799927,-0.42265066504478455,-0.41013994812965393,-0.3959043025970459,-0.415635883808136,-0.4090186059474945,-0.39312130212783813,-0.39019471406936646,-0.6554199457168579,1.7440675497055054,2.6777844429016113,1.648688793182373,-0.3861393630504608,-0.3994111120700836,-0.4123835563659668,-0.41793403029441833,-0.4201469123363495,-0.41983264684677124]
[-0.4178987145423889,-0.41684916615486145,-0.4181903004646301,-0.4174347519874573,-0.41793936491012573,-0.41764670610427856,-0.41539913415908813,-0.4089077115058899,-0.40109336376190186,-0.4103746712207794,-0.4148387908935547,-0.4101855456829071,-0.3988804817199707,-0.39519479870796204,-0.402306467294693,-0.40089502930641174,-0.41603901982307434,-0.4339671730995178,-0.09645230323076248,2.260030746459961,2.3489978313446045,1.184874176979065,-0.36171096563339233,-0.40123021602630615,-0.4116450846195221,-0.4190753400325775,-0.4211491048336029,-0.4210180938243866]
[-0.4182980954647064,-0.41710808873176575,-0.4176197052001953,-0.4167117774486542,-0.4148305356502533,-0.4157363772392273,-0.4074740707874298,-0.39980942010879517,-0.3963346779346466,-0.40509629249572754,-0.4097796380519867,-0.4254210293292999,-0.3852595388889313,-0.36453747749328613,-0.39047011733055115,-0.3862828016281128,-0.5272517800331116,0.5623620748519897,2.2366158962249756,2.3119750022888184,2.5592916011810303,0.7988786697387695,-0.3882489800453186,-0.39152953028678894,-0.4154937267303467,-0.41837912797927856,-0.4213085472583771,-0.4204411506652832]
[-0.41761285066604614,-0.41729235649108887,-0.417805552482605,-0.4162459969520569,-0.41618162393569946,-0.41711756587028503,-0.3561282753944397,0.11196646094322205,-0.38450777530670166,-0.47969335317611694,-0.5114758610725403,-0.18563127517700195,-0.2585061192512512,-0.41616132855415344,-0.23052266240119934,0.6616814136505127,1.3533610105514526,1.6887962818145752,2.848158359527588,2.163712501525879,3.496628761291504,1.9290897846221924,-0.4016951620578766,-0.39158743619918823,-0.41439807415008545,-0.4183208644390106,-0.4224773645401001,-0.4194122552871704]
[-0.4188365638256073,-0.4177778661251068,-0.4180779755115509,-0.4157595932483673,-0.4162326157093048,-0.41961508989334106,1.0592362880706787,2.776965856552124,3.332009792327881,3.8206305503845215,2.99075984954834,3.423825979232788,2.7209928035736084,3.0794925689697266,2.7754135131835938,2.7276902198791504,2.3113932609558105,2.202136516571045,2.3672587871551514,2.9422624111175537,3.490751028060913,1.021924614906311,-0.3954714834690094,-0.3991471827030182,-0.41549617052078247,-0.4182532727718353,-0.4212375581264496,-0.41872990131378174]
[-0.4187529981136322,-0.41838809847831726,-0.41793152689933777,-0.41600456833839417,-0.41480180621147156,-0.4258345067501068,0.2974907159805298,2.002678871154785,2.5658276081085205,2.8556268215179443,2.9411938190460205,3.2291464805603027,3.243330717086792,3.4678285121917725,3.107382297515869,2.144806146621704,2.576709270477295,2.2595508098602295,2.588104486465454,2.021132469177246,1.9669520854949951,-0.3283258378505707,-0.39593714475631714,-0.40719056129455566,-0.41594985127449036,-0.4179859459400177,-0.4193817675113678,-0.4169471859931946]
[-0.41925275325775146,-0.41676095128059387,-0.4178481996059418,-0.4157226085662842,-0.411372572183609,-0.4233538508415222,-0.4336845576763153,-0.3885346055030823,-0.3171849250793457,0.4170921742916107,1.4724032878875732,1.2618408203125,0.6528143882751465,0.28511297702789307,-0.03548268973827362,0.7330155372619629,2.2328975200653076,2.2321481704711914,2.6821603775024414,1.8735508918762207,0.017317742109298706,-0.37640082836151123,-0.40875673294067383,-0.4060600697994232,-0.4162607491016388,-0.41641801595687866,-0.42009302973747253,-0.41723012924194336]
[-0.4206637442111969,-0.41783407330513,-0.41783827543258667,-0.4168024957180023,-0.4106031358242035,-0.41908887028694153,-0.41017621755599976,-0.39704349637031555,-0.3793499767780304,-0.29851657152175903,-0.30961185693740845,-0.4846746027469635,-0.4202122390270233,-0.3652500510215759,-0.35870540142059326,0.039967507123947144,-0.11863519996404648,-0.6525294780731201,1.115304946899414,1.1914187669754028,-0.13339534401893616,-0.39736005663871765,-0.41059428453445435,-0.4123689532279968,-0.416810542345047,-0.41728901863098145,-0.41795191168785095,-0.41677820682525635]
[-0.42185771465301514,-0.41825225949287415,-0.41992896795272827,-0.4159245491027832,-0.41463279724121094,-0.41174668073654175,-0.41336703300476074,-0.4064740538597107,-0.40615788102149963,-0.3810613751411438,-0.4093168079853058,-0.4152079224586487,-0.4050494134426117,-0.3710358440876007,-0.3964138329029083,-0.49593767523765564,-0.4453596770763397,-0.49814534187316895,0.015901923179626465,-0.3425893187522888,-0.37423086166381836,-0.4103071093559265,-0.4135783314704895,-0.413845032453537,-0.41546228528022766,-0.41617587208747864,-0.4190653860569,-0.41571900248527527]
[-0.41992422938346863,-0.4212152361869812,-0.41868817806243896,-0.4170151650905609,-0.4178280830383301,-0.4141724109649658,-0.4117416739463806,-0.404202938079834,-0.4029088616371155,-0.4117547273635864,-0.41038209199905396,-0.4063784182071686,-0.3973361849784851,-0.39782798290252686,-0.39135482907295227,-0.40638017654418945,-0.3718416094779968,-0.35461461544036865,-0.39753177762031555,-0.40033501386642456,-0.4078112840652466,-0.40975436568260193,-0.4130348861217499,-0.41105031967163086,-0.4097432792186737,-0.4127998352050781,-0.41541367769241333,-0.4095790982246399]
