[-0.41615012288093567,-0.41832777857780457,-0.41999661922454834,-0.4190092384815216,-0.42000558972358704,-0.41981202363967896,-0.4190892279148102,-0.4188462793827057,-0.41990092396736145,-0.41961607336997986,-0.4210928976535797,-0.4143733084201813,-0.42277342081069946,-0.4201556444168091,-0.41589537262916565,-0.4102834165096283,-0.4129472076892853,-0.40903735160827637,-0.42843472957611084,-0.009812548756599426,0.07321831583976746,0.40260258316993713,-0.3185731768608093,-0.32495081424713135,-0.38969776034355164,-0.40723875164985657,-0.4129659831523895,-0.41017961502075195]
[-0.41870322823524475,-0.41992831230163574,-0.4208686649799347,-0.4196324348449707,-0.42032817006111145,-0.42000246047973633,-0.419530987739563,-0.4190097451210022,-0.41912415623664856,-0.4185040593147278,-0.41842228174209595,-0.4129011929035187,-0.4191484749317169,-0.42536577582359314,-0.41998592019081116,-0.4186584949493408,-0.4130863845348358,-0.40324917435646057,-0.4122779369354248,-0.38820675015449524,-0.31665968894958496,-0.34100061655044556,-0.3862934708595276,-0.4016144573688507,-0.4109569489955902,-0.41154345870018005,-0.41636985540390015,-0.4142640233039856]
[-0.42079460620880127,-0.42019036412239075,-0.4212486743927002,-0.42007777094841003,-0.4206741750240326,-0.420278936624527,-0.42092984914779663,-0.41922569274902344,-0.4202161133289337,-0.41920509934425354,-0.4208647608757019,-0.41267991065979004,-0.41196832060813904,-0.5254839658737183,-0.5054688453674316,-0.384992778301239,-0.389018714427948,-0.4104534983634949,-0.41135475039482117,-0.4024863541126251,-0.3831823468208313,-0.3972531259059906,-0.4141159951686859,-0.40872833132743835,-0.41222426295280457,-0.4122887849807739,-0.4184390902519226,-0.4163059592247009]
[-0.42182785272598267,-0.42116495966911316,-0.4218944311141968,-0.4208642542362213,-0.42093175649642944,-0.42010995745658875,-0.42093148827552795,-0.4191347360610962,-0.42116114497184753,-0.41847723722457886,-0.410251647233963,-0.39806419610977173,-0.43847933411598206,0.467142790555954,-0.636947512626648,-0.5819801092147827,-0.4011244475841522,-0.39198729395866394,-0.39945849776268005,-0.40183568000793457,-0.40378236770629883,-0.41073912382125854,-0.41654419898986816,-0.4134891927242279,-0.41372957825660706,-0.41306862235069275,-0.41866886615753174,-0.4152846932411194]
[-0.42120638489723206,-0.4201240539550781,-0.42057859897613525,-0.42018094658851624,-0.4209512174129486,-0.41954153776168823,-0.41995272040367126,-0.41767606139183044,-0.4194437265396118,-0.4155856966972351,-0.38923442363739014,-0.145816832780838,1.8629525899887085,4.70606803894043,3.473158359527588,2.0178611278533936,-0.24654512107372284,-0.3905227482318878,-0.4002249240875244,-0.4071715176105499,-0.4076406955718994,-0.4109465181827545,-0.41778820753097534,-0.414111465215683,-0.4160138964653015,-0.4146643579006195,-0.41774672269821167,-0.416949987411499]
[-0.4221067726612091,-0.42077332735061646,-0.42115074396133423,-0.42087024450302124,-0.4210781753063202,-0.419808030128479,-0.419707715511322,-0.41885456442832947,-0.4193326532840729,-0.4114496111869812,-0.3520917296409607,1.7915819883346558,3.6197898387908936,1.5432634353637695,3.2220041751861572,4.331785202026367,1.0138291120529175,-0.4038688540458679,-0.4028390049934387,-0.39730167388916016,-0.4079267084598541,-0.4105636775493622,-0.41766855120658875,-0.41588518023490906,-0.4172841012477875,-0.4160555303096771,-0.4182977080345154,-0.41680505871772766]
[-0.42137494683265686,-0.4187960624694824,-0.42025864124298096,-0.42097824811935425,-0.4208538830280304,-0.41881802678108215,-0.4186075031757355,-0.4163186252117157,-0.4136488735675812,-0.39812996983528137,-0.14202138781547546,2.323598861694336,2.643988609313965,1.6419446468353271,1.3809635639190674,2.697218179702759,2.0166842937469482,-0.31536224484443665,-0.4202099144458771,-0.39985764026641846,-0.41724997758865356,-0.41277897357940674,-0.4183826744556427,-0.41596782207489014,-0.4172201156616211,-0.41643446683883667,-0.4183799922466278,-0.4189201891422272]
[-0.4210889935493469,-0.41700518131256104,-0.42007046937942505,-0.4204959273338318,-0.42078185081481934,-0.4187653064727783,-0.41759157180786133,-0.4168890714645386,-0.4039163291454315,-0.3840743601322174,1.4557108879089355,3.2730672359466553,1.771942377090454,1.5939406156539917,-0.4499601125717163,-0.18766683340072632,1.724137783050537,1.8611094951629639,-0.2821401059627533,-0.3903246521949768,-0.4218600392341614,-0.4162721037864685,-0.42056626081466675,-0.4159328043460846,-0.4178195297718048,-0.4179917573928833,-0.41934171319007874,-0.41830137372016907]
[-0.4212702214717865,-0.41838350892066956,-0.4213406443595886,-0.4202268421649933,-0.4198741316795349,-0.4175778031349182,-0.41734832525253296,-0.41587379574775696,-0.3975856900215149,0.17139416933059692,2.349619150161743,2.2892487049102783,1.9099767208099365,0.005406811833381653,-0.4089890718460083,-0.39374521374702454,-0.15839456021785736,0.9396178722381592,1.0728881359100342,-0.37564152479171753,-0.4207594692707062,-0.4168470799922943,-0.41985103487968445,-0.41739583015441895,-0.4199685752391815,-0.41934195160865784,-0.41914302110671997,-0.41976621747016907]
[-0.4209171235561371,-0.4193166494369507,-0.42126986384391785,-0.41940662264823914,-0.4205174744129181,-0.417627215385437,-0.4177950620651245,-0.41664642095565796,-0.4012470841407776,1.4032557010650635,2.6721458435058594,2.6920814514160156,1.75813889503479,-0.3416711986064911,-0.3995663821697235,-0.40067005157470703,-0.4290546476840973,-0.4066091775894165,-0.3612236976623535,-0.38907864689826965,-0.4162706434726715,-0.4149928390979767,-0.41888919472694397,-0.4147450625896454,-0.42039063572883606,-0.4192626476287842,-0.42121225595474243,-0.41904184222221375]
[-0.42165669798851013,-0.4202006459236145,-0.4219714403152466,-0.42015334963798523,-0.4210698902606964,-0.4185520112514496,-0.4154509902000427,-0.41517817974090576,-0.2771816849708557,2.1502997875213623,2.8205480575561523,2.436417818069458,1.3409963846206665,-0.35801687836647034,-0.3830787241458893,-0.4169965088367462,-0.3963870108127594,-0.3984350860118866,-0.39584994316101074,-0.3957502245903015,-0.406591534614563,-0.4130290150642395,-0.4198436141014099,-0.41772961616516113,-0.421981543302536,-0.42013153433799744,-0.42220133543014526,-0.42064210772514343]
[-0.4209001064300537,-0.42026486992836,-0.4210280776023865,-0.420177698135376,-0.4208584129810333,-0.4189389646053314,-0.41601040959358215,-0.41198664903640747,-0.21426331996917725,2.039058208465576,2.716602325439453,2.4664738178253174,0.8074514865875244,-0.366222620010376,-0.3869199752807617,-0.41270026564598083,-0.4169047772884369,-0.41529756784439087,-0.40467193722724915,-0.413383424282074,-0.4139738082885742,-0.4146778881549835,-0.42064139246940613,-0.4199489951133728,-0.4192259907722473,-0.4196838140487671,-0.4207374155521393,-0.41891467571258545]
[-0.4213446378707886,-0.4193750321865082,-0.4205930531024933,-0.41964760422706604,-0.42024266719818115,-0.4173807203769684,-0.41425588726997375,-0.4091975688934326,-0.01121029257774353,2.5890705585479736,3.108952522277832,2.8013558387756348,1.2543857097625732,-0.3790259063243866,-0.3993972837924957,-0.40938279032707214,-0.41271060705184937,-0.3964214026927948,-0.3999655842781067,-0.40679535269737244,-0.15339753031730652,-0.2978156805038452,-0.3847377896308899,-0.41290658712387085,-0.41060546040534973,-0.41683313250541687,-0.42026060819625854,-0.4189445376396179]
[-0.4215139150619507,-0.420040100812912,-0.4196555018424988,-0.419312983751297,-0.4203960597515106,-0.417744904756546,-0.4126981794834137,-0.40935105085372925,0.7644667625427246,2.949125051498413,2.8611245155334473,1.932032823562622,1.5479706525802612,-0.3901708126068115,-0.38783198595046997,-0.4008650481700897,-0.41301199793815613,-0.3884432017803192,-0.43370136618614197,1.4158824682235718,2.500091552734375,2.0441501140594482,-0.3687337040901184,-0.40057796239852905,-0.40753719210624695,-0.41384750604629517,-0.41912737488746643,-0.4180121123790741]
[-0.4213812053203583,-0.4195070266723633,-0.41844239830970764,-0.41764527559280396,-0.41784992814064026,-0.41628122329711914,-0.40398356318473816,-0.16454879939556122,2.282979726791382,2.9995758533477783,2.5105793476104736,2.6538829803466797,1.431597113609314,-0.4071020185947418,-0.3955891728401184,-0.410264253616333,-0.4198715090751648,-0.38626953959465027,-0.21625079214572906,1.485140085220337,2.822782278060913,3.1488101482391357,0.6334770917892456,-0.35056090354919434,-0.40567851066589355,-0.41492024064064026,-0.42093050479888916,-0.41951674222946167]
[-0.42024073004722595,-0.4191634953022003,-0.41834890842437744,-0.4179695248603821,-0.4174727499485016,-0.4157084822654724,-0.3388598561286926,1.2469850778579712,2.699918508529663,2.66683292388916,2.8171942234039307,2.6362760066986084,0.544955849647522,-0.406152606010437,-0.4043371379375458,-0.41035372018814087,-0.4215315580368042,-0.39732465147972107,-0.6958326101303101,0.6008379459381104,2.382870674133301,2.525780200958252,1.349616527557373,-0.33279162645339966,-0.40870943665504456,-0.4160739779472351,-0.4199903607368469,-0.41811591386795044]
[-0.4196970462799072,-0.41936445236206055,-0.4176296293735504,-0.4160856306552887,-0.4125298261642456,-0.40349796414375305,0.03996169567108154,2.52995228767395,2.7389109134674072,2.544983148574829,2.8335444927215576,0.050793737173080444,-0.36553728580474854,-0.39539968967437744,-0.41200345754623413,-0.40805739164352417,-0.41867607831954956,-0.4070441722869873,-0.5582054853439331,0.745002269744873,2.384080410003662,2.4571404457092285,0.4807020127773285,-0.3451498746871948,-0.40859347581863403,-0.41575103998184204,-0.4213774502277374,-0.4201251268386841]
[-0.4192994236946106,-0.4182899594306946,-0.4181230664253235,-0.4147098958492279,-0.41500431299209595,-0.40829238295555115,1.4528573751449585,3.1334474086761475,2.9788715839385986,1.968048095703125,0.783718466758728,-0.4342699348926544,-0.38006505370140076,-0.40338507294654846,-0.4164672791957855,-0.40577951073646545,-0.4173297584056854,-0.39982545375823975,-0.512141227722168,1.3146475553512573,2.504981279373169,1.2199366092681885,-0.2754817605018616,-0.381043940782547,-0.4087011516094208,-0.41732609272003174,-0.4211110472679138,-0.4197823405265808]
[-0.420036643743515,-0.4185597002506256,-0.4176124334335327,-0.41554850339889526,-0.41092661023139954,-0.4105570912361145,1.887462854385376,3.0462028980255127,2.9545905590057373,1.9034781455993652,0.1951555609703064,-0.4095548689365387,-0.37835007905960083,-0.41067659854888916,-0.4006165564060211,-0.396384060382843,-0.4012067914009094,-0.35566872358322144,0.627631664276123,2.9497950077056885,2.259627342224121,0.009420037269592285,-0.3509381115436554,-0.40301084518432617,-0.41218674182891846,-0.4173133969306946,-0.42185309529304504,-0.42063671350479126]
[-0.4202542304992676,-0.41893672943115234,-0.41942450404167175,-0.41504213213920593,-0.4144778847694397,-0.4179457426071167,1.8001306056976318,2.8382763862609863,2.2139551639556885,1.8563486337661743,1.4761407375335693,-0.43024393916130066,-0.4059337377548218,-0.39898279309272766,-0.37198394536972046,-0.2957424521446228,0.5898418426513672,1.4108134508132935,2.3610293865203857,2.12591552734375,0.4433981478214264,-0.331576406955719,-0.39267975091934204,-0.4129352271556854,-0.4157463014125824,-0.4189077913761139,-0.4193177819252014,-0.4203971326351166]
[-0.42002904415130615,-0.41876888275146484,-0.42046868801116943,-0.4130420684814453,-0.4136296510696411,-0.31373926997184753,1.892270803451538,3.406049966812134,2.3737003803253174,2.8934154510498047,2.622082233428955,1.5508084297180176,1.64938485622406,1.5339230298995972,1.6849323511123657,1.9909114837646484,2.7013957500457764,2.2034835815429688,2.1986002922058105,0.5642518997192383,-0.40131622552871704,-0.400595098733902,-0.4087955355644226,-0.41236206889152527,-0.4187535047531128,-0.42056700587272644,-0.42110756039619446,-0.4211020767688751]
[-0.41977035999298096,-0.4190187156200409,-0.4184378683567047,-0.40974855422973633,-0.41840270161628723,-0.37336260080337524,1.7405855655670166,2.8400254249572754,2.6928489208221436,2.1741280555725098,3.1131439208984375,2.9339983463287354,3.2830374240875244,3.1157026290893555,2.2641236782073975,2.272611618041992,2.900900363922119,2.1400768756866455,0.3681635558605194,-0.3582485318183899,-0.40877917408943176,-0.40561744570732117,-0.4131477177143097,-0.4141613245010376,-0.41813239455223083,-0.4195147454738617,-0.42122650146484375,-0.42087382078170776]
[-0.4211795926094055,-0.41703492403030396,-0.4175278842449188,-0.4123038053512573,-0.42636746168136597,-0.41008588671684265,0.11790452897548676,1.9306771755218506,3.3480074405670166,3.106395959854126,2.8766257762908936,3.087984323501587,2.8739449977874756,2.2733607292175293,2.528467893600464,1.0801798105239868,0.42208853363990784,-0.28076356649398804,-0.3714713156223297,-0.40063950419425964,-0.4118719696998596,-0.4080606997013092,-0.41648727655410767,-0.41609206795692444,-0.41968655586242676,-0.41933009028434753,-0.4212905466556549,-0.4208884835243225]
[-0.4202018976211548,-0.41861629486083984,-0.42025014758110046,-0.41173022985458374,-0.4242168962955475,-0.4137364625930786,-0.3372546434402466,-0.403637170791626,0.06796346604824066,0.15208569169044495,0.7490900754928589,0.12543174624443054,-0.24276256561279297,-0.21114371716976166,-0.31121522188186646,-0.3045008182525635,-0.3714058995246887,-0.4073612689971924,-0.40721991658210754,-0.4039779007434845,-0.4113207757472992,-0.41500771045684814,-0.41830891370773315,-0.4168153405189514,-0.41888532042503357,-0.41939663887023926,-0.4206071197986603,-0.4201425611972809]
[-0.4202011227607727,-0.4175381064414978,-0.41901299357414246,-0.41180920600891113,-0.42044854164123535,-0.4235154688358307,-0.4001707434654236,-0.42142802476882935,-0.5015381574630737,-0.4982362687587738,-0.5074923038482666,-0.4603632390499115,-0.40331482887268066,-0.3862681984901428,-0.4191071093082428,-0.4049697518348694,-0.4239657521247864,-0.42464107275009155,-0.42301422357559204,-0.4086582362651825,-0.41485702991485596,-0.4160337746143341,-0.4184029698371887,-0.4159519672393799,-0.41949692368507385,-0.419558048248291,-0.4209492802619934,-0.42086657881736755]
[-0.42314285039901733,-0.4170825183391571,-0.41676539182662964,-0.4099704325199127,-0.41617387533187866,-0.4178577959537506,-0.4017643630504608,-0.39960387349128723,-0.4150938391685486,-0.42085981369018555,-0.42018890380859375,-0.402422159910202,-0.38824087381362915,-0.40514075756073,-0.4207690954208374,-0.42272186279296875,-0.42623695731163025,-0.42322370409965515,-0.42154648900032043,-0.4176415503025055,-0.41813695430755615,-0.41736453771591187,-0.4180186986923218,-0.4174292981624603,-0.4188041388988495,-0.42037233710289,-0.4208895266056061,-0.42080774903297424]
[-0.42502814531326294,-0.42040637135505676,-0.4227447509765625,-0.41268226504325867,-0.42294931411743164,-0.41767919063568115,-0.4148672819137573,-0.39820942282676697,-0.41630661487579346,-0.4181898236274719,-0.40490463376045227,-0.4061480760574341,-0.40405383706092834,-0.416437029838562,-0.4211926758289337,-0.4185311496257782,-0.415621817111969,-0.41797566413879395,-0.4229537546634674,-0.41785937547683716,-0.4166191518306732,-0.4156658947467804,-0.41687634587287903,-0.4168863296508789,-0.41793182492256165,-0.41879960894584656,-0.42079511284828186,-0.4194139838218689]
[-0.42198631167411804,-0.4242769479751587,-0.4211617112159729,-0.41842758655548096,-0.42476367950439453,-0.42148277163505554,-0.41581371426582336,-0.4143640398979187,-0.4145844876766205,-0.4200851023197174,-0.4128907024860382,-0.41128554940223694,-0.41396433115005493,-0.4170069098472595,-0.4192683696746826,-0.41771450638771057,-0.4142284393310547,-0.4162652790546417,-0.4210493266582489,-0.41753897070884705,-0.41807934641838074,-0.41702601313591003,-0.4174526631832123,-0.418795645236969,-0.41981661319732666,-0.42050549387931824,-0.42042598128318787,-0.4176645874977112]
