[-0.4169156551361084,-0.41796547174453735,-0.4188973009586334,-0.4173027276992798,-0.4199562668800354,-0.4186028838157654,-0.4209659993648529,-0.41843312978744507,-0.4197594225406647,-0.4208609163761139,-0.424289733171463,-0.4290083646774292,-0.4902680516242981,0.007387757301330566,-0.42957180738449097,-0.4054780602455139,-0.4205894470214844,-0.42930006980895996,-0.19495949149131775,1.5823725461959839,1.1566829681396484,2.106513261795044,1.2926158905029297,0.39863333106040955,-0.40946921706199646,-0.4047563076019287,-0.407396525144577,-0.4040854871273041]
[-0.4189841151237488,-0.4188162386417389,-0.4194754362106323,-0.41819822788238525,-0.41989046335220337,-0.41867518424987793,-0.4210546314716339,-0.4193051755428314,-0.4183276891708374,-0.41632571816444397,-0.41597336530685425,-0.4160831570625305,-0.4352698028087616,-0.464386910200119,-0.406003475189209,-0.41473498940467834,-0.4066128730773926,-0.46117839217185974,0.502515435218811,0.051215291023254395,0.3312431275844574,1.4424155950546265,0.40029701590538025,-0.3591439425945282,-0.3960450291633606,-0.40519070625305176,-0.41452550888061523,-0.41010963916778564]
[-0.4205406904220581,-0.4191731810569763,-0.4196781516075134,-0.41845032572746277,-0.4195607006549835,-0.4195667505264282,-0.4221619963645935,-0.4191451072692871,-0.4191676378250122,-0.4168771803379059,-0.4080641269683838,-0.388797402381897,-0.31345921754837036,-0.29743921756744385,-0.48828479647636414,-0.44785165786743164,-0.3668845295906067,-0.27366358041763306,2.240964651107788,1.666576862335205,0.21670079231262207,0.008188530802726746,-0.35755717754364014,-0.3986411988735199,-0.4114386737346649,-0.40984973311424255,-0.41667231917381287,-0.4147777259349823]
[-0.4206102192401886,-0.41934913396835327,-0.4200235605239868,-0.41844886541366577,-0.4197034537792206,-0.4187033772468567,-0.4213733375072479,-0.4194355607032776,-0.4196758270263672,-0.4174583852291107,-0.42281121015548706,-0.385560542345047,1.2485241889953613,3.347599506378174,2.4332945346832275,1.099178433418274,2.3135151863098145,3.0887529850006104,3.1467244625091553,3.257775068283081,1.5686018466949463,-0.07530678063631058,-0.3968992233276367,-0.41161057353019714,-0.4128046929836273,-0.4135325253009796,-0.4190891683101654,-0.41737937927246094]
[-0.4202679395675659,-0.41886237263679504,-0.4199775159358978,-0.41848519444465637,-0.4201282858848572,-0.4183521568775177,-0.42027172446250916,-0.41741156578063965,-0.4179159998893738,-0.41167399287223816,-0.09732486307621002,1.7607749700546265,1.7528656721115112,3.4818692207336426,2.0553197860717773,3.26973557472229,1.5121604204177856,0.7477138042449951,1.4339361190795898,2.5977590084075928,0.16115450859069824,-0.36436355113983154,-0.4051564335823059,-0.4092881381511688,-0.4136258065700531,-0.41660115122795105,-0.41971150040626526,-0.41955679655075073]
[-0.42048683762550354,-0.4194593131542206,-0.419729083776474,-0.4183143675327301,-0.4195370078086853,-0.41786888241767883,-0.4201056957244873,-0.4180326461791992,-0.41797932982444763,-0.4085731506347656,2.0932748317718506,3.2305727005004883,3.3936874866485596,1.1638038158416748,1.3253636360168457,2.6520795822143555,2.161841630935669,-0.30769485235214233,-0.38524124026298523,-0.4393540918827057,-0.3820624053478241,-0.38980481028556824,-0.4094557762145996,-0.4112451672554016,-0.41647374629974365,-0.4150037467479706,-0.4188285171985626,-0.41793546080589294]
[-0.42105284333229065,-0.41934552788734436,-0.4206497073173523,-0.4189838767051697,-0.42004087567329407,-0.41796016693115234,-0.4177798628807068,-0.4165603816509247,-0.41376325488090515,-0.40335220098495483,1.634907603263855,2.948681116104126,2.934511184692383,1.7262835502624512,1.4519649744033813,1.91005539894104,0.8659651279449463,-0.3446996510028839,-0.3629775643348694,-0.38367509841918945,-0.4087650775909424,-0.4076540768146515,-0.41018903255462646,-0.4117601811885834,-0.41831284761428833,-0.4175414443016052,-0.4205937683582306,-0.4215831160545349]
[-0.4208007752895355,-0.41956135630607605,-0.4199538230895996,-0.418792188167572,-0.41952019929885864,-0.41841477155685425,-0.4167872965335846,-0.4155888855457306,-0.4153645634651184,-0.40386661887168884,-0.24357736110687256,1.4649055004119873,2.1047909259796143,2.5743768215179443,2.28165864944458,0.930173397064209,-0.3404114842414856,-0.3709205985069275,-0.3852897584438324,-0.3978256583213806,-0.41326412558555603,-0.40934741497039795,-0.4125760793685913,-0.41196125745773315,-0.41813740134239197,-0.4159444272518158,-0.42142748832702637,-0.41994690895080566]
[-0.4213773012161255,-0.41907432675361633,-0.4196554720401764,-0.4194549024105072,-0.4211881756782532,-0.4178628921508789,-0.41877609491348267,-0.41635239124298096,-0.4132097661495209,-0.41038236021995544,-0.3836003243923187,-0.41396787762641907,0.6817078590393066,2.977506399154663,3.147383689880371,1.1924687623977661,-0.368919312953949,-0.38256028294563293,-0.40416523814201355,-0.40646031498908997,-0.41560038924217224,-0.41017672419548035,-0.4156816899776459,-0.41182246804237366,-0.41648346185684204,-0.41686829924583435,-0.42059463262557983,-0.419025719165802]
[-0.4205074906349182,-0.419376939535141,-0.41983774304389954,-0.4196053445339203,-0.4209877550601959,-0.4183354675769806,-0.418409526348114,-0.4154215455055237,-0.41024231910705566,-0.41106900572776794,-0.3844812214374542,-0.46572673320770264,-0.0019426941871643066,2.3248720169067383,3.6144182682037354,1.2578336000442505,-0.3921806812286377,-0.38179755210876465,-0.4087938070297241,-0.40832754969596863,-0.4155397415161133,-0.4148920178413391,-0.41787606477737427,-0.41555556654930115,-0.41592293977737427,-0.4172707498073578,-0.4202539920806885,-0.4181348383426666]
[-0.4206293821334839,-0.4186669588088989,-0.4205758571624756,-0.42046424746513367,-0.42135635018348694,-0.4191804826259613,-0.4184909760951996,-0.4135366380214691,-0.4135254919528961,-0.41903406381607056,-0.41953781247138977,-0.043265342712402344,2.265030860900879,1.6520403623580933,3.164733409881592,1.0130192041397095,-0.3517623245716095,-0.38802245259284973,-0.40565818548202515,-0.4034530520439148,-0.4097086489200592,-0.4133543372154236,-0.4161056876182556,-0.415217787027359,-0.41604453325271606,-0.41737043857574463,-0.42074912786483765,-0.4185946583747864]
[-0.4202401340007782,-0.4196370542049408,-0.42069536447525024,-0.4211995303630829,-0.42085719108581543,-0.41944804787635803,-0.41835442185401917,-0.4159505069255829,-0.4164179265499115,-0.414253294467926,-0.3613460958003998,1.7318878173828125,3.2221922874450684,2.7695565223693848,2.692786693572998,1.6563150882720947,-0.40955397486686707,-0.38285529613494873,-0.3872772753238678,-0.40037330985069275,-0.41659975051879883,-0.4138635993003845,-0.4204084575176239,-0.4150100350379944,-0.41744551062583923,-0.41736042499542236,-0.41990774869918823,-0.41991153359413147]
[-0.4199799597263336,-0.41900691390037537,-0.4210941791534424,-0.4198105037212372,-0.41981983184814453,-0.418979674577713,-0.41769805550575256,-0.41385114192962646,-0.40610963106155396,-0.36250388622283936,1.5753097534179688,2.5070879459381104,3.090761423110962,2.757270336151123,2.8000071048736572,2.2075672149658203,0.5120890140533447,-0.389643132686615,-0.39754781126976013,-0.3806484341621399,-0.39957788586616516,-0.4022037088871002,-0.4133037328720093,-0.4110851287841797,-0.41594377160072327,-0.4149574339389801,-0.4209394156932831,-0.41925403475761414]
[-0.42028912901878357,-0.4196401834487915,-0.4199790954589844,-0.41898342967033386,-0.4189043641090393,-0.4173251986503601,-0.41635000705718994,-0.4133439064025879,-0.4258660078048706,0.8492058515548706,2.9457108974456787,1.8671411275863647,2.360130548477173,1.9769976139068604,2.817333221435547,2.389566421508789,2.754469156265259,1.1592364311218262,-0.40830233693122864,-0.36103177070617676,-0.402266263961792,-0.3843580484390259,-0.41671082377433777,-0.41324126720428467,-0.4132446348667145,-0.41691017150878906,-0.4209539592266083,-0.4194488823413849]
[-0.4208448529243469,-0.41967812180519104,-0.4200975298881531,-0.418270468711853,-0.4189000129699707,-0.4159083962440491,-0.41534677147865295,-0.414315402507782,-0.3300420343875885,2.2955355644226074,2.969667673110962,2.3590736389160156,1.7846351861953735,1.9935238361358643,3.167515993118286,3.0738964080810547,3.999023914337158,2.3551690578460693,2.551758289337158,1.714212417602539,-0.23623842000961304,-0.388252854347229,-0.3944895565509796,-0.40347492694854736,-0.41262027621269226,-0.41361188888549805,-0.4211885333061218,-0.4194818437099457]
[-0.4200004041194916,-0.41989442706108093,-0.42048564553260803,-0.4182318150997162,-0.41838061809539795,-0.4162399172782898,-0.41289466619491577,-0.4068407416343689,0.2726689577102661,2.8660149574279785,3.045910358428955,1.7820765972137451,0.24119225144386292,-0.42984670400619507,-0.18371045589447021,1.2195532321929932,1.9327363967895508,1.9935381412506104,2.36201810836792,2.657501697540283,2.43202543258667,0.2557632625102997,-0.43309563398361206,-0.37700051069259644,-0.3972571790218353,-0.4143509566783905,-0.41888707876205444,-0.42038509249687195]
[-0.41948166489601135,-0.41949042677879333,-0.4184461534023285,-0.4180248975753784,-0.41867342591285706,-0.4150427579879761,-0.39899498224258423,-0.3526145815849304,1.707804560661316,2.269270181655884,0.7260532379150391,-0.4051949381828308,-0.4377461373806,-0.3996227979660034,-0.40084636211395264,-0.374242901802063,-0.3302404582500458,-0.29409539699554443,-0.30745983123779297,1.248838186264038,1.563151240348816,2.1568706035614014,-0.28604891896247864,-0.34446197748184204,-0.38875097036361694,-0.41095346212387085,-0.41995730996131897,-0.4190019369125366]
[-0.4192713499069214,-0.41939881443977356,-0.41838112473487854,-0.4181308150291443,-0.41767793893814087,-0.4162791967391968,-0.3861948251724243,0.8366351127624512,2.316192150115967,0.3308441638946533,-0.41512447595596313,-0.4143323004245758,-0.3815266191959381,-0.3895781338214874,-0.4156357944011688,-0.38698166608810425,-0.39701956510543823,-0.4020976424217224,-0.661700963973999,0.670772910118103,1.1215040683746338,1.7180092334747314,1.0478571653366089,-0.38316354155540466,-0.40063270926475525,-0.4107968509197235,-0.4176037907600403,-0.4181700348854065]
[-0.420868843793869,-0.4189200699329376,-0.41856449842453003,-0.4177994132041931,-0.416766494512558,-0.4145306646823883,-0.20527684688568115,2.6569113731384277,2.6980273723602295,0.04946821928024292,-0.38397252559661865,-0.39069753885269165,-0.40371036529541016,-0.4139426648616791,-0.4114520847797394,-0.417648583650589,-0.3931872248649597,-0.3475460410118103,-0.9795079231262207,-0.38185572624206543,1.5240330696105957,2.9562928676605225,1.3574966192245483,-0.33963268995285034,-0.4020172655582428,-0.41640278697013855,-0.4210107624530792,-0.4214564859867096]
[-0.420177698135376,-0.4193498492240906,-0.4189617335796356,-0.4190329313278198,-0.41782280802726746,-0.41119104623794556,-0.11062617599964142,3.1105024814605713,2.986081838607788,1.4715979099273682,-0.4647516906261444,-0.3003407120704651,-0.36098864674568176,-0.40509912371635437,-0.4058533012866974,-0.4309425950050354,-0.40503913164138794,-0.4060910940170288,-1.6707557439804077,0.7485164403915405,1.538895606994629,2.937194347381592,-0.3190721869468689,-0.3476482033729553,-0.4067225456237793,-0.4185396134853363,-0.4224574565887451,-0.42294061183929443]
[-0.42078784108161926,-0.41944512724876404,-0.41839414834976196,-0.417704313993454,-0.41924774646759033,-0.4124579131603241,-0.1795511543750763,2.860435724258423,3.210678815841675,2.408818244934082,1.14396071434021,-0.5238344669342041,-0.3864743709564209,-0.385969877243042,-0.372840940952301,-0.3591306507587433,-0.6006747484207153,-1.408905029296875,1.2862999439239502,2.0559585094451904,2.436424732208252,1.8557473421096802,-0.2979056239128113,-0.38152995705604553,-0.4094756245613098,-0.41793832182884216,-0.42393001914024353,-0.4236460030078888]
[-0.4205235242843628,-0.4203253388404846,-0.41885384917259216,-0.41802239418029785,-0.41987133026123047,-0.4159736633300781,-0.347651869058609,2.1160476207733154,3.011122226715088,2.8695812225341797,2.888803005218506,2.038220167160034,1.9425623416900635,0.6277400255203247,0.049988165497779846,0.024017304182052612,0.8660925626754761,1.9420435428619385,2.5753400325775146,1.9078612327575684,3.808397054672241,0.8462482690811157,-0.37957653403282166,-0.3880782425403595,-0.4112663269042969,-0.41923773288726807,-0.42610588669776917,-0.4237903952598572]
[-0.42019936442375183,-0.4180563688278198,-0.4174520671367645,-0.4145449697971344,-0.4175061285495758,-0.4158593714237213,-0.4204719066619873,-0.26386070251464844,1.9683129787445068,3.262094736099243,3.2423171997070312,3.41582989692688,3.8484573364257812,3.52670955657959,5.228366374969482,3.6683695316314697,3.670436143875122,3.7667720317840576,3.4454686641693115,3.685189723968506,3.1639487743377686,-0.1563890278339386,-0.39564037322998047,-0.3986157774925232,-0.41703230142593384,-0.41934168338775635,-0.42415204644203186,-0.4216715395450592]
[-0.42005738615989685,-0.418131560087204,-0.41769328713417053,-0.41528868675231934,-0.4185222387313843,-0.4160402715206146,-0.408466637134552,-0.36959826946258545,-0.6057436466217041,-0.09864923357963562,2.5192885398864746,2.714353084564209,4.160091400146484,3.770343065261841,3.903017520904541,2.525784730911255,2.5922727584838867,1.8504635095596313,0.31679630279541016,-0.20997339487075806,0.17713883519172668,-0.39841428399086,-0.408147394657135,-0.4082459509372711,-0.4171786904335022,-0.4187357723712921,-0.4234314560890198,-0.4203094244003296]
[-0.4193755090236664,-0.4168056547641754,-0.4178300201892853,-0.41475215554237366,-0.4178291857242584,-0.4168553948402405,-0.42253419756889343,-0.4003896415233612,-0.40890568494796753,-0.3998842239379883,-0.6091492176055908,-0.8193916082382202,-0.7863408327102661,-1.1308008432388306,-0.6221954822540283,-0.799323320388794,-0.6403975486755371,-0.4768182635307312,-0.3939637839794159,-0.3515971601009369,-0.42475876212120056,-0.404353529214859,-0.40746209025382996,-0.407998263835907,-0.4188426733016968,-0.4172702431678772,-0.4220631420612335,-0.4188789129257202]
[-0.42195233702659607,-0.41807544231414795,-0.41803064942359924,-0.4163970351219177,-0.42186057567596436,-0.4177096486091614,-0.4185526669025421,-0.40339311957359314,-0.40307432413101196,-0.4007105827331543,-0.45831379294395447,-0.7365448474884033,-0.3699801564216614,-0.27369579672813416,-0.41285234689712524,-0.3708186745643616,-0.36917775869369507,-0.5120071172714233,-0.38023874163627625,-0.4036036431789398,-0.3954598009586334,-0.3950329124927521,-0.4101848304271698,-0.41344189643859863,-0.41872385144233704,-0.4179215431213379,-0.41874945163726807,-0.4199850857257843]
[-0.42328253388404846,-0.419994592666626,-0.41917112469673157,-0.41656774282455444,-0.4210451543331146,-0.4169544577598572,-0.4143390357494354,-0.40809839963912964,-0.4257214367389679,-0.4093210697174072,-0.3983166813850403,-0.38952162861824036,-0.3624044954776764,-0.33554762601852417,-0.3839266002178192,-0.3428751826286316,-0.35560107231140137,-0.3722222149372101,-0.4001238942146301,-0.4014832675457001,-0.3984920382499695,-0.4092099666595459,-0.41413670778274536,-0.41439568996429443,-0.41726866364479065,-0.41705048084259033,-0.41987231373786926,-0.4195306897163391]
[-0.42023104429244995,-0.4228711426258087,-0.42043375968933105,-0.4179604947566986,-0.4175655245780945,-0.4223332405090332,-0.4183633327484131,-0.41864755749702454,-0.41992706060409546,-0.4150037467479706,-0.40141400694847107,-0.3937000334262848,-0.37710660696029663,-0.398775577545166,-0.3786797523498535,-0.37506502866744995,-0.3805392384529114,-0.3884483873844147,-0.40709441900253296,-0.4077189862728119,-0.4105835258960724,-0.41563841700553894,-0.41733214259147644,-0.42089223861694336,-0.4200637638568878,-0.41806769371032715,-0.421492338180542,-0.4176880419254303]
