[-0.4160005748271942,-0.41811490058898926,-0.4200022220611572,-0.41860249638557434,-0.4205803871154785,-0.41925084590911865,-0.4200877249240875,-0.41916269063949585,-0.4200891852378845,-0.4185998737812042,-0.41924214363098145,-0.4182780385017395,-0.4203728437423706,-0.42052140831947327,-0.42157575488090515,-0.4204420745372772,-0.42085450887680054,-0.42042073607444763,-0.4211299419403076,-0.4192926585674286,-0.41961345076560974,-0.41896453499794006,-0.41913333535194397,-0.416934996843338,-0.4178634285926819,-0.4201544225215912,-0.41245612502098083,-0.4144671857357025]
[-0.41825395822525024,-0.4196420907974243,-0.4204443395137787,-0.41897648572921753,-0.4207617938518524,-0.42007380723953247,-0.42085692286491394,-0.4197060763835907,-0.41972458362579346,-0.4191913902759552,-0.42035815119743347,-0.4181023836135864,-0.4202381372451782,-0.4199801981449127,-0.42257001996040344,-0.4203399121761322,-0.4232167601585388,-0.41970351338386536,-0.419310063123703,-0.41802307963371277,-0.41858696937561035,-0.41643619537353516,-0.41918766498565674,-0.4167119264602661,-0.4155289828777313,-0.4180445075035095,-0.41331884264945984,-0.4187854826450348]
[-0.420402854681015,-0.4195469617843628,-0.4204829931259155,-0.420179158449173,-0.42072793841362,-0.41986802220344543,-0.42032819986343384,-0.4193333387374878,-0.41940969228744507,-0.41867655515670776,-0.42098960280418396,-0.41852450370788574,-0.41978612542152405,-0.418649286031723,-0.42308953404426575,-0.42120835185050964,-0.42247694730758667,-0.4230094850063324,-0.4195075035095215,-0.4150981307029724,-0.4148975908756256,-0.41422101855278015,-0.4187886416912079,-0.41978365182876587,-0.4196951389312744,-0.4190879166126251,-0.4216035008430481,-0.4218507409095764]
[-0.4199458360671997,-0.420392781496048,-0.420855313539505,-0.4199123680591583,-0.4206578731536865,-0.41981783509254456,-0.419831782579422,-0.4183579683303833,-0.4199732542037964,-0.41801708936691284,-0.41971859335899353,-0.41853001713752747,-0.42006808519363403,-0.4138908088207245,-0.4139849543571472,-0.42161568999290466,-0.41924622654914856,-0.41911500692367554,-0.4175499379634857,-0.40896859765052795,-0.40440812706947327,-0.40745702385902405,-0.4160245954990387,-0.4186456501483917,-0.4179677963256836,-0.4177403450012207,-0.41916921734809875,-0.41956356167793274]
[-0.41969501972198486,-0.4202934801578522,-0.42040374875068665,-0.41997814178466797,-0.42035919427871704,-0.41964998841285706,-0.4201512932777405,-0.418567031621933,-0.42007172107696533,-0.41643404960632324,-0.4179767668247223,-0.4168653190135956,-0.4128955900669098,-0.36482155323028564,-0.4150006175041199,-0.3434075117111206,-0.3822667896747589,-0.33726465702056885,-0.4349217712879181,-0.41464701294898987,-0.41364312171936035,-0.39580854773521423,-0.4099825322628021,-0.4111475348472595,-0.41604191064834595,-0.41627100110054016,-0.4183167815208435,-0.41627803444862366]
[-0.42051172256469727,-0.42016133666038513,-0.41977789998054504,-0.41948893666267395,-0.41988658905029297,-0.4196961224079132,-0.42034009099006653,-0.41788896918296814,-0.41955578327178955,-0.4166373014450073,-0.4124872386455536,-0.40889573097229004,-0.41698136925697327,0.5310541391372681,2.0671164989471436,1.7654885053634644,1.4525824785232544,2.2436797618865967,1.5394707918167114,1.1063525676727295,-0.1895534098148346,-0.36948904395103455,-0.3962927460670471,-0.40932929515838623,-0.41101157665252686,-0.41523513197898865,-0.41747820377349854,-0.41669270396232605]
[-0.4216611385345459,-0.41985493898391724,-0.42053163051605225,-0.4196658432483673,-0.42057642340660095,-0.4188217520713806,-0.41994062066078186,-0.4178791344165802,-0.4187656044960022,-0.4150370657444,-0.404245525598526,-0.37430474162101746,0.6799671649932861,2.555724620819092,3.064194917678833,2.758052110671997,1.872165322303772,2.96232008934021,3.46453595161438,3.078429937362671,1.8731764554977417,0.2165372669696808,-0.3304861783981323,-0.41357100009918213,-0.4040881395339966,-0.410469651222229,-0.4163023829460144,-0.4153812825679779]
[-0.422146201133728,-0.42052698135375977,-0.42055797576904297,-0.42003968358039856,-0.421006977558136,-0.41949930787086487,-0.41975224018096924,-0.4182095527648926,-0.4184141755104065,-0.41397181153297424,-0.37117907404899597,0.7167363166809082,2.6395885944366455,2.927440881729126,2.4809718132019043,0.7407031059265137,-0.0742497369647026,0.7455734014511108,1.718004584312439,2.9429421424865723,3.126335382461548,2.330519199371338,1.0244641304016113,-0.40511345863342285,-0.39719316363334656,-0.4101899564266205,-0.41589686274528503,-0.41648516058921814]
[-0.4216461181640625,-0.4202885627746582,-0.4200831353664398,-0.41968798637390137,-0.42031130194664,-0.41878288984298706,-0.4183811843395233,-0.4161438047885895,-0.4170401096343994,-0.411353200674057,-0.055098965764045715,2.496629476547241,2.6313023567199707,2.393655300140381,1.6453474760055542,-0.33091604709625244,-0.37554726004600525,-0.3981022536754608,-0.2774391770362854,0.5969103574752808,1.592572569847107,2.5882997512817383,1.9921388626098633,-0.3952576816082001,-0.40337780117988586,-0.4083409309387207,-0.415597140789032,-0.41647714376449585]
[-0.4213431477546692,-0.42063483595848083,-0.42049694061279297,-0.4197561740875244,-0.42018377780914307,-0.41823387145996094,-0.4179104268550873,-0.4159179627895355,-0.4161664545536041,-0.4098847210407257,-0.01385265588760376,2.7903223037719727,2.601067066192627,2.197664499282837,0.7281863689422607,-0.36898618936538696,-0.3937722146511078,-0.386981725692749,-0.38278546929359436,-0.35141515731811523,0.6940592527389526,2.1283116340637207,2.6414952278137207,-0.21250197291374207,-0.4030610918998718,-0.404461532831192,-0.413705050945282,-0.4161631762981415]
[-0.42133545875549316,-0.41950324177742004,-0.41960418224334717,-0.41880080103874207,-0.41914448142051697,-0.41789108514785767,-0.41775262355804443,-0.4153411388397217,-0.41372382640838623,-0.40989404916763306,-0.2606464624404907,2.2298779487609863,2.8784050941467285,2.0496327877044678,-0.33491283655166626,-0.3997287154197693,-0.40464749932289124,-0.40720221400260925,-0.366636723279953,-0.4545767307281494,0.7724626064300537,2.069397211074829,2.306434392929077,-0.37706440687179565,-0.3957248330116272,-0.4087406098842621,-0.41597190499305725,-0.4182371199131012]
[-0.42115381360054016,-0.41947680711746216,-0.4205332100391388,-0.4187873601913452,-0.4199770390987396,-0.4175657629966736,-0.41672536730766296,-0.414235919713974,-0.4143921434879303,-0.4084896445274353,-0.43191686272621155,1.0261951684951782,2.576650619506836,1.4380651712417603,-0.4028255343437195,-0.39247509837150574,-0.40825748443603516,-0.41400399804115295,-0.37281787395477295,-0.4481474757194519,1.8755340576171875,2.8794515132904053,1.0234826803207397,-0.3909892141819,-0.3928946554660797,-0.4047413170337677,-0.4149162769317627,-0.41656818985939026]
[-0.4206703007221222,-0.41867294907569885,-0.4203837811946869,-0.41885533928871155,-0.41890189051628113,-0.41673991084098816,-0.4177377223968506,-0.4131509065628052,-0.4139166474342346,-0.4093944728374481,-0.455500990152359,-0.20196929574012756,1.3251138925552368,0.3833082616329193,-0.4476366341114044,-0.4611327350139618,-0.4220063388347626,-0.4135782718658447,-0.39749085903167725,-0.151632159948349,2.4005417823791504,3.2289557456970215,0.540869951248169,-0.3998604416847229,-0.3920745551586151,-0.4010956883430481,-0.41151291131973267,-0.4179894030094147]
[-0.4199502468109131,-0.4191051125526428,-0.4200018048286438,-0.41841304302215576,-0.4184410870075226,-0.4175851345062256,-0.4173816740512848,-0.4138749837875366,-0.4143814444541931,-0.4066120684146881,-0.4418106973171234,-0.37871524691581726,1.1989467144012451,0.6607637405395508,0.6539193391799927,0.7520294189453125,-0.13321912288665771,-0.4459327161312103,-0.2870238423347473,1.4944090843200684,2.46292781829834,1.9701809883117676,0.9167407751083374,-0.34632304310798645,-0.39994996786117554,-0.3970184028148651,-0.4130920171737671,-0.41582611203193665]
[-0.42088374495506287,-0.41854527592658997,-0.4188688397407532,-0.4188178479671478,-0.41842374205589294,-0.4167833924293518,-0.4189799427986145,-0.413799911737442,-0.4155929684638977,-0.41295284032821655,-0.43738552927970886,-0.3523710370063782,0.15214988589286804,0.62782883644104,3.163686990737915,2.173457145690918,2.1762869358062744,1.6313236951828003,2.2728703022003174,2.964273691177368,2.852194309234619,3.422503709793091,2.679842472076416,0.9846336841583252,-0.41380545496940613,-0.4070735275745392,-0.4170703589916229,-0.41798946261405945]
[-0.4206227660179138,-0.4191235601902008,-0.4182437062263489,-0.41874200105667114,-0.4199103116989136,-0.41697609424591064,-0.41986098885536194,-0.41661807894706726,-0.41444480419158936,-0.4144820272922516,-0.43437090516090393,-0.3372134566307068,-0.3695484399795532,1.0275449752807617,2.99041485786438,2.422081470489502,3.8418703079223633,3.1462621688842773,2.1314101219177246,2.2110025882720947,2.1341724395751953,2.3644537925720215,2.106349229812622,0.02150404453277588,-0.40492284297943115,-0.4118190407752991,-0.41706740856170654,-0.41713660955429077]
[-0.42007702589035034,-0.4187380373477936,-0.41776856780052185,-0.4183885157108307,-0.4208654761314392,-0.41727301478385925,-0.419474720954895,-0.41447046399116516,-0.4109363853931427,-0.4110572934150696,-0.3789171576499939,0.5746282339096069,1.9758694171905518,2.543222427368164,3.0228614807128906,2.179666757583618,2.656358003616333,1.9976475238800049,0.7661385536193848,0.8027251958847046,0.07300539314746857,-0.2883003056049347,-0.3607783913612366,-0.3982735574245453,-0.40980619192123413,-0.4148733615875244,-0.4188805818557739,-0.4212362468242645]
[-0.41957104206085205,-0.41892242431640625,-0.4183439612388611,-0.41838324069976807,-0.4200665354728699,-0.4188339114189148,-0.4191417694091797,-0.41570088267326355,-0.40766942501068115,-0.41269415616989136,1.1292873620986938,2.905921697616577,2.745518684387207,2.535659074783325,2.5236005783081055,2.4724793434143066,1.2460500001907349,0.5058494806289673,-0.30429863929748535,-0.30729609727859497,-0.40750718116760254,-0.3843507170677185,-0.4040640890598297,-0.4082583785057068,-0.4116322696208954,-0.4134885370731354,-0.4174474775791168,-0.4190641939640045]
[-0.4212092161178589,-0.4183202087879181,-0.41851863265037537,-0.4188392758369446,-0.419455349445343,-0.4174750745296478,-0.4164254069328308,-0.4133327305316925,-0.4022502899169922,-0.4005416929721832,2.081937313079834,3.175577402114868,2.900803804397583,1.8376497030258179,1.7063511610031128,-0.052270323038101196,-0.39946767687797546,-0.4285471737384796,-0.41220802068710327,-0.40411847829818726,-0.40931761264801025,-0.40547940135002136,-0.4119264781475067,-0.40607935190200806,-0.413590669631958,-0.41733497381210327,-0.4183034896850586,-0.4201107621192932]
[-0.42135095596313477,-0.41902315616607666,-0.41843971610069275,-0.4187951982021332,-0.4189303517341614,-0.4180186688899994,-0.417361855506897,-0.4158441424369812,-0.39462366700172424,-0.32185694575309753,2.299327850341797,2.444242238998413,2.5519628524780273,1.9722609519958496,-0.012272797524929047,-0.385246217250824,-0.3964649438858032,-0.40879133343696594,-0.40300634503364563,-0.40234240889549255,-0.4097512662410736,-0.4098786413669586,-0.41196244955062866,-0.41890251636505127,-0.40306156873703003,-0.4230462610721588,-0.4132007956504822,-0.41709473729133606]
[-0.42065325379371643,-0.41852590441703796,-0.41867080330848694,-0.41713276505470276,-0.418418824672699,-0.41716980934143066,-0.4165583550930023,-0.41395002603530884,-0.3985639214515686,0.08222691714763641,2.0734403133392334,2.6473546028137207,1.4872541427612305,0.8855152130126953,-0.37607625126838684,-0.3958939015865326,-0.4078403413295746,-0.4071900546550751,-0.4114990532398224,-0.41353297233581543,-0.4116290211677551,-0.41165691614151,-0.2785302996635437,1.1549149751663208,0.38893523812294006,-0.3925545811653137,-0.40925833582878113,-0.41509145498275757]
[-0.4197467267513275,-0.4188064932823181,-0.41973552107810974,-0.41749563813209534,-0.4183988571166992,-0.4169846475124359,-0.41513922810554504,-0.41277602314949036,-0.38906002044677734,0.07196357846260071,2.0402660369873047,1.8700346946716309,0.5265613794326782,-0.4205755591392517,-0.3988272547721863,-0.40419188141822815,-0.4114893674850464,-0.4123401343822479,-0.41715604066848755,-0.4154359698295593,-0.4136853814125061,-0.41270747780799866,-0.2603245973587036,1.3782202005386353,1.4807151556015015,0.6342282295227051,-0.41304340958595276,-0.41293779015541077]
[-0.41988614201545715,-0.4179052710533142,-0.42014116048812866,-0.41752007603645325,-0.4178451895713806,-0.41535326838493347,-0.41660019755363464,-0.41202810406684875,-0.3942119777202606,-0.3666228652000427,0.45503494143486023,0.05389516055583954,-0.45804938673973083,-0.41227927803993225,-0.4110351800918579,-0.41125136613845825,-0.4181947708129883,-0.4163733720779419,-0.41895273327827454,-0.4153067171573639,-0.41582027077674866,-0.41499385237693787,-0.4003283381462097,-0.35061436891555786,0.6413953304290771,0.6854712963104248,-0.4127139151096344,-0.4150604009628296]
[-0.41921067237854004,-0.41783222556114197,-0.42014700174331665,-0.4188370704650879,-0.41908499598503113,-0.4162391424179077,-0.41627708077430725,-0.4138835668563843,-0.40007802844047546,-0.3941413462162018,-0.47318580746650696,-0.44095858931541443,-0.42501676082611084,-0.40482592582702637,-0.41146036982536316,-0.41680774092674255,-0.41897499561309814,-0.4174506366252899,-0.41996508836746216,-0.4185686707496643,-0.41706356406211853,-0.4163287580013275,-0.4181567430496216,-0.41329246759414673,-0.4332466721534729,-0.30782049894332886,-0.41382482647895813,-0.4148165285587311]
[-0.4198988676071167,-0.4175034165382385,-0.4191441833972931,-0.4179452061653137,-0.4187426269054413,-0.41545408964157104,-0.4167724847793579,-0.4129510819911957,-0.40850400924682617,-0.4037194550037384,-0.41288521885871887,-0.4183809757232666,-0.417417973279953,-0.4132730960845947,-0.41567090153694153,-0.4178607761859894,-0.42051130533218384,-0.4171561598777771,-0.41913533210754395,-0.4154990017414093,-0.417906790971756,-0.4150577187538147,-0.417889803647995,-0.41556698083877563,-0.3991996943950653,-0.41192159056663513,-0.42150411009788513,-0.41938960552215576]
[-0.4195423424243927,-0.41854581236839294,-0.4190656542778015,-0.4191218614578247,-0.4195157289505005,-0.4171495735645294,-0.41638872027397156,-0.41712239384651184,-0.41295987367630005,-0.4125339984893799,-0.4118337631225586,-0.4078162610530853,-0.4151395857334137,-0.41861197352409363,-0.4176429212093353,-0.41703808307647705,-0.4194527864456177,-0.4176030457019806,-0.4192296862602234,-0.41772007942199707,-0.41898247599601746,-0.41600197553634644,-0.41855448484420776,-0.4161461889743805,-0.41228702664375305,-0.4179297685623169,-0.42204606533050537,-0.41817009449005127]
[-0.42024365067481995,-0.41902196407318115,-0.41941970586776733,-0.4192628860473633,-0.4202636480331421,-0.41784217953681946,-0.4186951518058777,-0.41758307814598083,-0.41564279794692993,-0.41464173793792725,-0.41595563292503357,-0.40977954864501953,-0.41369667649269104,-0.4146449565887451,-0.4186839461326599,-0.417751282453537,-0.41921737790107727,-0.41759610176086426,-0.41907966136932373,-0.41658464074134827,-0.41949501633644104,-0.41756367683410645,-0.4179312288761139,-0.41509759426116943,-0.416226863861084,-0.4182317852973938,-0.4194333851337433,-0.4181837737560272]
[-0.4180881083011627,-0.4216771423816681,-0.42091432213783264,-0.4190751016139984,-0.4210315942764282,-0.418730229139328,-0.41898131370544434,-0.41934633255004883,-0.4189067780971527,-0.41421079635620117,-0.4154975116252899,-0.411488801240921,-0.41210198402404785,-0.41600021719932556,-0.4210614562034607,-0.42045339941978455,-0.4206615388393402,-0.41764500737190247,-0.42091086506843567,-0.4193485379219055,-0.42133399844169617,-0.4187743663787842,-0.41988974809646606,-0.4162450134754181,-0.4168057441711426,-0.41262733936309814,-0.4153594374656677,-0.4141353964805603]
