[-0.41673699021339417,-0.4183841049671173,-0.41942110657691956,-0.41779205203056335,-0.4197118878364563,-0.4188082218170166,-0.4190848171710968,-0.41828420758247375,-0.4207673966884613,-0.4194466769695282,-0.42244577407836914,-0.41734859347343445,-0.4256153404712677,-0.4193542003631592,-0.4216373562812805,-0.4196867346763611,-0.4171375036239624,-0.41455143690109253,-0.4154392182826996,-0.41685640811920166,-0.4130316376686096,-0.41276973485946655,-0.41520804166793823,-0.41586461663246155,-0.41587600111961365,-0.41499876976013184,-0.415576308965683,-0.4127315282821655]
[-0.4178865849971771,-0.41911810636520386,-0.4192642867565155,-0.4180343449115753,-0.4197613596916199,-0.41862204670906067,-0.41832488775253296,-0.4171164035797119,-0.4200708270072937,-0.41853663325309753,-0.4193494915962219,-0.41628918051719666,-0.4222530126571655,-0.41601938009262085,-0.41484251618385315,-0.41498395800590515,-0.4173630177974701,-0.41057801246643066,-0.41255536675453186,-0.4119778573513031,-0.41075360774993896,-0.40963372588157654,-0.413257896900177,-0.4137720465660095,-0.41651278734207153,-0.41596126556396484,-0.41732731461524963,-0.41610923409461975]
[-0.4195135235786438,-0.41887328028678894,-0.41889920830726624,-0.4188082814216614,-0.4198690950870514,-0.41882216930389404,-0.41905197501182556,-0.4181395173072815,-0.420125812292099,-0.41991549730300903,-0.41760486364364624,-0.4192589521408081,-0.42320308089256287,-0.4234558939933777,-0.41218245029449463,-0.41579583287239075,-0.41605424880981445,-0.41467413306236267,-0.41214072704315186,-0.4096638560295105,-0.41230541467666626,-0.41002359986305237,-0.4151657223701477,-0.4130588173866272,-0.4153083264827728,-0.417683869600296,-0.41856294870376587,-0.4186195731163025]
[-0.4209447503089905,-0.4199753701686859,-0.4199417233467102,-0.41917529702186584,-0.42045485973358154,-0.4189760088920593,-0.419236958026886,-0.4176724851131439,-0.41904520988464355,-0.41762813925743103,-0.41870683431625366,-0.4072898030281067,-0.41569992899894714,-0.3963238596916199,-0.39367061853408813,-0.4005037546157837,-0.3967706859111786,-0.4056759476661682,-0.4073519706726074,-0.4134501814842224,-0.41480526328086853,-0.4115998446941376,-0.4158321022987366,-0.41387420892715454,-0.416726678609848,-0.4154948592185974,-0.4184548854827881,-0.41848868131637573]
[-0.4202573001384735,-0.4187451899051666,-0.418975293636322,-0.4185743033885956,-0.419766902923584,-0.417965292930603,-0.4188274145126343,-0.4157629907131195,-0.4157826006412506,-0.41354137659072876,-0.4059382677078247,-0.4372754991054535,-0.36105483770370483,-0.37510862946510315,-0.29146093130111694,-0.4157683849334717,-0.3504069447517395,-0.35454055666923523,-0.386766642332077,-0.4023781418800354,-0.4089406728744507,-0.4086499810218811,-0.4153505265712738,-0.4136090874671936,-0.41683632135391235,-0.4163374900817871,-0.42024242877960205,-0.419781357049942]
[-0.41995659470558167,-0.4192051589488983,-0.41917601227760315,-0.4184837341308594,-0.42030665278434753,-0.4184226393699646,-0.4169653058052063,-0.41732633113861084,-0.4139847159385681,-0.4066244065761566,-0.339455783367157,0.9441173076629639,3.4366118907928467,2.4274120330810547,2.9491114616394043,2.090156316757202,0.8927524089813232,0.06490692496299744,-0.4120233356952667,-0.3871767818927765,-0.40968066453933716,-0.4092641770839691,-0.415876179933548,-0.41534367203712463,-0.41854536533355713,-0.41685575246810913,-0.419589102268219,-0.41972216963768005]
[-0.42036184668540955,-0.4176761507987976,-0.41943201422691345,-0.4178028106689453,-0.4196740686893463,-0.41728079319000244,-0.41646355390548706,-0.4143293797969818,-0.39667779207229614,-0.30682748556137085,2.098804235458374,2.2875754833221436,2.3183350563049316,2.4226784706115723,2.5773062705993652,3.118077516555786,2.8968288898468018,2.263563871383667,-0.009336419403553009,-0.3945891559123993,-0.40817791223526,-0.40381503105163574,-0.4143589437007904,-0.41561535000801086,-0.4169727861881256,-0.41721901297569275,-0.419978529214859,-0.4203513264656067]
[-0.4205286502838135,-0.4184020757675171,-0.4195433259010315,-0.41830435395240784,-0.4192501902580261,-0.41804879903793335,-0.4159640967845917,-0.41482096910476685,-0.4222577214241028,0.9153040647506714,2.748962163925171,2.125397205352783,1.828324317932129,2.2623291015625,2.130760431289673,2.875370979309082,3.306304454803467,2.102949857711792,2.5019919872283936,-0.07221122831106186,-0.39194223284721375,-0.40820378065109253,-0.41084110736846924,-0.4164716601371765,-0.41706418991088867,-0.4180130362510681,-0.41962897777557373,-0.4206521809101105]
[-0.4204978048801422,-0.4186050295829773,-0.41970792412757874,-0.41720354557037354,-0.41758042573928833,-0.4161040186882019,-0.41624531149864197,-0.41480106115341187,-0.24376073479652405,2.2544476985931396,2.206092119216919,1.1826953887939453,-0.17610636353492737,0.4017389714717865,0.7463586330413818,0.7383754253387451,1.5075933933258057,2.0722811222076416,3.2042484283447266,1.4023572206497192,-0.3905562162399292,-0.40903720259666443,-0.4136209785938263,-0.4144982099533081,-0.41664743423461914,-0.4178467094898224,-0.4175885319709778,-0.4201605021953583]
[-0.42050641775131226,-0.4186846613883972,-0.4183836877346039,-0.41773322224617004,-0.41835153102874756,-0.4159478545188904,-0.41523855924606323,-0.41357991099357605,1.7238675355911255,2.788795232772827,1.856393814086914,0.3880837857723236,-0.4161726236343384,-0.4894886612892151,-0.35261473059654236,-0.49824798107147217,0.7172070741653442,2.0455574989318848,3.2714178562164307,1.4841861724853516,-0.38745182752609253,-0.4058353304862976,-0.40587347745895386,-0.4132174253463745,-0.41770973801612854,-0.41591212153434753,-0.4189358651638031,-0.4208099842071533]
[-0.41998526453971863,-0.41777923703193665,-0.4183958172798157,-0.4165024161338806,-0.41747671365737915,-0.41601836681365967,-0.41662898659706116,-0.4139319360256195,1.7463033199310303,2.481903553009033,1.4018664360046387,-0.3523509204387665,-0.40369904041290283,-0.4045211374759674,-0.3674953579902649,-0.5508695840835571,0.41553232073783875,2.3924381732940674,2.931638240814209,1.881209135055542,-0.20424439013004303,-0.4106711447238922,-0.3995457589626312,-0.4063225984573364,-0.41293272376060486,-0.4161685109138489,-0.4182036519050598,-0.4197525680065155]
[-0.4204045534133911,-0.41861292719841003,-0.41804683208465576,-0.4166114628314972,-0.4180675446987152,-0.4159541130065918,-0.4140785336494446,-0.412066787481308,-0.48551708459854126,0.37139928340911865,-0.349798321723938,-0.4004547595977783,-0.403469055891037,-0.42585209012031555,-0.39272645115852356,-0.5414251685142517,1.4902068376541138,2.408663511276245,2.635361433029175,2.6979808807373047,1.8676327466964722,0.3351878523826599,-0.407448947429657,-0.3962806761264801,-0.41035518050193787,-0.41332948207855225,-0.41647183895111084,-0.4176342189311981]
[-0.42009237408638,-0.4174615442752838,-0.4178653657436371,-0.41668257117271423,-0.41877052187919617,-0.41628921031951904,-0.41339337825775146,-0.4093734622001648,-0.40362924337387085,-0.3894605338573456,-0.3776986002922058,-0.4337078332901001,-0.3521430492401123,-0.3131413161754608,-0.4283486604690552,-0.13367106020450592,2.9545962810516357,3.28237247467041,2.703993320465088,3.1194469928741455,3.5215868949890137,2.0347299575805664,-0.3539043068885803,-0.3896821439266205,-0.40604862570762634,-0.4115687608718872,-0.41674578189849854,-0.4173257052898407]
[-0.41986438632011414,-0.41899606585502625,-0.4169301688671112,-0.41685011982917786,-0.4184824824333191,-0.4175635576248169,-0.41464799642562866,-0.413877934217453,-0.3454143702983856,0.6508468389511108,1.7363159656524658,2.0739893913269043,1.9395031929016113,1.7116457223892212,1.4581831693649292,2.6973307132720947,3.185007095336914,1.8498526811599731,2.942678451538086,2.7916860580444336,3.336215019226074,2.5723254680633545,0.3956190049648285,-0.39725789427757263,-0.41027331352233887,-0.41450944542884827,-0.41801878809928894,-0.41642165184020996]
[-0.42092007398605347,-0.41835060715675354,-0.4170595407485962,-0.41663438081741333,-0.41825181245803833,-0.4166410267353058,-0.4148114025592804,-0.4110508859157562,-0.21200665831565857,1.7080919742584229,2.823094606399536,2.9922096729278564,2.3367626667022705,2.643857955932617,2.6369218826293945,3.454136371612549,3.096353769302368,2.82334041595459,2.8352882862091064,2.758866548538208,2.986342668533325,2.7708725929260254,0.35589903593063354,-0.3879950940608978,-0.4127557873725891,-0.4190801680088043,-0.42049628496170044,-0.41788703203201294]
[-0.42107176780700684,-0.41871729493141174,-0.41684848070144653,-0.4167670011520386,-0.41777053475379944,-0.41610145568847656,-0.41603177785873413,-0.4136134684085846,-0.3621424436569214,-0.05927231162786484,1.9424035549163818,2.6177682876586914,2.5976569652557373,2.167820692062378,2.712660789489746,2.4893507957458496,3.0606517791748047,3.1728668212890625,2.655752658843994,2.6665711402893066,1.1322617530822754,-0.3011488914489746,-0.3745500445365906,-0.3928637206554413,-0.41284218430519104,-0.41930437088012695,-0.4208575487136841,-0.4178691804409027]
[-0.42166513204574585,-0.41826024651527405,-0.41759827733039856,-0.41585978865623474,-0.417093962430954,-0.41600531339645386,-0.41608572006225586,-0.4132707417011261,-0.40417909622192383,-0.40886926651000977,0.34305962920188904,1.9211375713348389,3.6226961612701416,2.6998069286346436,2.476560592651367,2.404207944869995,2.988569974899292,2.6272006034851074,2.731821298599243,0.7263789176940918,-0.41582873463630676,-0.3892614245414734,-0.4086659848690033,-0.4060859978199005,-0.41398048400878906,-0.41883325576782227,-0.42243629693984985,-0.41972172260284424]
[-0.4215777814388275,-0.41940271854400635,-0.4178117513656616,-0.41710737347602844,-0.4178231656551361,-0.41671210527420044,-0.41670721769332886,-0.41294431686401367,-0.40681496262550354,-0.39519068598747253,-0.44301605224609375,1.183007001876831,2.9759016036987305,2.7969729900360107,2.716082811355591,3.145169496536255,3.2755956649780273,2.7800326347351074,1.3030142784118652,-0.3461681008338928,-0.4019280970096588,-0.40463787317276,-0.4118676781654358,-0.4117717146873474,-0.41833996772766113,-0.4176670014858246,-0.42072275280952454,-0.42005184292793274]
[-0.4208430349826813,-0.41792818903923035,-0.41772690415382385,-0.4164164662361145,-0.4171130657196045,-0.4144054651260376,-0.41765734553337097,-0.4118737578392029,-0.4134775996208191,-0.40630021691322327,-0.4332107603549957,0.6043400764465332,2.2283968925476074,2.4903736114501953,2.1056714057922363,2.7871816158294678,2.851123094558716,2.03981614112854,-0.28936290740966797,-0.37673506140708923,-0.40101727843284607,-0.40523162484169006,-0.4136531949043274,-0.41438767313957214,-0.41913700103759766,-0.41896378993988037,-0.4207669198513031,-0.42142125964164734]
[-0.4202435612678528,-0.41753876209259033,-0.41712862253189087,-0.416598379611969,-0.4180366098880768,-0.41556021571159363,-0.4167608916759491,-0.4142538905143738,-0.41423580050468445,-0.4108823537826538,-0.41001468896865845,0.3202519118785858,1.8564908504486084,3.3183770179748535,2.432776927947998,2.998851776123047,3.3812472820281982,2.5297138690948486,-0.3725200593471527,-0.38381239771842957,-0.4071544110774994,-0.4125411808490753,-0.41812944412231445,-0.4176165759563446,-0.4202786982059479,-0.41949939727783203,-0.4207115173339844,-0.4218405783176422]
[-0.42068028450012207,-0.417939692735672,-0.4177664816379547,-0.4153882563114166,-0.41843757033348083,-0.41447097063064575,-0.41544109582901,-0.4152650535106659,-0.41439616680145264,-0.41011184453964233,-0.3930794596672058,0.6665884256362915,2.339296817779541,3.307384967803955,2.704770088195801,2.531291961669922,3.147979736328125,2.153263807296753,-0.38541603088378906,-0.39102545380592346,-0.40714380145072937,-0.4157145023345947,-0.4184187352657318,-0.41673699021339417,-0.41961556673049927,-0.4186544716358185,-0.4200480580329895,-0.4213821589946747]
[-0.41984257102012634,-0.41799935698509216,-0.41829878091812134,-0.41587841510772705,-0.41886064410209656,-0.4158676862716675,-0.41553089022636414,-0.4163375794887543,-0.41435256600379944,-0.4085608422756195,-0.44278815388679504,1.1420108079910278,2.8244998455047607,2.722944498062134,2.4665229320526123,2.452759027481079,3.0231966972351074,0.765853762626648,-0.3778168857097626,-0.3939998745918274,-0.41177529096603394,-0.4159398078918457,-0.4182256758213043,-0.4183386564254761,-0.41922083497047424,-0.41891875863075256,-0.4211937189102173,-0.42126139998435974]
[-0.42102596163749695,-0.4179171025753021,-0.41881731152534485,-0.4157426357269287,-0.4182325303554535,-0.4170832931995392,-0.4156242311000824,-0.41501355171203613,-0.4136975407600403,-0.4082033634185791,-0.46597522497177124,1.253671407699585,3.260075807571411,2.239579677581787,2.340792417526245,2.734916925430298,3.5114481449127197,0.4279380142688751,-0.3783407211303711,-0.40128883719444275,-0.414664089679718,-0.41668957471847534,-0.41823849081993103,-0.41846591234207153,-0.41901737451553345,-0.41897836327552795,-0.4206118583679199,-0.4211452603340149]
[-0.4204748868942261,-0.418510764837265,-0.4192844331264496,-0.41806936264038086,-0.4184647798538208,-0.41683536767959595,-0.4163871705532074,-0.4177199602127075,-0.41099056601524353,-0.40869781374931335,-0.4081096053123474,1.8277301788330078,2.2589049339294434,2.9992496967315674,2.2745916843414307,2.4393937587738037,4.006033897399902,1.591552495956421,-0.4049113094806671,-0.41056737303733826,-0.4135449230670929,-0.41764652729034424,-0.419559121131897,-0.418183296918869,-0.41939783096313477,-0.41829928755760193,-0.4203101098537445,-0.4206101894378662]
[-0.41943278908729553,-0.41702744364738464,-0.4189372658729553,-0.41721731424331665,-0.4186507761478424,-0.4163825213909149,-0.4177064597606659,-0.41769465804100037,-0.4140781760215759,-0.40773147344589233,-0.5149911642074585,0.5830341577529907,2.7691993713378906,3.040073871612549,2.0836877822875977,1.4548697471618652,1.0461158752441406,-0.3382611870765686,-0.4012942612171173,-0.408128947019577,-0.4148012399673462,-0.41602563858032227,-0.41895461082458496,-0.41624516248703003,-0.4191038906574249,-0.4180222749710083,-0.4203726053237915,-0.42052894830703735]
[-0.41908881068229675,-0.416879802942276,-0.4186701774597168,-0.4180741608142853,-0.4190870225429535,-0.4179619252681732,-0.4189884066581726,-0.4206978678703308,-0.41664302349090576,-0.4112062454223633,-0.46101048588752747,-0.3578428030014038,0.44030776619911194,-0.37753477692604065,-0.38036084175109863,-0.3614676594734192,-0.41006648540496826,-0.3909446895122528,-0.4035942554473877,-0.407228946685791,-0.41445687413215637,-0.4173998534679413,-0.4190462529659271,-0.4182696044445038,-0.4194379150867462,-0.41848084330558777,-0.42102116346359253,-0.4204331934452057]
[-0.42080357670783997,-0.4175703525543213,-0.41893765330314636,-0.41704273223876953,-0.42001646757125854,-0.4183847904205322,-0.4173899292945862,-0.41715243458747864,-0.41777926683425903,-0.4136143624782562,-0.4188017249107361,-0.40386924147605896,-0.41267403960227966,-0.4033855199813843,-0.4225539565086365,-0.4218481779098511,-0.42808592319488525,-0.39937859773635864,-0.40522903203964233,-0.40784236788749695,-0.41365930438041687,-0.41412922739982605,-0.4183770716190338,-0.4169718027114868,-0.4188976585865021,-0.4177531898021698,-0.419944167137146,-0.4191931486129761]
[-0.4180546998977661,-0.4198002517223358,-0.4184751808643341,-0.41783303022384644,-0.41994789242744446,-0.4176620543003082,-0.41961869597435,-0.4188532531261444,-0.4208112359046936,-0.4200139343738556,-0.4184305667877197,-0.40355241298675537,-0.4067263603210449,-0.41703298687934875,-0.4183388650417328,-0.4190874993801117,-0.41786131262779236,-0.407866507768631,-0.41105011105537415,-0.41339999437332153,-0.416414737701416,-0.41754740476608276,-0.41912564635276794,-0.41821563243865967,-0.4204706847667694,-0.41966933012008667,-0.419415682554245,-0.41767820715904236]
