[-0.4178507626056671,-0.4185684025287628,-0.4197181463241577,-0.41832616925239563,-0.4199792444705963,-0.419971764087677,-0.4194580316543579,-0.4187176525592804,-0.41972815990448,-0.4193330407142639,-0.42048054933547974,-0.4178163409233093,-0.41946911811828613,-0.41594451665878296,-0.41632258892059326,-0.4149854779243469,-0.41463780403137207,-0.41740962862968445,-0.4184458255767822,-0.4163563847541809,-0.41576501727104187,-0.41662752628326416,-0.41625168919563293,-0.41575005650520325,-0.41757524013519287,-0.4171328842639923,-0.41586780548095703,-0.41241455078125]
[-0.42018449306488037,-0.4207945764064789,-0.4209487736225128,-0.42051735520362854,-0.42139822244644165,-0.42046692967414856,-0.42044347524642944,-0.41943588852882385,-0.4196564555168152,-0.4192841053009033,-0.4193761646747589,-0.41747772693634033,-0.4186074435710907,-0.4165770411491394,-0.41843506693840027,-0.4200730323791504,-0.4192466139793396,-0.4189293086528778,-0.4183948040008545,-0.41712453961372375,-0.4143994152545929,-0.41386663913726807,-0.4169204831123352,-0.41585060954093933,-0.41755345463752747,-0.4177224934101105,-0.4181676208972931,-0.4167649745941162]
[-0.42130640149116516,-0.4207318127155304,-0.4210563004016876,-0.4199120104312897,-0.4209945797920227,-0.4199773967266083,-0.4205012917518616,-0.4192615747451782,-0.42053529620170593,-0.4192503094673157,-0.4186705946922302,-0.4182755947113037,-0.41882121562957764,-0.41606515645980835,-0.4310062527656555,-0.3605148196220398,-0.41098251938819885,-0.4234609603881836,-0.41750162839889526,-0.41539910435676575,-0.4140346944332123,-0.4159034192562103,-0.41692808270454407,-0.41379880905151367,-0.41683050990104675,-0.4184590280056,-0.4193215072154999,-0.41770705580711365]
[-0.42154213786125183,-0.42075207829475403,-0.42047184705734253,-0.42012903094291687,-0.42142656445503235,-0.4200417101383209,-0.42081454396247864,-0.4194343388080597,-0.41997984051704407,-0.41963499784469604,-0.4177040755748749,-0.4174000918865204,-0.4177837073802948,-0.42007020115852356,-0.08459675312042236,-0.1134195476770401,-0.412673681974411,-0.41696009039878845,-0.41948240995407104,-0.4158462882041931,-0.4167879521846771,-0.4144761264324188,-0.4178564250469208,-0.414939284324646,-0.4169529676437378,-0.4159158170223236,-0.4198348820209503,-0.41730043292045593]
[-0.4207710325717926,-0.4213675558567047,-0.42036178708076477,-0.4197130799293518,-0.4209557771682739,-0.41971367597579956,-0.4211219549179077,-0.42007842659950256,-0.42054080963134766,-0.4188765585422516,-0.4174775779247284,-0.4171609580516815,-0.41119131445884705,-0.10476774722337723,0.9776767492294312,-0.049831897020339966,-0.40077832341194153,-0.4076281189918518,-0.4141230285167694,-0.41401976346969604,-0.4166456460952759,-0.41406577825546265,-0.41753074526786804,-0.4159003496170044,-0.4185883402824402,-0.4175352454185486,-0.42095473408699036,-0.41880810260772705]
[-0.4203861355781555,-0.42020919919013977,-0.42057883739471436,-0.41965118050575256,-0.42082542181015015,-0.41970959305763245,-0.42061176896095276,-0.4191860854625702,-0.42039352655410767,-0.419756680727005,-0.41780751943588257,-0.41166695952415466,-0.2378215193748474,1.773797869682312,1.869255781173706,-0.1522125005722046,-0.4011053442955017,-0.40644198656082153,-0.41682350635528564,-0.41261497139930725,-0.416874498128891,-0.41390320658683777,-0.4180796146392822,-0.41674503684043884,-0.4179263412952423,-0.41783809661865234,-0.4201681613922119,-0.41911113262176514]
[-0.42092400789260864,-0.41960129141807556,-0.41958287358283997,-0.41823554039001465,-0.4202125072479248,-0.41840460896492004,-0.4196166694164276,-0.4180588126182556,-0.4185405373573303,-0.4163130819797516,-0.40998825430870056,-0.40049809217453003,1.059960126876831,2.6172587871551514,2.1627726554870605,-0.33634060621261597,-0.4039933979511261,-0.40458402037620544,-0.41697949171066284,-0.41351160407066345,-0.4184455871582031,-0.4147648811340332,-0.41877883672714233,-0.41691118478775024,-0.41824769973754883,-0.4186144173145294,-0.41970294713974,-0.41857045888900757]
[-0.42146870493888855,-0.4193669557571411,-0.4199913740158081,-0.4190657436847687,-0.41940435767173767,-0.4180416166782379,-0.4191080927848816,-0.41784536838531494,-0.41728147864341736,-0.41465872526168823,-0.41105732321739197,0.27806779742240906,2.367521047592163,3.243581533432007,2.0475335121154785,-0.19419677555561066,-0.4018549919128418,-0.4102367162704468,-0.4137975573539734,-0.4160628020763397,-0.4174945056438446,-0.4156818091869354,-0.41868507862091064,-0.4170736074447632,-0.4194290339946747,-0.4192713797092438,-0.41978150606155396,-0.4194745123386383]
[-0.42158910632133484,-0.419268935918808,-0.41982582211494446,-0.4195094108581543,-0.41928473114967346,-0.41804301738739014,-0.4193260669708252,-0.41732698678970337,-0.4153759181499481,-0.40511634945869446,-0.006510011851787567,2.3568992614746094,2.4453177452087402,2.724231481552124,1.3384236097335815,-0.4033837616443634,-0.39937737584114075,-0.40984347462654114,-0.41431429982185364,-0.41309380531311035,-0.41760730743408203,-0.4158402979373932,-0.41816091537475586,-0.4161171317100525,-0.41918787360191345,-0.41854870319366455,-0.4200660288333893,-0.4177902638912201]
[-0.421382874250412,-0.419746458530426,-0.4199969470500946,-0.41907986998558044,-0.41903817653656006,-0.41861581802368164,-0.41857168078422546,-0.41779646277427673,-0.41199222207069397,-0.3763827085494995,1.1585865020751953,2.7426602840423584,1.5284792184829712,0.6537953615188599,-0.4026375710964203,-0.41234686970710754,-0.4028576910495758,-0.4079759120941162,-0.4108697474002838,-0.41438645124435425,-0.4166935980319977,-0.41904327273368835,-0.41949406266212463,-0.41737017035484314,-0.41894951462745667,-0.4190080761909485,-0.42053908109664917,-0.4183180034160614]
[-0.4214622676372528,-0.4198372960090637,-0.4201129376888275,-0.4190635681152344,-0.41890814900398254,-0.41830000281333923,-0.41699928045272827,-0.4141466021537781,-0.4034018814563751,0.10895849764347076,2.398129940032959,2.007018566131592,-0.06579926609992981,-0.4092790186405182,-0.40235188603401184,-0.4126559793949127,-0.40764009952545166,-0.41115397214889526,-0.4185808300971985,-0.4186604917049408,-0.41429001092910767,-0.412708580493927,-0.41858792304992676,-0.41890934109687805,-0.4188743233680725,-0.4185817837715149,-0.41947200894355774,-0.41664400696754456]
[-0.4208343029022217,-0.41982758045196533,-0.4202237129211426,-0.4192694425582886,-0.4195123016834259,-0.41806739568710327,-0.4173888564109802,-0.4138748049736023,-0.3851260244846344,0.8431657552719116,2.690220594406128,1.7602427005767822,-0.4296087622642517,-0.4041613042354584,-0.3982399106025696,-0.40473321080207825,-0.40199902653694153,-0.39690372347831726,-0.37874433398246765,-0.407230943441391,-0.4147697687149048,-0.4115554392337799,-0.4154079556465149,-0.41702646017074585,-0.4194299578666687,-0.41775456070899963,-0.418817937374115,-0.417081356048584]
[-0.4204476773738861,-0.4201614260673523,-0.41979554295539856,-0.4190588891506195,-0.41872987151145935,-0.41693639755249023,-0.416114866733551,-0.4102029800415039,-0.31141912937164307,1.9989173412322998,2.765364646911621,1.4700443744659424,-0.4357919692993164,-0.4297671616077423,-0.464238703250885,-0.43295353651046753,-0.24060988426208496,1.0582669973373413,1.6589559316635132,0.5176044702529907,-0.3897610902786255,-0.4146435558795929,-0.4124692976474762,-0.4154133200645447,-0.4176464080810547,-0.41741594672203064,-0.4193896949291229,-0.4172367751598358]
[-0.4204176664352417,-0.420123815536499,-0.41997161507606506,-0.41991662979125977,-0.42001399397850037,-0.41847410798072815,-0.4159300625324249,-0.4116523265838623,-0.23907488584518433,2.2847254276275635,2.7831695079803467,1.7709553241729736,0.9233982563018799,0.6382291316986084,1.074806571006775,1.6034802198410034,2.3582842350006104,2.38118577003479,2.7238872051239014,2.197951316833496,0.46483883261680603,-0.4162444770336151,-0.41223064064979553,-0.4140683114528656,-0.41904640197753906,-0.4179835617542267,-0.4191107153892517,-0.41774410009384155]
[-0.42014580965042114,-0.41865190863609314,-0.4188089370727539,-0.41873571276664734,-0.4193623661994934,-0.41616207361221313,-0.4151448607444763,-0.41140931844711304,-0.28889113664627075,1.5584979057312012,2.897803783416748,2.648681640625,1.6569443941116333,1.8373453617095947,3.0956273078918457,2.92870831489563,2.551604747772217,2.6467435359954834,2.9042060375213623,2.9113123416900635,1.7136762142181396,-0.09174838662147522,-0.4086586833000183,-0.41015782952308655,-0.4167384207248688,-0.417909175157547,-0.4177949130535126,-0.4184122681617737]
[-0.41967660188674927,-0.41718658804893494,-0.41987210512161255,-0.4193386137485504,-0.41913649439811707,-0.4166763126850128,-0.4174947440624237,-0.41170766949653625,-0.37429946660995483,-0.14204007387161255,1.9716451168060303,2.8602237701416016,2.2236273288726807,2.3614602088928223,2.1996471881866455,2.6026594638824463,2.98237681388855,2.784902811050415,2.6804964542388916,3.0368294715881348,2.41090989112854,0.951404333114624,-0.4077376127243042,-0.41044706106185913,-0.41301342844963074,-0.41689354181289673,-0.4171416461467743,-0.4182310104370117]
[-0.4202989637851715,-0.4179881811141968,-0.41910871863365173,-0.4188040494918823,-0.4180988073348999,-0.41645362973213196,-0.4182208180427551,-0.41385743021965027,-0.39687877893447876,-0.4243042469024658,0.7209559679031372,1.830936074256897,3.369159460067749,2.4257662296295166,2.967907190322876,1.695104718208313,1.955831527709961,2.6974294185638428,2.2766356468200684,2.925276279449463,2.8734230995178223,0.7612992525100708,-0.39641663432121277,-0.4076424241065979,-0.41321563720703125,-0.4168459177017212,-0.41859570145606995,-0.4186970591545105]
[-0.42024365067481995,-0.41888925433158875,-0.41905468702316284,-0.41926202178001404,-0.4189216196537018,-0.4178367257118225,-0.41915374994277954,-0.41432154178619385,-0.4016018807888031,-0.3921527862548828,-0.49045756459236145,1.2774423360824585,2.9299702644348145,2.422050714492798,2.76086688041687,1.0263819694519043,-0.43946170806884766,0.8893578052520752,2.182999849319458,2.9162919521331787,2.9175658226013184,0.8877146244049072,-0.38784974813461304,-0.4070812463760376,-0.41404497623443604,-0.4144190847873688,-0.41755878925323486,-0.4182679355144501]
[-0.4191562831401825,-0.4189770221710205,-0.41816627979278564,-0.4177907109260559,-0.4194817841053009,-0.4166671931743622,-0.4184163510799408,-0.4153319299221039,-0.4106634259223938,-0.4030168652534485,-0.4397565722465515,1.6797665357589722,2.7884035110473633,1.1451447010040283,0.2662293314933777,-0.45026689767837524,-0.28003549575805664,1.1213445663452148,2.385909080505371,2.9508121013641357,2.2833263874053955,0.5873011350631714,-0.39740249514579773,-0.40335187315940857,-0.41517841815948486,-0.41698411107063293,-0.4202437698841095,-0.419528067111969]
[-0.41885659098625183,-0.4184863567352295,-0.41856127977371216,-0.418663889169693,-0.41893842816352844,-0.41775718331336975,-0.4184151291847229,-0.4166231155395508,-0.40906864404678345,-0.4038217067718506,-0.0623156763613224,2.298495292663574,2.8996524810791016,-0.3848949372768402,-0.40448662638664246,-0.43939027190208435,1.3311679363250732,2.732950448989868,2.3575446605682373,2.7226545810699463,2.237611770629883,-0.3355306088924408,-0.3894374966621399,-0.4058505594730377,-0.41435813903808594,-0.41567158699035645,-0.41942769289016724,-0.4189612865447998]
[-0.4200061559677124,-0.41828739643096924,-0.417825311422348,-0.41717666387557983,-0.41889041662216187,-0.41615182161331177,-0.41643548011779785,-0.41589945554733276,-0.4114513099193573,-0.4092612862586975,1.0142780542373657,2.621978759765625,2.1644175052642822,-0.33122241497039795,-0.41100814938545227,-0.14596474170684814,1.8776121139526367,2.603742837905884,2.9004478454589844,2.519040584564209,1.5269399881362915,-0.3714035451412201,-0.3973025381565094,-0.40759724378585815,-0.4166792333126068,-0.41589483618736267,-0.42033910751342773,-0.42043372988700867]
[-0.42019122838974,-0.4182994067668915,-0.41823458671569824,-0.4173033833503723,-0.41858533024787903,-0.41656312346458435,-0.4158129394054413,-0.41441431641578674,-0.4116522967815399,-0.40736886858940125,1.4776101112365723,2.733120918273926,2.030545234680176,-0.3690546751022339,-0.36370593309402466,0.5048788785934448,1.591781735420227,1.5444984436035156,2.870974540710449,2.28830885887146,1.0198979377746582,-0.382305383682251,-0.40081027150154114,-0.41008082032203674,-0.4166997969150543,-0.4167403280735016,-0.42033669352531433,-0.4203049838542938]
[-0.4205092489719391,-0.419200599193573,-0.41819289326667786,-0.4165898263454437,-0.4185950458049774,-0.4166721999645233,-0.4173029959201813,-0.41429755091667175,-0.4158877730369568,-0.41040921211242676,-0.3892250061035156,0.576198935508728,0.32789328694343567,-0.3858667314052582,-0.3273177742958069,0.9164804220199585,1.9677481651306152,2.452803134918213,3.0477380752563477,2.1640615463256836,0.10771577060222626,-0.39365288615226746,-0.4032576084136963,-0.41275283694267273,-0.41794729232788086,-0.41720229387283325,-0.42000919580459595,-0.4194784164428711]
[-0.4199841022491455,-0.4190870523452759,-0.4181094169616699,-0.4179346561431885,-0.4193485677242279,-0.4182426333427429,-0.416064977645874,-0.41652026772499084,-0.4143635332584381,-0.4106196463108063,-0.46619781851768494,-0.44617050886154175,-0.40371522307395935,-0.40683186054229736,-0.20653629302978516,1.2548662424087524,2.156968116760254,3.089061737060547,2.7232625484466553,0.6618256568908691,-0.38893425464630127,-0.3988851308822632,-0.40626081824302673,-0.4136313498020172,-0.41675204038619995,-0.41746777296066284,-0.41882848739624023,-0.419253408908844]
[-0.419002890586853,-0.4173623025417328,-0.41737860441207886,-0.41759905219078064,-0.41870948672294617,-0.4158513844013214,-0.4162701964378357,-0.4157673716545105,-0.4162653088569641,-0.4098272919654846,-0.42756521701812744,-0.42262014746665955,-0.41379591822624207,-0.4126414954662323,-0.3068743944168091,0.3862207233905792,2.2413816452026367,2.3738644123077393,1.5870518684387207,0.23598730564117432,-0.4038386046886444,-0.4031824767589569,-0.41250815987586975,-0.41514691710472107,-0.4192790985107422,-0.4182610809803009,-0.4192403256893158,-0.4198327362537384]
[-0.4185006618499756,-0.4186559319496155,-0.4186466336250305,-0.41833868622779846,-0.4187532961368561,-0.41796785593032837,-0.41735777258872986,-0.41637122631073,-0.417616605758667,-0.4144047498703003,-0.4207790195941925,-0.42124372720718384,-0.42348378896713257,-0.41864970326423645,-0.3814554810523987,-0.29873964190483093,0.7584933042526245,1.0176217555999756,0.7941709756851196,-0.003611333668231964,-0.4053337872028351,-0.4090673327445984,-0.4149395227432251,-0.41683050990104675,-0.4188160300254822,-0.41845279932022095,-0.4191626310348511,-0.4194070100784302]
[-0.41950154304504395,-0.41739895939826965,-0.41965073347091675,-0.4191569685935974,-0.42058926820755005,-0.4193485975265503,-0.4194315969944,-0.41782841086387634,-0.41981711983680725,-0.41643255949020386,-0.4179660677909851,-0.41769781708717346,-0.4168948829174042,-0.4150499105453491,-0.40179243683815,-0.40135014057159424,-0.32558709383010864,0.5048191547393799,0.46803686022758484,-0.4083135426044464,-0.4108056128025055,-0.41503584384918213,-0.41884878277778625,-0.41840001940727234,-0.41773077845573425,-0.41763049364089966,-0.4186843931674957,-0.4167737364768982]
[-0.4176425337791443,-0.4196542203426361,-0.42040571570396423,-0.4200096130371094,-0.4222199022769928,-0.419834166765213,-0.4208141267299652,-0.42004159092903137,-0.4188033938407898,-0.42000192403793335,-0.42156538367271423,-0.4176645874977112,-0.41550683975219727,-0.4166968762874603,-0.4107761085033417,-0.40686941146850586,-0.3626335561275482,-0.3797743618488312,-0.40963393449783325,-0.4065611958503723,-0.41058623790740967,-0.4136362373828888,-0.4146220088005066,-0.41899263858795166,-0.41723036766052246,-0.41495516896247864,-0.41779017448425293,-0.41180792450904846]
