[-0.4177570641040802,-0.4189288318157196,-0.41931653022766113,-0.41887834668159485,-0.4204738140106201,-0.4197755753993988,-0.4202234148979187,-0.41935616731643677,-0.42112553119659424,-0.4196529984474182,-0.42048653960227966,-0.4190312325954437,-0.4212288558483124,-0.41907063126564026,-0.4190395176410675,-0.41645264625549316,-0.4193946123123169,-0.41898784041404724,-0.4183058440685272,-0.41736292839050293,-0.4196276366710663,-0.4196024537086487,-0.42146459221839905,-0.41848984360694885,-0.4161209166049957,-0.41694343090057373,-0.42158257961273193,-0.42219817638397217]
[-0.4195092022418976,-0.4191097617149353,-0.420474112033844,-0.41897207498550415,-0.4204634726047516,-0.4188891053199768,-0.4206106960773468,-0.41869214177131653,-0.4204108715057373,-0.4191729426383972,-0.41965213418006897,-0.417810320854187,-0.4204897880554199,-0.41841113567352295,-0.4192357063293457,-0.41742590069770813,-0.4199357032775879,-0.4168534576892853,-0.4184566140174866,-0.41793620586395264,-0.41801023483276367,-0.41726717352867126,-0.42092883586883545,-0.41778692603111267,-0.41807571053504944,-0.41720864176750183,-0.41801729798316956,-0.4187822639942169]
[-0.42049863934516907,-0.4188651144504547,-0.4209238290786743,-0.4191223084926605,-0.4200640618801117,-0.4182969033718109,-0.4201909899711609,-0.4195679724216461,-0.42118820548057556,-0.419822633266449,-0.42035651206970215,-0.4180590510368347,-0.418357789516449,-0.4180442690849304,-0.4165197014808655,-0.4159487187862396,-0.41737860441207886,-0.41750651597976685,-0.418298602104187,-0.4177764654159546,-0.4183829426765442,-0.417639821767807,-0.4184565246105194,-0.418533056974411,-0.4199899435043335,-0.41943004727363586,-0.4201338291168213,-0.4154333174228668]
[-0.41973355412483215,-0.4194481670856476,-0.4201918840408325,-0.41835370659828186,-0.4190639853477478,-0.41927221417427063,-0.41940149664878845,-0.4191319942474365,-0.419761061668396,-0.42092442512512207,-0.4202938675880432,-0.4184435307979584,-0.41708260774612427,-0.41722455620765686,-0.4181128442287445,-0.4139848053455353,-0.4122312664985657,-0.40918418765068054,-0.4113156497478485,-0.40853235125541687,-0.4065112769603729,-0.41092321276664734,-0.41524994373321533,-0.4193927049636841,-0.41900497674942017,-0.4201277494430542,-0.4188993275165558,-0.41765323281288147]
[-0.42048442363739014,-0.418472021818161,-0.42014560103416443,-0.4188597798347473,-0.4192397892475128,-0.41709500551223755,-0.4192482829093933,-0.4159717857837677,-0.4188201427459717,-0.41886699199676514,-0.41900113224983215,-0.41749295592308044,-0.4115673303604126,-0.4089483320713043,-0.4128754734992981,-0.3985832631587982,-0.4510718882083893,-0.39353033900260925,-0.4363085627555847,-0.41586482524871826,-0.4332874119281769,-0.4024725556373596,-0.41472098231315613,-0.4109981656074524,-0.41401392221450806,-0.41725966334342957,-0.41678735613822937,-0.4156743884086609]
[-0.4204661548137665,-0.4191269874572754,-0.41916322708129883,-0.41825348138809204,-0.4193434715270996,-0.4305761158466339,-0.417133629322052,-0.42114129662513733,-0.4189048409461975,-0.41629600524902344,-0.40845662355422974,-0.4148854911327362,-0.42689764499664307,-0.4026988446712494,-0.29438650608062744,0.36440226435661316,0.9958339929580688,1.4379712343215942,1.0600537061691284,0.6652135848999023,0.23431527614593506,0.04050491750240326,-0.41538965702056885,-0.4009365439414978,-0.41154831647872925,-0.4150567054748535,-0.41604405641555786,-0.41442468762397766]
[-0.42031657695770264,-0.4191904366016388,-0.41976940631866455,-0.4193611741065979,-0.42038676142692566,-0.20116370916366577,0.27583152055740356,-0.3065050542354584,-0.4227603077888489,-0.4268440902233124,-0.4526822566986084,-0.33379337191581726,0.5896161794662476,1.9882616996765137,2.1547508239746094,2.6764938831329346,2.7264130115509033,2.710712432861328,3.0256993770599365,3.0629842281341553,2.924692153930664,1.8242062330245972,-0.4022424817085266,-0.4002268612384796,-0.4090103209018707,-0.4141957461833954,-0.41862425208091736,-0.4131520986557007]
[-0.4203038513660431,-0.41914448142051697,-0.41743454337120056,-0.41805922985076904,-0.32942456007003784,0.8186593055725098,1.1519904136657715,1.4739083051681519,0.38466712832450867,0.6985456943511963,1.0780550241470337,2.1146650314331055,2.7091686725616455,2.8144774436950684,2.3019351959228516,2.498246908187866,2.4630165100097656,2.610733985900879,2.1898388862609863,2.4196763038635254,3.1222572326660156,2.2386081218719482,-0.30463582277297974,-0.40537649393081665,-0.4069315791130066,-0.4157688319683075,-0.41626715660095215,-0.4131245017051697]
[-0.4199243485927582,-0.4189032316207886,-0.41715937852859497,-0.4178909361362457,-0.4034407138824463,-0.34749019145965576,-0.18721944093704224,1.0793321132659912,0.9217904806137085,2.6486449241638184,2.7379097938537598,2.8596391677856445,2.4083731174468994,2.59102201461792,2.763643264770508,2.6972501277923584,3.214756488800049,3.4783010482788086,2.9405341148376465,2.548668622970581,3.0129098892211914,1.8636094331741333,-0.3789955973625183,-0.3988960087299347,-0.4114598333835602,-0.41661590337753296,-0.41902443766593933,-0.41458073258399963]
[-0.4201873242855072,-0.41838783025741577,-0.4175679087638855,-0.41823241114616394,-0.41668787598609924,-0.41005823016166687,-0.3771412968635559,-0.35743647813796997,0.21042069792747498,2.364995002746582,2.631246328353882,2.41652774810791,2.809535264968872,2.933314323425293,3.438014507293701,2.681345224380493,2.604386329650879,2.260740280151367,3.0967555046081543,2.7021279335021973,3.313344717025757,2.176419258117676,-0.30839312076568604,-0.39768001437187195,-0.40834417939186096,-0.4155381917953491,-0.4178487956523895,-0.4138529300689697]
[-0.4204493761062622,-0.41882339119911194,-0.4183739721775055,-0.4163813591003418,-0.4176456928253174,-0.41889575123786926,-0.40574121475219727,-0.418515145778656,0.11786249279975891,2.5217466354370117,2.5725698471069336,2.7478411197662354,2.5799617767333984,2.487492322921753,1.9341025352478027,0.7777814865112305,0.06747327744960785,1.2923609018325806,2.7165122032165527,2.8399884700775146,2.6856298446655273,1.8747272491455078,-0.36199015378952026,-0.4043816924095154,-0.4070505201816559,-0.41745835542678833,-0.4200862646102905,-0.41687431931495667]
[-0.4196738600730896,-0.41821715235710144,-0.417961061000824,-0.4171887934207916,-0.4190616309642792,-0.41775980591773987,-0.40664395689964294,-0.4266764521598816,0.03582592308521271,2.691276788711548,2.8826963901519775,3.3896942138671875,2.5952022075653076,1.4821566343307495,-0.2544630169868469,-0.330871045589447,-0.3545946776866913,-0.28941547870635986,1.1509573459625244,2.7459185123443604,2.9844956398010254,2.369760751724243,0.07373857498168945,-0.3985583484172821,-0.4061722457408905,-0.4157204031944275,-0.41981175541877747,-0.41615018248558044]
[-0.41995489597320557,-0.41801199316978455,-0.41829681396484375,-0.4171694219112396,-0.4199247658252716,-0.4154888093471527,-0.411194384098053,-0.4176241457462311,0.9414643049240112,2.7174150943756104,2.94303297996521,1.8164467811584473,-0.007080443203449249,-0.3718843460083008,-0.386435329914093,-0.3916196823120117,-0.41106539964675903,-0.4555205702781677,-0.04230431467294693,2.0399980545043945,2.8782825469970703,3.3373863697052,0.8559665679931641,-0.36854028701782227,-0.4065135419368744,-0.41548681259155273,-0.42040467262268066,-0.4194008409976959]
[-0.4207695722579956,-0.4183416962623596,-0.4169342517852783,-0.4152927100658417,-0.41880205273628235,-0.4151945114135742,-0.4078434109687805,-0.3008340001106262,2.010791063308716,3.4318132400512695,1.3535481691360474,-0.3101312518119812,-0.3506334125995636,-0.3863939344882965,-0.3881310224533081,-0.3933809697628021,-0.40650108456611633,-0.4044244885444641,-0.5482456088066101,2.030449867248535,2.8317129611968994,2.2290306091308594,0.864168643951416,-0.3674963116645813,-0.40887555480003357,-0.4165390729904175,-0.4195774495601654,-0.41757696866989136]
[-0.42005032300949097,-0.4174167215824127,-0.416913777589798,-0.41570186614990234,-0.41713574528694153,-0.41613078117370605,-0.4449814558029175,0.7799824476242065,3.433274030685425,1.9612736701965332,-0.3930727541446686,-0.39678826928138733,-0.3963138461112976,-0.403555691242218,-0.4093153774738312,-0.40746012330055237,-0.4154559373855591,-0.42598798871040344,-0.15956468880176544,2.063387393951416,2.730107307434082,2.730759620666504,0.4206583797931671,-0.3736015856266022,-0.4083854854106903,-0.41592007875442505,-0.41827860474586487,-0.4177546501159668]
[-0.41880953311920166,-0.4166657030582428,-0.41617289185523987,-0.4132051467895508,-0.4166061282157898,-0.4117324948310852,-0.3849581778049469,2.0897419452667236,3.1791539192199707,-0.36983099579811096,-0.37201428413391113,-0.3911427855491638,-0.3965507447719574,-0.4081435203552246,-0.4113632142543793,-0.4110807776451111,-0.4157939851284027,-0.4408842623233795,0.5571626424789429,2.4643394947052,3.0474560260772705,2.434460401535034,-0.3021542429924011,-0.38791632652282715,-0.41155287623405457,-0.417416512966156,-0.41929808259010315,-0.41599857807159424]
[-0.4200373589992523,-0.41782233119010925,-0.4149792492389679,-0.4099372625350952,-0.4042433500289917,-0.358944833278656,0.9032183885574341,3.193904161453247,2.7601351737976074,-0.5075173377990723,-0.3815549612045288,-0.39000970125198364,-0.40944111347198486,-0.40234437584877014,-0.41616255044937134,-0.4062172472476959,-0.401170015335083,-0.4453084170818329,1.0903663635253906,2.8007640838623047,3.062696695327759,1.4079161882400513,-0.3852887749671936,-0.3983970880508423,-0.412786602973938,-0.4169533848762512,-0.4194481670856476,-0.41823017597198486]
[-0.41840699315071106,-0.4170968532562256,-0.41447344422340393,-0.4131019115447998,-0.416448175907135,0.30018937587738037,2.8128511905670166,2.974947214126587,2.9779117107391357,0.36469608545303345,-0.39174091815948486,-0.3906767964363098,-0.4061477482318878,-0.4070513844490051,-0.41918033361434937,-0.40821078419685364,-0.3814162015914917,-0.4187769293785095,1.857604742050171,2.87135648727417,2.2774088382720947,-0.26936453580856323,-0.39768779277801514,-0.4049450755119324,-0.41462844610214233,-0.4167895019054413,-0.41912657022476196,-0.41935834288597107]
[-0.41941750049591064,-0.41623151302337646,-0.4136345684528351,-0.41463547945022583,-0.41775307059288025,0.9948846101760864,2.315213203430176,2.6349587440490723,2.8399248123168945,0.8654444217681885,-0.31820982694625854,-0.36259424686431885,-0.38624125719070435,-0.41334328055381775,-0.40973588824272156,-0.4066286087036133,-0.3766951262950897,-0.05732297524809837,2.289830207824707,3.460615634918213,1.3461732864379883,-0.3599022328853607,-0.4058355391025543,-0.41122105717658997,-0.4167805314064026,-0.419445276260376,-0.4202711582183838,-0.4190603196620941]
[-0.418267160654068,-0.4187468886375427,-0.41458743810653687,-0.4073679447174072,-0.43568897247314453,0.9123950004577637,2.165341854095459,2.4241857528686523,0.7391833066940308,0.6163619756698608,-0.16857275366783142,-0.41986921429634094,-0.4182789921760559,-0.4255026876926422,-0.4141712486743927,-0.45854833722114563,0.3233524262905121,2.290700674057007,2.6600749492645264,2.484771251678467,-0.2957885265350342,-0.3917660713195801,-0.40750205516815186,-0.41575706005096436,-0.41748058795928955,-0.4190603792667389,-0.41933032870292664,-0.4203428328037262]
[-0.41699156165122986,-0.41612508893013,-0.41207268834114075,-0.4013945162296295,-0.39417123794555664,-0.2854180335998535,1.0897326469421387,3.042452096939087,1.6810555458068848,2.454697370529175,1.6954889297485352,0.1525181531906128,0.45185139775276184,0.3347732424736023,0.8662225008010864,2.311487913131714,2.7319629192352295,2.616783380508423,2.5627501010894775,0.3718649446964264,-0.39434999227523804,-0.40696948766708374,-0.4150625765323639,-0.4154919981956482,-0.4188636541366577,-0.4194892644882202,-0.4194725453853607,-0.42028963565826416]
[-0.4177776873111725,-0.4157869219779968,-0.4150223433971405,-0.40607771277427673,-0.39011240005493164,-0.31301331520080566,-0.25104212760925293,2.2528998851776123,2.8436193466186523,2.4375784397125244,3.2395589351654053,2.6570074558258057,3.2934701442718506,3.2937839031219482,2.3857767581939697,2.7618660926818848,2.4631330966949463,1.5740491151809692,0.8371027708053589,-0.3550511598587036,-0.4080635905265808,-0.41235846281051636,-0.419012188911438,-0.41656258702278137,-0.417936235666275,-0.4186718463897705,-0.4192533493041992,-0.419576495885849]
[-0.41891276836395264,-0.4129562973976135,-0.41753703355789185,-0.4081144630908966,-0.41278523206710815,-0.4233648180961609,-0.38639771938323975,-0.6163502931594849,1.0822960138320923,1.430755853652954,2.008453607559204,2.547994613647461,2.766782283782959,2.095757246017456,2.549741744995117,1.5052610635757446,0.17505142092704773,-0.2891581356525421,-0.3963879942893982,-0.39807701110839844,-0.4154832661151886,-0.4152337312698364,-0.4189497232437134,-0.417169988155365,-0.41967207193374634,-0.41822731494903564,-0.4196842908859253,-0.41928672790527344]
[-0.4165290892124176,-0.41589993238449097,-0.4216351807117462,-0.4107512831687927,-0.41847339272499084,-0.4158955216407776,-0.3654059171676636,-0.411589652299881,-0.3552800714969635,-0.3928442895412445,-0.39726021885871887,-0.3353940546512604,-0.31435340642929077,-0.26880699396133423,-0.311048686504364,-0.30277353525161743,-0.374209463596344,-0.404166579246521,-0.4168412983417511,-0.40847569704055786,-0.4144175946712494,-0.4164935350418091,-0.4199373126029968,-0.41886407136917114,-0.4194522500038147,-0.41900041699409485,-0.420161634683609,-0.4189503490924835]
[-0.41965246200561523,-0.41502314805984497,-0.41844865679740906,-0.41040706634521484,-0.4145461320877075,-0.413034588098526,-0.3952893316745758,-0.40531113743782043,-0.39972609281539917,-0.42085129022598267,-0.4262276291847229,-0.4299814701080322,-0.40585535764694214,-0.39321109652519226,-0.41554033756256104,-0.4108247458934784,-0.423363596200943,-0.4245030879974365,-0.4259381890296936,-0.4115629196166992,-0.41803643107414246,-0.41809165477752686,-0.41949737071990967,-0.4185766577720642,-0.41968676447868347,-0.4184425175189972,-0.4202822148799896,-0.4192752242088318]
[-0.4196833670139313,-0.41869714856147766,-0.4201793074607849,-0.4124618470668793,-0.4190654158592224,-0.4192606508731842,-0.4091327488422394,-0.40281563997268677,-0.39572638273239136,-0.4143577814102173,-0.41678646206855774,-0.42786309123039246,-0.4205002784729004,-0.4190554618835449,-0.4226924180984497,-0.42426595091819763,-0.4216686487197876,-0.4217089116573334,-0.42124611139297485,-0.41827213764190674,-0.41862648725509644,-0.41826146841049194,-0.41875359416007996,-0.4187411963939667,-0.41894271969795227,-0.4193403720855713,-0.4201745092868805,-0.4196758568286896]
[-0.42509371042251587,-0.42158961296081543,-0.42095887660980225,-0.41529345512390137,-0.42090433835983276,-0.417542427778244,-0.41782766580581665,-0.4079737365245819,-0.415539413690567,-0.4210907220840454,-0.42010873556137085,-0.42432278394699097,-0.4255755543708801,-0.4216921329498291,-0.4171658754348755,-0.4149075448513031,-0.4145175814628601,-0.4170876145362854,-0.42352917790412903,-0.41780343651771545,-0.41786953806877136,-0.41617777943611145,-0.4178750514984131,-0.4184007942676544,-0.41957560181617737,-0.4180436134338379,-0.4194306433200836,-0.4180845022201538]
[-0.4233536124229431,-0.42425018548965454,-0.419563889503479,-0.4189976751804352,-0.42322981357574463,-0.42049774527549744,-0.4190497398376465,-0.41450726985931396,-0.4156336188316345,-0.41298091411590576,-0.41522204875946045,-0.4157882332801819,-0.4209651052951813,-0.417109876871109,-0.4135952591896057,-0.41353505849838257,-0.4149928092956543,-0.41671401262283325,-0.4209032356739044,-0.41857272386550903,-0.41804006695747375,-0.41766640543937683,-0.41814422607421875,-0.41972073912620544,-0.4196944832801819,-0.4192289113998413,-0.4188450574874878,-0.4175368845462799]
