[-0.41603052616119385,-0.417763888835907,-0.41971999406814575,-0.4184708595275879,-0.42033514380455017,-0.41930148005485535,-0.41963765025138855,-0.41838064789772034,-0.42096439003944397,-0.4191562831401825,-0.42231619358062744,-0.41870009899139404,-0.42281073331832886,-0.42065146565437317,-0.419832319021225,-0.42007601261138916,-0.42001405358314514,-0.4199146330356598,-0.41878095269203186,-0.4171285629272461,-0.4172843396663666,-0.4146549701690674,-0.41465669870376587,-0.4148614704608917,-0.4154851734638214,-0.4154091775417328,-0.4146122932434082,-0.4088582992553711]
[-0.4188723564147949,-0.4195493161678314,-0.4203995168209076,-0.41933685541152954,-0.4212062656879425,-0.4193861782550812,-0.41902944445610046,-0.41859740018844604,-0.41887760162353516,-0.4188361167907715,-0.42064836621284485,-0.4172721207141876,-0.42154115438461304,-0.4190058708190918,-0.41788527369499207,-0.4141327142715454,-0.4171035885810852,-0.4177176058292389,-0.41958922147750854,-0.4175262451171875,-0.41613373160362244,-0.41482189297676086,-0.4165310561656952,-0.4165126085281372,-0.4175603687763214,-0.41786646842956543,-0.4192003011703491,-0.41545331478118896]
[-0.4207850992679596,-0.4197419285774231,-0.42086634039878845,-0.4201371371746063,-0.4214038848876953,-0.4198033809661865,-0.41990387439727783,-0.4190044105052948,-0.41923314332962036,-0.4189518392086029,-0.41847333312034607,-0.4180182218551636,-0.4186663329601288,-0.41573014855384827,-0.4233531653881073,-0.4152950644493103,-0.41120603680610657,-0.4162660241127014,-0.41926586627960205,-0.4166640639305115,-0.41762885451316833,-0.41745996475219727,-0.41858038306236267,-0.4162093698978424,-0.4181250333786011,-0.41819387674331665,-0.4207209050655365,-0.41771119832992554]
[-0.4207012355327606,-0.4205489754676819,-0.421388179063797,-0.4204818904399872,-0.4213451147079468,-0.419540673494339,-0.41989395022392273,-0.41841933131217957,-0.4191751480102539,-0.4187967777252197,-0.4172214865684509,-0.4165067672729492,-0.41860905289649963,-0.39157816767692566,-0.26851338148117065,-0.34182146191596985,-0.4099961519241333,-0.40942054986953735,-0.4196591079235077,-0.4163878858089447,-0.4193785786628723,-0.4155825674533844,-0.418856143951416,-0.41655832529067993,-0.4180014431476593,-0.4172598719596863,-0.42028528451919556,-0.41810518503189087]
[-0.4202316403388977,-0.42029452323913574,-0.42053118348121643,-0.4195408821105957,-0.42052796483039856,-0.41924527287483215,-0.42011508345603943,-0.41894960403442383,-0.41922327876091003,-0.4163987338542938,-0.41317328810691833,-0.41211575269699097,-0.3874133825302124,1.0886770486831665,1.7540138959884644,0.574013352394104,-0.4054332971572876,-0.4071939289569855,-0.4200747609138489,-0.41713225841522217,-0.4183220863342285,-0.4174933135509491,-0.4183794856071472,-0.4172878861427307,-0.41800373792648315,-0.4180281162261963,-0.42035889625549316,-0.419237345457077]
[-0.4210244417190552,-0.4205186069011688,-0.4204350411891937,-0.4199818968772888,-0.4202321171760559,-0.41951221227645874,-0.4199323356151581,-0.4194542467594147,-0.4182855784893036,-0.41468799114227295,-0.4072827100753784,-0.37878239154815674,1.2051652669906616,2.6019608974456787,2.1517107486724854,-0.3675866425037384,-0.4035632908344269,-0.4119209051132202,-0.41913411021232605,-0.4163772463798523,-0.4192809760570526,-0.4162442684173584,-0.41858580708503723,-0.41681191325187683,-0.41817089915275574,-0.41839537024497986,-0.4192938804626465,-0.41910088062286377]
[-0.42196813225746155,-0.42034927010536194,-0.4210908114910126,-0.42023852467536926,-0.42041996121406555,-0.4192337989807129,-0.41949158906936646,-0.4181010127067566,-0.41702401638031006,-0.41653674840927124,-0.4019795060157776,0.9684387445449829,2.8248722553253174,3.2388758659362793,1.3347747325897217,-0.37015122175216675,-0.4040454626083374,-0.41096556186676025,-0.41779184341430664,-0.4131729006767273,-0.42043545842170715,-0.41630497574806213,-0.41716456413269043,-0.41781821846961975,-0.41802293062210083,-0.4193018078804016,-0.42044079303741455,-0.41959822177886963]
[-0.42194148898124695,-0.42076629400253296,-0.4218519330024719,-0.4202359616756439,-0.4196411073207855,-0.4190753400325775,-0.4195726215839386,-0.41814249753952026,-0.416334331035614,-0.41268619894981384,0.4332960546016693,2.7580323219299316,2.220019578933716,1.9965732097625732,-0.3620627522468567,-0.3910890519618988,-0.4040263891220093,-0.4142783582210541,-0.4165419936180115,-0.4176798462867737,-0.41705435514450073,-0.41618409752845764,-0.4186260402202606,-0.41598600149154663,-0.4185774624347687,-0.4190732538700104,-0.42055952548980713,-0.420358270406723]
[-0.4209058880805969,-0.42033833265304565,-0.42111167311668396,-0.42051464319229126,-0.4198594391345978,-0.4184180200099945,-0.4186750054359436,-0.4163057208061218,-0.4034510850906372,-0.21690583229064941,1.7180018424987793,2.0866353511810303,1.7996543645858765,-0.31230103969573975,-0.3931823670864105,-0.4061843752861023,-0.4090119004249573,-0.4125918745994568,-0.42247700691223145,-0.414929062128067,-0.4184851050376892,-0.41633957624435425,-0.41795629262924194,-0.41702646017074585,-0.4181872010231018,-0.4183039665222168,-0.42078661918640137,-0.41978785395622253]
[-0.42015817761421204,-0.4196394979953766,-0.4215337634086609,-0.42014890909194946,-0.4192301034927368,-0.4173740744590759,-0.4189591109752655,-0.4155574142932892,-0.4154066741466522,0.35185548663139343,2.482452869415283,2.5859696865081787,1.8121165037155151,-0.3890080451965332,-0.3941817283630371,-0.4121576249599457,-0.4110373556613922,-0.40587714314460754,-0.4144497215747833,-0.4156109392642975,-0.41294679045677185,-0.41657352447509766,-0.41680288314819336,-0.4188643991947174,-0.41993510723114014,-0.41928091645240784,-0.42091625928878784,-0.4197690784931183]
[-0.4204005300998688,-0.41886594891548157,-0.42147552967071533,-0.41898486018180847,-0.4194971024990082,-0.41835129261016846,-0.4172597825527191,-0.4166334271430969,-0.4077386260032654,0.3252701461315155,2.4805734157562256,2.7107369899749756,1.5105208158493042,-0.4133908748626709,-0.3983808159828186,-0.41115230321884155,-0.4291042387485504,-0.42217084765434265,-0.40240535140037537,-0.40999093651771545,-0.40718603134155273,-0.41113510727882385,-0.41750845313072205,-0.4188525974750519,-0.4182448089122772,-0.41903457045555115,-0.42037567496299744,-0.41956284642219543]
[-0.421352744102478,-0.41948390007019043,-0.42078328132629395,-0.41956090927124023,-0.41993993520736694,-0.4187283217906952,-0.41740384697914124,-0.41329270601272583,-0.4024055302143097,-0.35752230882644653,1.6903082132339478,2.986685037612915,1.8208975791931152,-0.15159402787685394,-0.257945716381073,-0.08106821030378342,0.20180347561836243,1.0659018754959106,0.010611936450004578,-0.40680235624313354,-0.4067594110965729,-0.4144781529903412,-0.4156411290168762,-0.4164111614227295,-0.4180313050746918,-0.41710665822029114,-0.4208458364009857,-0.4198864698410034]
[-0.4208061993122101,-0.41897937655448914,-0.42044857144355774,-0.41971662640571594,-0.4195489287376404,-0.4175160229206085,-0.41659730672836304,-0.4135957956314087,-0.40656954050064087,-0.39887580275535583,1.280372142791748,2.419440269470215,3.182096242904663,1.8699778318405151,2.389925241470337,2.4769818782806396,2.0309245586395264,1.6570281982421875,0.742477297782898,0.06336984038352966,-0.402366578578949,-0.4168377220630646,-0.4136923849582672,-0.4158564507961273,-0.4158535599708557,-0.4168713092803955,-0.4210740327835083,-0.41891422867774963]
[-0.4204246699810028,-0.42009565234184265,-0.42000657320022583,-0.41995877027511597,-0.4192018508911133,-0.41839325428009033,-0.4182451069355011,-0.4129614233970642,-0.4062020778656006,-0.3942723870277405,0.5791134834289551,2.491717576980591,2.3518106937408447,2.195385694503784,3.1934523582458496,2.396820068359375,1.439372181892395,0.06715157628059387,0.212985098361969,0.7321513891220093,-0.4107082784175873,-0.4338863790035248,-0.4127426743507385,-0.4157980978488922,-0.41706305742263794,-0.41673165559768677,-0.42015331983566284,-0.4187115728855133]
[-0.42137372493743896,-0.4195902347564697,-0.41926300525665283,-0.41911858320236206,-0.4192715585231781,-0.4179604649543762,-0.41870149970054626,-0.41380032896995544,-0.40856656432151794,-0.40009310841560364,1.4351251125335693,3.027784824371338,2.409238576889038,1.904782772064209,2.909594774246216,2.137948513031006,0.9931573867797852,0.6635398864746094,0.3984030783176422,0.809116005897522,0.5848081111907959,-0.35728949308395386,-0.41282224655151367,-0.40553370118141174,-0.4156794846057892,-0.4157998859882355,-0.4191538691520691,-0.41884440183639526]
[-0.4218813180923462,-0.41959327459335327,-0.42064762115478516,-0.4189869463443756,-0.41941365599632263,-0.41603702306747437,-0.4187794625759125,-0.40931591391563416,-0.39851072430610657,-0.23725000023841858,2.374034881591797,2.5791237354278564,2.127673864364624,2.078625440597534,2.5137898921966553,1.796324610710144,1.0690997838974,0.8227585554122925,0.014415383338928223,1.6961722373962402,2.201493740081787,0.9250614643096924,-0.40817025303840637,-0.4076613187789917,-0.411237508058548,-0.416708767414093,-0.41911768913269043,-0.41905078291893005]
[-0.4209671914577484,-0.41924309730529785,-0.4190329909324646,-0.41801121830940247,-0.4177189767360687,-0.41394391655921936,-0.41876891255378723,-0.41130825877189636,-0.47958916425704956,1.8884251117706299,2.5186774730682373,1.5564837455749512,2.5945708751678467,2.211682081222534,2.319579601287842,-0.5146636366844177,-0.28971460461616516,-0.18094581365585327,-0.27760082483291626,1.7726526260375977,2.6198601722717285,1.5126014947891235,-0.3960481882095337,-0.4092569649219513,-0.4129103124141693,-0.4152190387248993,-0.4198417067527771,-0.4187191426753998]
[-0.4202861189842224,-0.4189229905605316,-0.4185863137245178,-0.41704896092414856,-0.417485773563385,-0.4155513346195221,-0.4182075560092926,-0.4056336581707001,-0.5317037105560303,2.3380987644195557,2.329218864440918,1.748881459236145,1.60629141330719,-0.26500755548477173,-0.37142664194107056,-0.34661805629730225,-0.48722195625305176,-0.4459148049354553,0.7735104560852051,2.59460186958313,3.1406872272491455,1.5432461500167847,-0.39690402150154114,-0.4092075526714325,-0.415576308965683,-0.41488730907440186,-0.4186835289001465,-0.41925889253616333]
[-0.4200194478034973,-0.41810163855552673,-0.4191395938396454,-0.41727039217948914,-0.41587936878204346,-0.41448065638542175,-0.4149433374404907,-0.40929609537124634,-0.4284766614437103,2.9579694271087646,2.409569501876831,2.5981574058532715,-0.5079003572463989,-0.3860190510749817,-0.40683770179748535,-0.39043766260147095,-0.39693596959114075,-0.4682426154613495,1.5138461589813232,2.5193679332733154,2.6781327724456787,0.7356417179107666,-0.404329389333725,-0.4020618796348572,-0.4141279458999634,-0.4167042672634125,-0.41964900493621826,-0.41934141516685486]
[-0.421487420797348,-0.4188176989555359,-0.4199400544166565,-0.41691309213638306,-0.41549918055534363,-0.4135473668575287,-0.41654956340789795,-0.4038277566432953,-0.6174829006195068,1.8195791244506836,2.8654394149780273,2.0412187576293945,-0.3822656273841858,-0.39268067479133606,-0.41433343291282654,-0.4241085946559906,-0.4230901896953583,-0.18122950196266174,2.1400609016418457,2.704570770263672,1.8507646322250366,-0.31984391808509827,-0.3914593756198883,-0.40497809648513794,-0.41561368107795715,-0.4168889820575714,-0.4204631447792053,-0.4213869273662567]
[-0.4201483726501465,-0.41712868213653564,-0.41946324706077576,-0.41596370935440063,-0.4166848063468933,-0.4112773835659027,-0.41318070888519287,-0.40047672390937805,-0.4071609079837799,2.9956576824188232,2.8263750076293945,0.9325870275497437,-0.6053202748298645,-0.3472120761871338,-0.39369451999664307,-0.5082966089248657,-0.8813146352767944,0.6240012645721436,2.2838096618652344,2.642146110534668,0.7876461744308472,-0.3805876076221466,-0.39227157831192017,-0.4084097146987915,-0.41682329773902893,-0.4165486693382263,-0.4206882417201996,-0.4206155240535736]
[-0.4195191562175751,-0.41871586441993713,-0.42092791199684143,-0.41819849610328674,-0.4181128144264221,-0.4118974208831787,-0.4136529862880707,-0.4079037606716156,-0.4434107840061188,3.080294370651245,3.0821681022644043,1.1235941648483276,0.17560499906539917,-0.5026276111602783,-0.2909467816352844,-0.8200327157974243,0.6401307582855225,1.413834571838379,2.766371726989746,2.3580667972564697,0.2584276795387268,-0.4023450016975403,-0.4038282632827759,-0.4135369658470154,-0.41750407218933105,-0.41775771975517273,-0.42132651805877686,-0.4209159314632416]
[-0.42033541202545166,-0.41747525334358215,-0.41867250204086304,-0.41672641038894653,-0.41746750473976135,-0.41230371594429016,-0.4137788712978363,-0.4100538194179535,-0.39574840664863586,1.3220874071121216,2.9766530990600586,2.618422508239746,2.455028533935547,0.8374963998794556,4.080671310424805,3.173145294189453,2.658107042312622,3.3992578983306885,2.7162234783172607,1.0110816955566406,-0.3876865804195404,-0.4042666554450989,-0.4072752892971039,-0.4142676889896393,-0.4182676374912262,-0.41795963048934937,-0.4203629195690155,-0.4199184775352478]
[-0.4199466407299042,-0.4184480607509613,-0.41973695158958435,-0.41975557804107666,-0.41810283064842224,-0.41408491134643555,-0.4144686162471771,-0.4140147864818573,-0.3472924828529358,-0.17043736577033997,2.0019547939300537,2.652395725250244,2.8933472633361816,2.970766067504883,4.290525913238525,3.3680577278137207,2.9359631538391113,2.2737746238708496,-0.4087126851081848,-0.23998138308525085,-0.39181041717529297,-0.4039671719074249,-0.41594651341438293,-0.4164605736732483,-0.4190240502357483,-0.4174937903881073,-0.42044177651405334,-0.4192873239517212]
[-0.42005082964897156,-0.41783010959625244,-0.41843119263648987,-0.41965529322624207,-0.4193094074726105,-0.41721898317337036,-0.41537877917289734,-0.4178842306137085,-0.3698180615901947,-0.562723696231842,-0.7333859205245972,1.803458333015442,4.42051362991333,1.058873176574707,2.487675189971924,-0.33861228823661804,-0.7345379590988159,-0.3958558142185211,-0.3312855362892151,-0.3646470308303833,-0.41175577044487,-0.41326338052749634,-0.418681800365448,-0.41584935784339905,-0.420009583234787,-0.41851988434791565,-0.42118650674819946,-0.4204983413219452]
[-0.42083925008773804,-0.41930049657821655,-0.41956132650375366,-0.42194831371307373,-0.4206937551498413,-0.4189493656158447,-0.41939133405685425,-0.42153123021125793,-0.3836645185947418,-0.36857491731643677,-0.9712857007980347,-1.0369404554367065,0.6825159788131714,-0.2858177423477173,-0.28310447931289673,-0.26395660638809204,-0.38086292147636414,-0.4032691717147827,-0.3806004822254181,-0.40446868538856506,-0.40811657905578613,-0.4155794382095337,-0.42003342509269714,-0.4182736575603485,-0.4199635684490204,-0.41958460211753845,-0.420540452003479,-0.4211920201778412]
[-0.4220817983150482,-0.4187392294406891,-0.4185487926006317,-0.4196624755859375,-0.420758992433548,-0.4198508560657501,-0.41809168457984924,-0.41948017477989197,-0.41466376185417175,-0.38964396715164185,-0.5649443864822388,-0.5565589666366577,-0.4649862051010132,-0.31878232955932617,-0.35206952691078186,-0.35267069935798645,-0.38566461205482483,-0.39265069365501404,-0.4038909673690796,-0.4027259051799774,-0.40705835819244385,-0.4138008952140808,-0.41895538568496704,-0.4181819260120392,-0.4186762571334839,-0.4179650843143463,-0.4201917052268982,-0.4185456931591034]
[-0.4198882579803467,-0.4221305251121521,-0.41982385516166687,-0.41985711455345154,-0.42131900787353516,-0.4215671420097351,-0.420332133769989,-0.4226466417312622,-0.41182512044906616,-0.403544545173645,-0.39943838119506836,-0.422550767660141,-0.39812517166137695,-0.3784106373786926,-0.38128188252449036,-0.3816695511341095,-0.39553841948509216,-0.39369046688079834,-0.4081752896308899,-0.4109805226325989,-0.4141606390476227,-0.41532427072525024,-0.4196094572544098,-0.4210498034954071,-0.41957807540893555,-0.4193402826786041,-0.42059269547462463,-0.4155208468437195]
