[-0.41791075468063354,-0.4190463423728943,-0.4200526773929596,-0.418192595243454,-0.4196975827217102,-0.41778209805488586,-0.41922661662101746,-0.4203447699546814,-0.42029643058776855,-0.417167991399765,-0.4193418323993683,-0.41782325506210327,-0.417861670255661,-0.4167099595069885,-0.4183162748813629,-0.4166274070739746,-0.4173440635204315,-0.41559016704559326,-0.41399088501930237,-0.41685450077056885,-0.41648435592651367,-0.4188997745513916,-0.418962299823761,-0.41888055205345154,-0.4196549355983734,-0.418209969997406,-0.4171828627586365,-0.41501808166503906]
[-0.41793525218963623,-0.41939929127693176,-0.4183461368083954,-0.41727787256240845,-0.41920551657676697,-0.4182036519050598,-0.4172702729701996,-0.41602590680122375,-0.41874122619628906,-0.41601458191871643,-0.41857901215553284,-0.4168650209903717,-0.41754740476608276,-0.4160960912704468,-0.41695481538772583,-0.41424405574798584,-0.418953001499176,-0.4125702381134033,-0.41240185499191284,-0.40966394543647766,-0.4132187068462372,-0.4145893156528473,-0.41533079743385315,-0.4154159128665924,-0.4178180992603302,-0.41695427894592285,-0.4183596074581146,-0.4187438488006592]
[-0.41984209418296814,-0.41853874921798706,-0.4176045358181,-0.4164513647556305,-0.4166896939277649,-0.4184589087963104,-0.4164596199989319,-0.4217950403690338,-0.41909438371658325,-0.41816240549087524,-0.42078760266304016,-0.41565990447998047,-0.41339269280433655,-0.41701969504356384,-0.41368740797042847,-0.409088671207428,-0.4140412211418152,-0.41012147068977356,-0.4162355065345764,-0.4123879373073578,-0.415418416261673,-0.4156460165977478,-0.4146829843521118,-0.4149588942527771,-0.4154154062271118,-0.41724178194999695,-0.4184463620185852,-0.4190894663333893]
[-0.41984301805496216,-0.4189601540565491,-0.4173441529273987,-0.4154821038246155,-0.41659027338027954,-0.4211466610431671,-0.41737550497055054,-0.42255258560180664,-0.41859620809555054,-0.4020330011844635,-0.41099610924720764,-0.4199880361557007,-0.4111228585243225,-0.41425687074661255,-0.4104537069797516,-0.409860223531723,-0.4180196523666382,-0.41482165455818176,-0.4166778028011322,-0.41589897871017456,-0.4151076376438141,-0.41238701343536377,-0.4146769344806671,-0.4154874384403229,-0.4168432354927063,-0.4173841178417206,-0.419344961643219,-0.4203529953956604]
[-0.41875869035720825,-0.4183843433856964,-0.4129760265350342,-0.4107271432876587,-0.44367310404777527,-0.3571719527244568,-0.3460480272769928,-0.33715784549713135,-0.38279855251312256,-0.4216085970401764,-0.3844894468784332,-0.4017200469970703,-0.39867326617240906,-0.39163193106651306,-0.39236918091773987,-0.3942502439022064,-0.3943638801574707,-0.3980187773704529,-0.4036586880683899,-0.41090530157089233,-0.40783971548080444,-0.410597026348114,-0.4152994751930237,-0.4136040508747101,-0.41638612747192383,-0.4165275990962982,-0.4198431968688965,-0.4211805462837219]
[-0.41829192638397217,-0.4176799952983856,-0.4134124219417572,-0.407968133687973,-0.24648763239383698,1.1267259120941162,2.1668670177459717,2.314323902130127,1.7297612428665161,-0.6999685764312744,-0.43001508712768555,-0.37990957498550415,-0.3796096742153168,-0.3644239604473114,-0.4566098749637604,-0.38755810260772705,-0.42407503724098206,-0.3892713487148285,-0.3750764727592468,-0.39671388268470764,-0.405174195766449,-0.40873199701309204,-0.41565611958503723,-0.41632068157196045,-0.4180063009262085,-0.4177761971950531,-0.42062413692474365,-0.42056456208229065]
[-0.41839513182640076,-0.41624191403388977,-0.4176180958747864,-0.4136311411857605,1.312904953956604,3.4698867797851562,2.4837090969085693,3.2218191623687744,2.3854856491088867,2.0169312953948975,2.1072232723236084,1.4250876903533936,2.0703935623168945,2.793689012527466,2.327772617340088,3.1046431064605713,2.0173070430755615,0.6997700929641724,-0.33704614639282227,-0.38930511474609375,-0.40398168563842773,-0.40937960147857666,-0.41594159603118896,-0.4156849980354309,-0.4164140522480011,-0.41710737347602844,-0.42021435499191284,-0.42128315567970276]
[-0.416812539100647,-0.4159834384918213,-0.4202953577041626,-0.297100692987442,1.2300808429718018,3.5887906551361084,2.9232845306396484,2.8515758514404297,1.767798900604248,0.7600550651550293,2.6954009532928467,1.8229161500930786,3.1818172931671143,3.026557207107544,2.929534435272217,2.4886386394500732,3.3371849060058594,2.2120518684387207,0.4134366810321808,-0.40571853518486023,-0.40532857179641724,-0.40949898958206177,-0.41756272315979004,-0.41660603880882263,-0.41789868474006653,-0.4180169701576233,-0.42024824023246765,-0.42025598883628845]
[-0.4175824224948883,-0.41579800844192505,-0.42245668172836304,-0.37012821435928345,0.6191946268081665,1.6353309154510498,1.4927154779434204,1.773765206336975,1.5515002012252808,2.353426218032837,3.251652240753174,1.5220037698745728,2.049496650695801,2.38157320022583,3.768256187438965,1.5363318920135498,2.6301393508911133,1.8525974750518799,1.514896035194397,-0.3575577735900879,-0.39724230766296387,-0.40573185682296753,-0.41676220297813416,-0.41550302505493164,-0.4172934293746948,-0.41729626059532166,-0.42043307423591614,-0.4202336072921753]
[-0.41770127415657043,-0.4145074486732483,-0.4229220151901245,-0.3985429108142853,-0.3472033739089966,0.7769205570220947,2.445561170578003,3.614431858062744,2.7956576347351074,1.044677495956421,2.3550095558166504,-0.23082001507282257,-0.2916235327720642,-0.25443458557128906,0.38502833247184753,1.4158087968826294,2.5753555297851562,2.354752540588379,2.825394868850708,0.3854862153530121,-0.3909316658973694,-0.399883896112442,-0.416425496339798,-0.41634246706962585,-0.4180735647678375,-0.41838037967681885,-0.4201838970184326,-0.4199046194553375]
[-0.4183753430843353,-0.4151169955730438,-0.41892319917678833,-0.4101482629776001,-0.4154302477836609,-0.3547666668891907,1.531753659248352,2.607104778289795,2.8239428997039795,0.5141868591308594,-0.49793943762779236,-0.37825649976730347,-0.3617541790008545,-0.4003913700580597,-0.428170382976532,-0.031070157885551453,2.55855655670166,2.6981711387634277,2.9719836711883545,1.8419749736785889,-0.4012739658355713,-0.39834916591644287,-0.41494742035865784,-0.4180513620376587,-0.41932013630867004,-0.41713353991508484,-0.41912591457366943,-0.41883736848831177]
[-0.4166935682296753,-0.4161887466907501,-0.41933637857437134,-0.41522085666656494,-0.4048328697681427,-0.36024051904678345,-0.536900520324707,-0.4980284571647644,-0.5058428049087524,-0.2746312618255615,-0.4081861674785614,-0.3945032060146332,-0.39608630537986755,-0.4402815103530884,-0.016125351190567017,2.27103328704834,3.723083019256592,2.640915632247925,2.5994536876678467,1.7213460206985474,-0.3949853181838989,-0.4010878801345825,-0.4168325662612915,-0.4178617298603058,-0.4202418327331543,-0.4188057482242584,-0.4188309907913208,-0.41884124279022217]
[-0.41882967948913574,-0.41550150513648987,-0.4146793484687805,-0.41217154264450073,-0.42248204350471497,-0.4118167459964752,-0.3799172043800354,-0.3740786015987396,-0.357299268245697,-0.3928069472312927,-0.413559228181839,-0.4157748222351074,-0.41893720626831055,0.06835015118122101,2.01015043258667,1.9336628913879395,2.7466273307800293,3.0248162746429443,2.5460565090179443,1.251682996749878,-0.39162617921829224,-0.4021393954753876,-0.41523683071136475,-0.4187468886375427,-0.4205363988876343,-0.4184792935848236,-0.4191753566265106,-0.41944068670272827]
[-0.4202853739261627,-0.4168611764907837,-0.417089581489563,-0.41168174147605896,-0.41561877727508545,-0.4159754514694214,-0.40252241492271423,-0.403067022562027,-0.40413767099380493,-0.4052664339542389,-0.41490137577056885,-0.41115087270736694,-0.22090691328048706,1.850662112236023,3.023509979248047,2.269921064376831,2.791917085647583,1.664226770401001,2.2982261180877686,0.08376209437847137,-0.38989371061325073,-0.4081789553165436,-0.41346055269241333,-0.41864150762557983,-0.421162486076355,-0.4190051555633545,-0.4200603663921356,-0.4188426733016968]
[-0.4200422167778015,-0.4178187847137451,-0.4179510474205017,-0.41576433181762695,-0.41680872440338135,-0.418767511844635,-0.419550359249115,-0.4210189878940582,-0.41671642661094666,-0.4189426898956299,-0.4257103502750397,-0.4303237795829773,-0.39114657044410706,2.314009189605713,2.981346368789673,2.491706609725952,2.7834763526916504,2.1275885105133057,2.5547404289245605,0.6782842874526978,-0.3859638273715973,-0.42289018630981445,-0.4120500385761261,-0.4189671576023102,-0.4203680753707886,-0.41841697692871094,-0.419894814491272,-0.41915830969810486]
[-0.4188566207885742,-0.41872501373291016,-0.4202248752117157,-0.41902750730514526,-0.4185367524623871,-0.41759932041168213,-0.41143226623535156,-0.4124722182750702,-0.41388848423957825,-0.40910837054252625,-0.42297977209091187,-0.4316973090171814,-0.31894874572753906,2.41644549369812,2.397040367126465,2.547393560409546,3.1250159740448,2.9138967990875244,2.8666911125183105,2.9346556663513184,0.3080088496208191,-0.40664389729499817,-0.41033560037612915,-0.4139321744441986,-0.4163489043712616,-0.4188857674598694,-0.41973668336868286,-0.4198642075061798]
[-0.4203304350376129,-0.4192570447921753,-0.41932862997055054,-0.4175558388233185,-0.41899019479751587,-0.4148290157318115,-0.4142172634601593,-0.4144609272480011,-0.4148712754249573,-0.4157286584377289,-0.41642042994499207,-0.44099777936935425,0.2104054093360901,1.8327022790908813,1.4341106414794922,0.07326868176460266,1.2525534629821777,2.0810227394104004,1.9656915664672852,3.3840219974517822,1.9167225360870361,-0.36748039722442627,-0.38520777225494385,-0.40700775384902954,-0.4123121201992035,-0.41793689131736755,-0.4191993772983551,-0.4188149571418762]
[-0.4210817813873291,-0.4192250072956085,-0.4179571866989136,-0.4174312353134155,-0.4185203015804291,-0.4175223708152771,-0.4178847372531891,-0.41486820578575134,-0.4119359850883484,-0.41321873664855957,-0.43171438574790955,-0.2468993067741394,0.4892854392528534,-0.23322787880897522,-0.37198659777641296,-0.3203772008419037,-0.60265052318573,-0.35754433274269104,0.920406699180603,2.701653242111206,3.0118043422698975,0.9616125822067261,-0.3909972310066223,-0.4026237428188324,-0.4139997065067291,-0.4176275134086609,-0.41974297165870667,-0.4190014600753784]
[-0.4206722676753998,-0.4193522334098816,-0.41786321997642517,-0.41793519258499146,-0.4191325008869171,-0.41704776883125305,-0.4170657992362976,-0.4116203188896179,-0.4077475368976593,-0.39864209294319153,0.49573877453804016,2.3939499855041504,1.7838021516799927,-0.37086397409439087,-0.37696540355682373,-0.4067278206348419,-0.41044825315475464,-0.5507311820983887,0.5683716535568237,2.1051156520843506,2.2322826385498047,1.8966777324676514,-0.39066463708877563,-0.3965277373790741,-0.4121651351451874,-0.4203104078769684,-0.41988104581832886,-0.41849738359451294]
[-0.41889849305152893,-0.4187624454498291,-0.4192369282245636,-0.4183037579059601,-0.41787126660346985,-0.41709163784980774,-0.4164566695690155,-0.4110935628414154,-0.39400529861450195,-0.25437748432159424,2.4963197708129883,2.8988230228424072,1.8595219850540161,-0.39911019802093506,-0.3863617181777954,-0.39983195066452026,-0.49471813440322876,0.045710206031799316,1.05453622341156,2.0161149501800537,2.0130486488342285,1.8223668336868286,-0.3485270142555237,-0.40145379304885864,-0.41267162561416626,-0.4195360243320465,-0.4213990867137909,-0.42106711864471436]
[-0.4189692735671997,-0.41837233304977417,-0.418258935213089,-0.41634824872016907,-0.41681626439094543,-0.4157167673110962,-0.41588538885116577,-0.411182165145874,-0.40659424662590027,0.8969316482543945,2.4254207611083984,1.8294143676757812,1.6231203079223633,-0.46662458777427673,-0.30846816301345825,-0.3846072256565094,0.3547148108482361,0.8780231475830078,2.4772934913635254,1.6797975301742554,2.514660596847534,0.8345122337341309,-0.36878502368927,-0.4016745984554291,-0.41441622376441956,-0.4172089695930481,-0.4216766953468323,-0.4214085638523102]
[-0.4193727970123291,-0.4186328053474426,-0.4181179702281952,-0.4173106849193573,-0.4175405204296112,-0.4148932695388794,-0.41576844453811646,-0.40902674198150635,-0.4073989689350128,0.8636082410812378,3.104990005493164,1.9199309349060059,2.462122917175293,1.7427680492401123,2.1927075386047363,2.366633415222168,1.659813642501831,1.1291745901107788,3.1498067378997803,2.7797446250915527,3.6699769496917725,1.0893769264221191,-0.4075971245765686,-0.4026464819908142,-0.41798487305641174,-0.41911935806274414,-0.42284250259399414,-0.42253437638282776]
[-0.4196197986602783,-0.4181816875934601,-0.4188977777957916,-0.41622111201286316,-0.41711321473121643,-0.4149358570575714,-0.4160570502281189,-0.4134875535964966,-0.3790091872215271,-0.3471958637237549,1.6252610683441162,2.686615228652954,2.9037249088287354,2.582932949066162,3.4026427268981934,2.895819902420044,3.25567889213562,2.7626826763153076,3.0464186668395996,3.3022663593292236,3.758986711502075,0.10924217104911804,-0.4120604395866394,-0.4115360677242279,-0.4172592759132385,-0.4186630845069885,-0.4205133020877838,-0.42071297764778137]
[-0.41938894987106323,-0.41780680418014526,-0.418862521648407,-0.41753876209259033,-0.4172133207321167,-0.4167245328426361,-0.4142366647720337,-0.412615567445755,-0.368416428565979,-0.42086589336395264,-0.2613348960876465,1.940953016281128,2.5207271575927734,2.265394449234009,2.1735284328460693,1.6821792125701904,3.1258974075317383,2.1814982891082764,0.6617501974105835,-0.17148463428020477,0.23646706342697144,-0.39244362711906433,-0.40999799966812134,-0.41207924485206604,-0.41840216517448425,-0.41804957389831543,-0.4210776090621948,-0.42060044407844543]
[-0.42001742124557495,-0.4178403615951538,-0.41779500246047974,-0.416203111410141,-0.41761520504951477,-0.4154849052429199,-0.41478538513183594,-0.4132332503795624,-0.39506468176841736,-0.4307451546192169,-0.6568191051483154,-0.4461733102798462,-0.493797242641449,-0.46267756819725037,-0.22164952754974365,-0.43749526143074036,0.12615756690502167,-0.3178110122680664,-0.3808968663215637,-0.3852274417877197,-0.41035598516464233,-0.40624311566352844,-0.4085064232349396,-0.4103633165359497,-0.42063722014427185,-0.41921722888946533,-0.4208402633666992,-0.4195754826068878]
[-0.41866278648376465,-0.4179992377758026,-0.41745439171791077,-0.4166063368320465,-0.4178586006164551,-0.41557663679122925,-0.41592463850975037,-0.41599467396736145,-0.4067195951938629,-0.41932177543640137,-0.450036883354187,-0.516768217086792,-0.41274186968803406,-0.37090998888015747,-0.3818979263305664,-0.36288779973983765,-0.40324872732162476,-0.5231655240058899,-0.3948512077331543,-0.40309175848960876,-0.40330618619918823,-0.40688464045524597,-0.41163650155067444,-0.4165670573711395,-0.4206002950668335,-0.419005811214447,-0.4199044108390808,-0.4196855127811432]
[-0.4194757044315338,-0.41785362362861633,-0.4183181822299957,-0.4155304729938507,-0.4187130928039551,-0.4177826941013336,-0.4167845845222473,-0.41403502225875854,-0.41415393352508545,-0.41476407647132874,-0.413909912109375,-0.409696489572525,-0.4067970812320709,-0.38457298278808594,-0.39344432950019836,-0.38938137888908386,-0.3864209055900574,-0.38449767231941223,-0.4028981626033783,-0.40380463004112244,-0.404890239238739,-0.4155101478099823,-0.41753217577934265,-0.41787582635879517,-0.41943103075027466,-0.4185185134410858,-0.42043358087539673,-0.41942206025123596]
[-0.41630929708480835,-0.41824662685394287,-0.41850435733795166,-0.41672855615615845,-0.4192095100879669,-0.4197424054145813,-0.41796326637268066,-0.4149567186832428,-0.4183337092399597,-0.4174779951572418,-0.414196252822876,-0.4054587483406067,-0.401839941740036,-0.40252572298049927,-0.3989792466163635,-0.39462974667549133,-0.399326890707016,-0.3946865200996399,-0.40738445520401,-0.4087751805782318,-0.41330042481422424,-0.4162641167640686,-0.4189976155757904,-0.41510653495788574,-0.4150044322013855,-0.41569167375564575,-0.41773083806037903,-0.41573846340179443]
