[-0.41539353132247925,-0.41863390803337097,-0.42076611518859863,-0.41739583015441895,-0.41933614015579224,-0.41871634125709534,-0.4200720489025116,-0.4204503893852234,-0.4214184880256653,-0.41823816299438477,-0.42129456996917725,-0.41943415999412537,-0.4183264970779419,-0.4174678325653076,-0.4189182221889496,-0.4184166491031647,-0.4185044467449188,-0.40870434045791626,-0.04815806448459625,1.9983608722686768,2.032881259918213,0.8014769554138184,-0.4359469413757324,-0.4076213836669922,-0.4229540526866913,-0.4193590581417084,-0.4149222671985626,-0.4128708839416504]
[-0.4174308478832245,-0.41846585273742676,-0.4185184836387634,-0.4166164994239807,-0.4190240204334259,-0.4176035225391388,-0.41852736473083496,-0.4183022677898407,-0.41984790563583374,-0.41696175932884216,-0.4186710715293884,-0.41625961661338806,-0.41830575466156006,-0.41469764709472656,-0.4180232584476471,-0.41602998971939087,-0.4170336127281189,-0.4073072373867035,-0.37465324997901917,0.4557722508907318,0.5254054069519043,-0.4108191728591919,-0.4233333468437195,-0.4155700206756592,-0.4217716455459595,-0.42292195558547974,-0.4152781665325165,-0.416760116815567]
[-0.4188803732395172,-0.4172247350215912,-0.4174056351184845,-0.41588640213012695,-0.41709181666374207,-0.41544249653816223,-0.41838186979293823,-0.41948702931404114,-0.41820794343948364,-0.41922613978385925,-0.417084276676178,-0.4151867926120758,-0.4174852669239044,-0.4174575209617615,-0.41506215929985046,-0.41468149423599243,-0.4126211404800415,-0.40843236446380615,-0.4081490933895111,-0.3723890781402588,-0.3841356635093689,-0.41975799202919006,-0.41791388392448425,-0.4166909158229828,-0.41942647099494934,-0.42100316286087036,-0.4205835461616516,-0.4183878004550934]
[-0.4188978374004364,-0.4183456003665924,-0.41737040877342224,-0.4148756265640259,-0.4157370924949646,-0.4099179804325104,-0.4142623841762543,-0.42631348967552185,-0.4219990074634552,-0.40410974621772766,-0.40646904706954956,-0.4126887321472168,-0.4175604283809662,-0.41404733061790466,-0.41341254115104675,-0.4129592776298523,-0.41449233889579773,-0.407026082277298,-0.4031848609447479,-0.40058189630508423,-0.41394680738449097,-0.4115636348724365,-0.4176264703273773,-0.4170648455619812,-0.4175441861152649,-0.417899489402771,-0.4179694652557373,-0.4195306599140167]
[-0.41867879033088684,-0.4169854521751404,-0.415802001953125,-0.4137507975101471,-0.4083646535873413,-0.38072335720062256,-0.3352174162864685,-0.3435775637626648,-0.41691696643829346,-0.3942634165287018,-0.4021848440170288,-0.3949853181838989,-0.4002552926540375,-0.4051710069179535,-0.4141959846019745,-0.4008788466453552,-0.3986392617225647,-0.39874035120010376,-0.4034462869167328,-0.3992479145526886,-0.4010828733444214,-0.4077855348587036,-0.41597238183021545,-0.4160345792770386,-0.417559415102005,-0.4153335988521576,-0.4176549017429352,-0.4192419946193695]
[-0.41802698373794556,-0.4173879325389862,-0.41622838377952576,-0.41369470953941345,-0.4074453115463257,0.06798040866851807,2.5100791454315186,2.041619062423706,1.0510531663894653,0.4804783761501312,-0.4523191452026367,-0.40436288714408875,-0.41790202260017395,-0.39700475335121155,-0.38021597266197205,-0.3750135898590088,-0.35638999938964844,-0.24869465827941895,-0.0023541301488876343,-0.3653692901134491,-0.3641364574432373,-0.3962984085083008,-0.408014178276062,-0.4147801697254181,-0.4174329936504364,-0.4172423481941223,-0.41811099648475647,-0.4187551736831665]
[-0.4192757308483124,-0.4160388112068176,-0.4157393276691437,-0.41189512610435486,-0.17689234018325806,2.8009912967681885,3.001816987991333,3.4017796516418457,2.810706377029419,2.2470996379852295,1.087158441543579,1.0082255601882935,2.0219435691833496,3.1591594219207764,2.2563085556030273,1.2313830852508545,0.7181605100631714,2.7862708568573,2.978884696960449,2.3396670818328857,0.6151458024978638,-0.3837352693080902,-0.39962372183799744,-0.4099571108818054,-0.4150441288948059,-0.41695651412010193,-0.41689473390579224,-0.4172423779964447]
[-0.41966181993484497,-0.41737309098243713,-0.41518113017082214,-0.40979257225990295,0.5717167854309082,3.670309066772461,2.469327449798584,3.242706537246704,2.707789897918701,3.416085720062256,3.2124104499816895,3.254446029663086,2.508857250213623,2.384258985519409,1.975506067276001,1.7188193798065186,1.235443115234375,2.4028024673461914,2.903336524963379,2.46917462348938,1.8047761917114258,-0.3850226104259491,-0.40157634019851685,-0.40910086035728455,-0.4149072468280792,-0.4163169264793396,-0.4165153503417969,-0.4170641005039215]
[-0.4198952913284302,-0.4169609248638153,-0.41169023513793945,-0.406202107667923,0.3886759579181671,0.9408760070800781,0.32444292306900024,2.3731396198272705,0.5307506322860718,-0.12554052472114563,-0.37207260727882385,-0.3070393204689026,-0.36096206307411194,-0.37172260880470276,-0.33149394392967224,-0.5409647226333618,0.7112176418304443,1.816851258277893,2.132481813430786,3.0321476459503174,2.1070449352264404,-0.3602529466152191,-0.39482057094573975,-0.4096468687057495,-0.41616207361221313,-0.41638806462287903,-0.41831907629966736,-0.41804206371307373]
[-0.42053380608558655,-0.41866642236709595,-0.4134312868118286,-0.3993016183376312,-0.3045392334461212,-0.36779454350471497,-0.39795392751693726,-0.37214821577072144,-0.4349946081638336,-0.35712331533432007,-0.40782636404037476,-0.40573135018348694,-0.388495534658432,-0.4482195973396301,-0.38238367438316345,-0.6603248119354248,1.2412357330322266,2.520253896713257,2.628657817840576,2.966829538345337,2.269772529602051,-0.3719046711921692,-0.4019175171852112,-0.41311556100845337,-0.41515523195266724,-0.41607236862182617,-0.41769200563430786,-0.416782408952713]
[-0.41831621527671814,-0.4166441261768341,-0.412352979183197,-0.4034407138824463,-0.3978169858455658,-0.4010813236236572,-0.4072747528553009,-0.4149470627307892,-0.40621644258499146,-0.39634376764297485,-0.4114307463169098,-0.3921980559825897,-0.3921859562397003,-0.3990423083305359,-0.3738040328025818,-0.1405419260263443,2.475449800491333,2.683642625808716,2.6905620098114014,2.415239095687866,0.6448917388916016,-0.3751572370529175,-0.4030907452106476,-0.41400817036628723,-0.4162364602088928,-0.4175480306148529,-0.42003896832466125,-0.4178858697414398]
[-0.41919684410095215,-0.4176051914691925,-0.41480517387390137,-0.4105563759803772,-0.4021688997745514,-0.40538960695266724,-0.40984779596328735,-0.39817938208580017,-0.401709645986557,-0.404148131608963,-0.40292051434516907,-0.39954453706741333,-0.3918159604072571,-0.38882994651794434,1.6797245740890503,3.618417501449585,3.8781490325927734,2.67623233795166,2.1912572383880615,0.7012472152709961,-0.38413581252098083,-0.38934966921806335,-0.40746110677719116,-0.41616857051849365,-0.4181264638900757,-0.41767892241477966,-0.4205012023448944,-0.4174555540084839]
[-0.41851478815078735,-0.4155932664871216,-0.416257381439209,-0.4136963188648224,-0.4144003987312317,-0.4128483533859253,-0.4186244308948517,-0.41073310375213623,-0.41257625818252563,-0.41590258479118347,-0.41548556089401245,-0.41193994879722595,-0.38430631160736084,-0.3820004165172577,1.8151142597198486,2.3555808067321777,1.8921635150909424,2.716385841369629,0.8239455223083496,-0.3068867325782776,-0.3896135985851288,-0.4062173068523407,-0.41532331705093384,-0.4144464135169983,-0.418184757232666,-0.4188995361328125,-0.42065805196762085,-0.419553279876709]
[-0.42015883326530457,-0.415581077337265,-0.41714128851890564,-0.4139814078807831,-0.4195542335510254,-0.41826120018959045,-0.4200322926044464,-0.41537538170814514,-0.4181368947029114,-0.4145025312900543,-0.4119478166103363,-0.408282071352005,-0.3752999007701874,-0.12843634188175201,1.9871630668640137,2.2185614109039307,1.9035577774047852,1.472662091255188,0.8409783840179443,-0.3771969974040985,-0.39214804768562317,-0.4093223810195923,-0.41614630818367004,-0.4161938726902008,-0.4193658232688904,-0.4190025329589844,-0.42075616121292114,-0.4183306097984314]
[-0.42036202549934387,-0.41600513458251953,-0.4175197184085846,-0.4149062931537628,-0.4201311469078064,-0.4185701906681061,-0.4213280975818634,-0.41543126106262207,-0.41898924112319946,-0.41529160737991333,-0.4128049910068512,-0.41434770822525024,-0.385303795337677,-0.3619866967201233,1.6229509115219116,2.9447457790374756,2.408831834793091,2.569448947906494,1.154719352722168,-0.37570878863334656,-0.39360979199409485,-0.40615585446357727,-0.4160462021827698,-0.415850967168808,-0.4194837510585785,-0.418026864528656,-0.42049145698547363,-0.4194995164871216]
[-0.420428067445755,-0.4175124764442444,-0.4178922474384308,-0.41740694642066956,-0.42060601711273193,-0.4196058511734009,-0.42339572310447693,-0.42008304595947266,-0.42084676027297974,-0.4194035530090332,-0.412618488073349,-0.407010942697525,-0.39315298199653625,-0.41441580653190613,-0.2902088761329651,1.2220127582550049,2.4005701541900635,2.8522117137908936,1.5106158256530762,-0.37979990243911743,-0.3937996029853821,-0.4066218435764313,-0.4151991009712219,-0.41722846031188965,-0.41830912232398987,-0.41796356439590454,-0.42008084058761597,-0.41921016573905945]
[-0.41984543204307556,-0.4172661304473877,-0.41530996561050415,-0.4159868061542511,-0.4160769581794739,-0.4178830087184906,-0.42027541995048523,-0.4175085723400116,-0.417532742023468,-0.416854590177536,-0.4112600088119507,-0.41061195731163025,-0.4048179090023041,-0.4061586260795593,-0.47523242235183716,0.22740373015403748,2.7821948528289795,2.7434446811676025,2.2312965393066406,-0.3683934211730957,-0.3941148817539215,-0.40860119462013245,-0.4182785153388977,-0.4167636036872864,-0.4195076823234558,-0.418249249458313,-0.4204249382019043,-0.41979730129241943]
[-0.4187230169773102,-0.41627663373947144,-0.41292786598205566,-0.4130152761936188,-0.41392049193382263,-0.4166560173034668,-0.418011337518692,-0.42000988125801086,-0.4168829917907715,-0.4171213209629059,-0.41422948241233826,-0.409585177898407,-0.4053249955177307,-0.4033812880516052,-0.49350273609161377,1.3383982181549072,2.6251394748687744,2.387342691421509,2.2190468311309814,-0.3666137158870697,-0.39986369013786316,-0.4119190275669098,-0.41728174686431885,-0.41696369647979736,-0.4182741641998291,-0.41872313618659973,-0.42034006118774414,-0.4203606843948364]
[-0.41532760858535767,-0.40891677141189575,-0.4390993118286133,-0.4306927025318146,-0.41090500354766846,-0.4201899766921997,-0.4167857766151428,-0.41935110092163086,-0.4124097526073456,-0.41560041904449463,-0.41503503918647766,-0.4071701467037201,-0.40153467655181885,-0.3916034698486328,0.590853214263916,2.6848063468933105,2.1425113677978516,2.9796032905578613,0.755821704864502,-0.38194650411605835,-0.4031673073768616,-0.41237056255340576,-0.4179857671260834,-0.4165571630001068,-0.4188084602355957,-0.4193671643733978,-0.4205135405063629,-0.4204196035861969]
[-0.41160550713539124,0.02572062611579895,0.052097856998443604,-0.1738557070493698,-0.42055055499076843,-0.40097904205322266,-0.3935987055301666,-0.4043705463409424,-0.4006960093975067,-0.4088954031467438,-0.39896222949028015,-0.4153522849082947,-0.3489900231361389,0.7264395952224731,2.9914398193359375,3.0547983646392822,2.4808456897735596,2.196075677871704,-0.3592664897441864,-0.3924992084503174,-0.40808528661727905,-0.41135308146476746,-0.4176753759384155,-0.41740018129348755,-0.4197249710559845,-0.4187173843383789,-0.4205509424209595,-0.4205542802810669]
[-0.3566873073577881,1.0746324062347412,2.046562910079956,1.9461090564727783,1.4877362251281738,-0.3990916311740875,-0.2947429418563843,-0.36725449562072754,-0.2633573114871979,-0.2610841989517212,-0.20015794038772583,0.5601053237915039,1.5239958763122559,2.015587329864502,2.9493460655212402,2.7594170570373535,0.8619205951690674,-0.2651929557323456,-0.39426013827323914,-0.3989558815956116,-0.40956804156303406,-0.4109959602355957,-0.41809356212615967,-0.4167662262916565,-0.4193953573703766,-0.41877052187919617,-0.4205548167228699,-0.4206364154815674]
[-0.42587676644325256,0.054447904229164124,1.8063424825668335,3.1801278591156006,4.031827449798584,3.300703525543213,2.511537790298462,2.3742592334747314,2.717916488647461,2.7932848930358887,2.6073644161224365,3.1141440868377686,2.446728229522705,3.469318389892578,2.0709898471832275,0.9150593280792236,-0.38815027475357056,-0.3792792558670044,-0.4016643464565277,-0.40756773948669434,-0.4141426980495453,-0.41381123661994934,-0.4174131751060486,-0.41714081168174744,-0.4186210334300995,-0.41865411400794983,-0.4206223487854004,-0.4207017123699188]
[-0.43291962146759033,0.17073914408683777,2.0017552375793457,2.7006676197052,3.4958975315093994,3.3011035919189453,3.4144279956817627,3.3159756660461426,2.9162118434906006,2.905646562576294,2.218860387802124,3.213399887084961,1.7094711065292358,2.2414371967315674,0.14848634600639343,-0.3647882342338562,-0.39984187483787537,-0.3997461795806885,-0.4041295647621155,-0.4068284332752228,-0.4152984321117401,-0.4130570590496063,-0.4172683358192444,-0.4167780578136444,-0.41868066787719727,-0.4184519052505493,-0.42085376381874084,-0.4203997850418091]
[-0.4341501295566559,0.10573507845401764,1.791371464729309,2.620173931121826,3.197662115097046,2.929316282272339,3.3637540340423584,2.935595750808716,3.3597264289855957,2.859287977218628,2.092165231704712,3.293245792388916,1.3222706317901611,1.3470008373260498,-0.40236714482307434,-0.4051707983016968,-0.40784952044487,-0.4061424136161804,-0.4080348014831543,-0.41340944170951843,-0.41723328828811646,-0.4154756963253021,-0.41764605045318604,-0.41749778389930725,-0.41843149065971375,-0.41923680901527405,-0.4207986295223236,-0.4207458198070526]
[-0.4352022409439087,-0.40451815724372864,-0.14013352990150452,0.5491451025009155,0.37597376108169556,-0.3292127847671509,0.031840577721595764,-0.16417135298252106,1.2203972339630127,0.510211706161499,1.7255432605743408,2.2207820415496826,0.6766823530197144,-0.3716829717159271,-0.4088982939720154,-0.4020952880382538,-0.4133431315422058,-0.4119992256164551,-0.41171520948410034,-0.41350898146629333,-0.416615754365921,-0.414590448141098,-0.4168931543827057,-0.4169587790966034,-0.4185100793838501,-0.41756540536880493,-0.42014265060424805,-0.420244961977005]
[-0.42477184534072876,-0.4080691337585449,-0.4367261230945587,-0.4313505291938782,-0.3857051432132721,-0.36687010526657104,-0.3581707179546356,-0.5001276731491089,-0.28255486488342285,-0.3447808027267456,0.03218872845172882,0.17070981860160828,-0.45098987221717834,-0.4146702289581299,-0.4075365364551544,-0.4095742106437683,-0.4132572412490845,-0.4145161509513855,-0.414496511220932,-0.4137410819530487,-0.41429686546325684,-0.4145266115665436,-0.4162667393684387,-0.41694504022598267,-0.41906824707984924,-0.4186503291130066,-0.42047014832496643,-0.42098483443260193]
[-0.423953652381897,-0.40972378849983215,-0.4152850806713104,-0.40767472982406616,-0.4044383764266968,-0.3862515687942505,-0.39871400594711304,-0.41118621826171875,-0.356152206659317,-0.36703312397003174,-0.4211241602897644,-0.44224515557289124,-0.41743823885917664,-0.41226136684417725,-0.4145013689994812,-0.41669848561286926,-0.4150961935520172,-0.41558992862701416,-0.4172426462173462,-0.41558417677879333,-0.41508951783180237,-0.4145972430706024,-0.4174483120441437,-0.4164383113384247,-0.41912057995796204,-0.417279452085495,-0.42037153244018555,-0.42047956585884094]
[-0.416043221950531,-0.41575437784194946,-0.4134363532066345,-0.40599513053894043,-0.4076857566833496,-0.4092533588409424,-0.4008244276046753,-0.4058513343334198,-0.3858630061149597,-0.38717636466026306,-0.40138480067253113,-0.41043418645858765,-0.41053837537765503,-0.40993478894233704,-0.4121134281158447,-0.4124682545661926,-0.41427579522132874,-0.41415566205978394,-0.4158131182193756,-0.4168867766857147,-0.41617313027381897,-0.4157252907752991,-0.4178473949432373,-0.41935473680496216,-0.42027491331100464,-0.4188670814037323,-0.42076635360717773,-0.4202914834022522]
