[2.0532033443450928,2.509653329849243,2.265031099319458,2.7329814434051514,0.710444450378418,-0.38258999586105347,-0.4080573320388794,-0.4112003743648529,-0.41929253935813904,-0.41762542724609375,-0.41837409138679504,-0.41523241996765137,-0.41896358132362366,-0.4151303172111511,-0.4167706072330475,-0.4157024621963501,-0.4204821288585663,-0.4178604483604431,-0.418979287147522,-0.41709423065185547,-0.41763201355934143,-0.4164729714393616,-0.41963377594947815,-0.41675251722335815,-0.4168500602245331,-0.4134674072265625,-0.4126487076282501,-0.40510302782058716]
[1.9748902320861816,2.090860366821289,2.601569414138794,0.3690204322338104,-0.3473588228225708,-0.3885851800441742,-0.4102240800857544,-0.41506803035736084,-0.4176700711250305,-0.41642194986343384,-0.4172484278678894,-0.41434478759765625,-0.41839584708213806,-0.41316795349121094,-0.4135628640651703,-0.4143627882003784,-0.4182049632072449,-0.4171101450920105,-0.4227887988090515,-0.41871893405914307,-0.41589444875717163,-0.41392460465431213,-0.4189523160457611,-0.416565865278244,-0.4165554344654083,-0.41544458270072937,-0.4155043363571167,-0.41273730993270874]
[2.59019136428833,2.8669416904449463,2.371520519256592,-0.3303820490837097,-0.394425630569458,-0.4012106657028198,-0.4140010476112366,-0.414469838142395,-0.419197142124176,-0.41654902696609497,-0.4194771945476532,-0.4154208302497864,-0.4167987108230591,-0.40829703211784363,-0.40963509678840637,-0.41025087237358093,-0.4167034924030304,-0.41528022289276123,-0.4192430377006531,-0.4169228971004486,-0.4174387753009796,-0.41673341393470764,-0.4171842336654663,-0.41498467326164246,-0.4162925183773041,-0.41641634702682495,-0.41763123869895935,-0.4151758551597595]
[2.80218243598938,2.871062994003296,1.4211853742599487,-0.3776845633983612,-0.4070170819759369,-0.41015172004699707,-0.41656824946403503,-0.41638845205307007,-0.42052942514419556,-0.4183042049407959,-0.41821157932281494,-0.4159797132015228,-0.41615796089172363,-0.41410279273986816,-0.41184431314468384,-0.4129055142402649,-0.41716861724853516,-0.41632333397865295,-0.41881614923477173,-0.418600469827652,-0.4191899299621582,-0.4167974293231964,-0.41896626353263855,-0.415668249130249,-0.41703975200653076,-0.4156918227672577,-0.4173586666584015,-0.4149514138698578]
[2.964303970336914,0.8268471956253052,-0.361045241355896,-0.40159693360328674,-0.41005492210388184,-0.4138564169406891,-0.41830071806907654,-0.4162501096725464,-0.4203488528728485,-0.4171566069126129,-0.41588491201400757,-0.41196325421333313,-0.4127729833126068,-0.40068885684013367,-0.41098812222480774,-0.4112246334552765,-0.41813552379608154,-0.41637876629829407,-0.4145266115665436,-0.4140037000179291,-0.4178914725780487,-0.41618478298187256,-0.4176335632801056,-0.4167933464050293,-0.4175530970096588,-0.4174351990222931,-0.41874051094055176,-0.41768312454223633]
[2.0101821422576904,-0.3519773781299591,-0.40873631834983826,-0.4103569984436035,-0.4150237739086151,-0.41523826122283936,-0.41888129711151123,-0.4174879789352417,-0.41957199573516846,-0.4189378321170807,-0.4158492088317871,-0.4116417467594147,-0.42424800992012024,-0.4093880355358124,-0.41384050250053406,-0.4113641679286957,-0.41604647040367126,-0.4172143340110779,-0.4181467592716217,-0.4151712954044342,-0.4189351201057434,-0.41669172048568726,-0.4187072813510895,-0.4168386459350586,-0.4168159067630768,-0.41843241453170776,-0.4186033606529236,-0.41812989115715027]
[-0.014028407633304596,-0.3927277624607086,-0.41285794973373413,-0.4112401306629181,-0.4166746437549591,-0.4172384440898895,-0.4191289246082306,-0.4173770248889923,-0.41595372557640076,-0.4180859327316284,-0.4165363311767578,-0.30153214931488037,-0.03177470713853836,-0.39299964904785156,-0.39287319779396057,-0.40544968843460083,-0.40822431445121765,-0.41301870346069336,-0.413809597492218,-0.41269731521606445,-0.4170367419719696,-0.4157274663448334,-0.4182226061820984,-0.4158365726470947,-0.41537871956825256,-0.4174230098724365,-0.4197932779788971,-0.41997575759887695]
[-0.3799377381801605,-0.40344181656837463,-0.4133169651031494,-0.4140237271785736,-0.41765227913856506,-0.41849473118782043,-0.41902977228164673,-0.4184111952781677,-0.4179380536079407,-0.4096877872943878,-0.37927138805389404,1.2835543155670166,1.4415218830108643,-0.40628570318222046,-0.38060086965560913,-0.40815454721450806,-0.41302675008773804,-0.41916507482528687,-0.42238402366638184,-0.41582587361335754,-0.40920528769493103,-0.4113047122955322,-0.4187782406806946,-0.41703885793685913,-0.41742533445358276,-0.4170006811618805,-0.4200575351715088,-0.42042607069015503]
[-0.414008229970932,-0.4134766459465027,-0.4163281321525574,-0.4158197343349457,-0.4176925718784332,-0.41614797711372375,-0.41706404089927673,-0.4136599004268646,-0.39814719557762146,-0.4081989824771881,1.0334441661834717,2.9726831912994385,2.3256232738494873,1.334637999534607,0.054723769426345825,-0.2511950433254242,-0.2990081310272217,-0.22427448630332947,-0.30963584780693054,-0.3918090760707855,-0.4022715389728546,-0.4041297733783722,-0.41730543971061707,-0.41665714979171753,-0.4162672162055969,-0.41613876819610596,-0.4196665287017822,-0.41978275775909424]
[-0.4193391799926758,-0.4165135622024536,-0.4169072210788727,-0.4178183376789093,-0.4184049963951111,-0.41554075479507446,-0.41248080134391785,-0.40816962718963623,-0.3933802545070648,0.9329065084457397,2.8997883796691895,2.83760404586792,3.3231921195983887,2.5695271492004395,2.027571678161621,2.100984811782837,2.1120829582214355,2.8515625,1.9712672233581543,0.2626475691795349,-0.39377954602241516,-0.4012707769870758,-0.41644322872161865,-0.4174703359603882,-0.41830679774284363,-0.4190989136695862,-0.42022621631622314,-0.41993647813796997]
[-0.41963493824005127,-0.4177874028682709,-0.41612258553504944,-0.4170611500740051,-0.4161923825740814,-0.4132922291755676,-0.4039115309715271,-0.3578096628189087,1.2015330791473389,2.9797563552856445,2.977548360824585,2.655161142349243,1.3283973932266235,-0.3781193792819977,-0.4089911878108978,-0.33475422859191895,0.4241724908351898,2.82495379447937,2.647892713546753,1.6494776010513306,-0.39658620953559875,-0.402535080909729,-0.4132205843925476,-0.41679903864860535,-0.41874781250953674,-0.4175693988800049,-0.4189196228981018,-0.42021122574806213]
[-0.41873425245285034,-0.41722142696380615,-0.4158560037612915,-0.41490840911865234,-0.4161445200443268,-0.412796288728714,-0.39400097727775574,1.465752124786377,3.3640518188476562,2.613917827606201,2.19042706489563,0.4361288845539093,-0.3679589033126831,-0.3925400972366333,-0.4285335838794708,-0.381764680147171,-0.7596960067749023,2.242358922958374,2.072699785232544,1.931037187576294,-0.394562304019928,-0.40157145261764526,-0.41479960083961487,-0.4159258306026459,-0.41801872849464417,-0.4170812666416168,-0.4194721281528473,-0.4203270971775055]
[-0.4194863438606262,-0.41851189732551575,-0.4139408767223358,-0.41462424397468567,-0.4170306921005249,-0.4028381407260895,0.5196177959442139,3.453883647918701,2.5174612998962402,2.413201332092285,1.3431856632232666,-0.3299516439437866,-0.39916855096817017,-0.40491554141044617,-0.40743836760520935,-0.5169309377670288,0.1807505488395691,2.604172945022583,2.4452579021453857,1.8098794221878052,-0.3918461799621582,-0.40163788199424744,-0.4171040952205658,-0.4160934388637543,-0.4191466271877289,-0.41764041781425476,-0.4205985367298126,-0.4200107753276825]
[-0.41903454065322876,-0.4181085228919983,-0.41528743505477905,-0.4129212200641632,-0.4188377261161804,-0.4084196984767914,1.8197342157363892,3.1735448837280273,2.4875497817993164,2.093257188796997,1.0178141593933105,-0.33030807971954346,-0.3769545555114746,-0.39840564131736755,-0.41062411665916443,-0.4136805534362793,1.67035710811615,2.771265745162964,2.3316712379455566,0.13039427995681763,-0.3957456946372986,-0.4071500301361084,-0.41798242926597595,-0.41847553849220276,-0.4201411306858063,-0.4188471734523773,-0.42095378041267395,-0.42134809494018555]
[-0.4186747670173645,-0.4162742495536804,-0.41463014483451843,-0.4118257164955139,-0.41539087891578674,-0.16108684241771698,2.3830299377441406,2.3381783962249756,1.8634270429611206,1.5446252822875977,-0.5553059577941895,-0.40597671270370483,-0.3750934898853302,-0.4196503162384033,-0.24199837446212769,2.628981351852417,3.2410941123962402,3.012554883956909,2.240422248840332,-0.28715407848358154,-0.3904586434364319,-0.41137343645095825,-0.41837915778160095,-0.41618236899375916,-0.41868123412132263,-0.4181362986564636,-0.42007365822792053,-0.4197290241718292]
[-0.419709175825119,-0.41804587841033936,-0.41641053557395935,-0.41158050298690796,-0.4252077043056488,-0.08267603069543839,1.4710971117019653,2.525200366973877,1.9153962135314941,2.120598077774048,0.8294532299041748,0.060642048716545105,-0.516169548034668,0.44960787892341614,2.559960126876831,2.772193431854248,2.475407361984253,1.9271941184997559,0.22681349515914917,-0.37407806515693665,-0.3939199149608612,-0.4095962345600128,-0.4124666452407837,-0.4170011281967163,-0.41706860065460205,-0.41745951771736145,-0.4185323119163513,-0.4181786775588989]
[-0.41847091913223267,-0.41608935594558716,-0.4139518439769745,-0.41002702713012695,-0.4203532338142395,-0.3968646228313446,-0.16402363777160645,2.526728630065918,3.2823853492736816,1.921560525894165,2.0114426612854004,2.1018590927124023,2.605943202972412,1.55831778049469,1.4735578298568726,0.0980028361082077,1.1381627321243286,1.6281379461288452,-0.41104137897491455,-0.45549339056015015,-0.35672348737716675,-0.39321064949035645,-0.41169050335884094,-0.4056847393512726,-0.41485053300857544,-0.4174807071685791,-0.4197567403316498,-0.4191509485244751]
[-0.4188181757926941,-0.4155515730381012,-0.41527456045150757,-0.411114364862442,-0.41150614619255066,-0.4071703553199768,-0.3752501308917999,0.6283049583435059,3.1946465969085693,3.74822735786438,3.207683801651001,2.083855628967285,3.1001250743865967,4.041879653930664,3.2061843872070312,3.6043503284454346,2.668609142303467,2.4029006958007812,2.695432662963867,2.0966193675994873,0.7440961599349976,0.5875192880630493,-0.4151550233364105,-0.3919261693954468,-0.4113616347312927,-0.41420280933380127,-0.41761741042137146,-0.41734084486961365]
[-0.4188181757926941,-0.4160866141319275,-0.4165985584259033,-0.4125096797943115,-0.4113338887691498,-0.41154995560646057,-0.3682568669319153,-0.37156254053115845,1.1760168075561523,0.31805580854415894,1.3779504299163818,1.1381925344467163,1.3777883052825928,-0.34702610969543457,-0.7177804708480835,0.5067366361618042,0.3980725109577179,1.2335491180419922,2.1585536003112793,3.038303852081299,2.1384012699127197,1.7766225337982178,-0.4080461859703064,-0.3935636579990387,-0.41205379366874695,-0.4137648046016693,-0.41742098331451416,-0.4182993471622467]
[-0.4179500937461853,-0.41664206981658936,-0.4179996848106384,-0.41491517424583435,-0.4129520356655121,-0.41112229228019714,-0.3665238916873932,-0.37452322244644165,-0.2962748110294342,-0.29530736804008484,-0.276358962059021,-0.31957095861434937,-0.28397905826568604,-0.32193559408187866,-0.3022623062133789,-0.34196293354034424,0.5055351257324219,2.371875762939453,1.8977131843566895,2.0240397453308105,2.2197299003601074,0.7950615882873535,-0.37305715680122375,-0.406569242477417,-0.41018953919410706,-0.4151894152164459,-0.41611596941947937,-0.4149673581123352]
[-0.4188719689846039,-0.4168461561203003,-0.415094256401062,-0.4147610068321228,-0.41339418292045593,-0.4144490659236908,-0.3972005844116211,-0.39497730135917664,-0.3680381178855896,-0.38567641377449036,-0.39564621448516846,-0.40321439504623413,-0.3744296729564667,-0.3744599223136902,-0.3612307608127594,-0.419369637966156,-0.39565715193748474,2.1946122646331787,2.2747509479522705,2.6143999099731445,1.9600660800933838,0.007399275898933411,-0.37606674432754517,-0.40455397963523865,-0.4148518145084381,-0.4147597551345825,-0.41670405864715576,-0.4159921109676361]
[-0.41886040568351746,-0.416410893201828,-0.41717690229415894,-0.41461366415023804,-0.4158683121204376,-0.4157608151435852,-0.4112936854362488,-0.4024835228919983,-0.3965901732444763,-0.40324667096138,-0.4065021872520447,-0.40955889225006104,-0.39560794830322266,-0.396731436252594,-0.38825199007987976,-0.40838971734046936,-0.5811355710029602,0.5312696695327759,2.472686290740967,2.396772623062134,1.9393494129180908,-0.3248196244239807,-0.39412805438041687,-0.40608933568000793,-0.41447359323501587,-0.4155482053756714,-0.4156785309314728,-0.41553646326065063]
[-0.4203619360923767,-0.4158394932746887,-0.41740626096725464,-0.4156734049320221,-0.41584646701812744,-0.41117584705352783,-0.4152371883392334,-0.4077974855899811,-0.41597506403923035,-0.41305309534072876,-0.42105332016944885,-0.42080962657928467,-0.41939061880111694,-0.4206579327583313,-0.41944536566734314,-0.41737234592437744,-0.3030136525630951,1.2248754501342773,2.134209632873535,2.680903673171997,1.3076046705245972,-0.3563382029533386,-0.402330219745636,-0.4135687053203583,-0.4139256775379181,-0.41491469740867615,-0.41682708263397217,-0.4159963130950928]
[-0.42010071873664856,-0.41752856969833374,-0.41961702704429626,-0.41708841919898987,-0.41710519790649414,-0.41640469431877136,-0.41708651185035706,-0.41422247886657715,-0.41841375827789307,-0.41512781381607056,-0.42109155654907227,-0.42068788409233093,-0.4231850802898407,-0.424446702003479,-0.42096203565597534,-0.43702811002731323,0.10093434154987335,2.53059458732605,2.0846316814422607,1.219447135925293,-0.3791861832141876,-0.3913910984992981,-0.4079831540584564,-0.4131610691547394,-0.4163084030151367,-0.41438615322113037,-0.41540560126304626,-0.4162197709083557]
[-0.41992881894111633,-0.41654345393180847,-0.4186784029006958,-0.4157547652721405,-0.41736936569213867,-0.4130869209766388,-0.41615673899650574,-0.4112013876438141,-0.4141380190849304,-0.4131447374820709,-0.4195922613143921,-0.42044734954833984,-0.4212946891784668,-0.4192243814468384,-0.4148980379104614,-0.43395787477493286,-0.7236050367355347,0.43034133315086365,0.780400276184082,-0.3054453134536743,-0.4043489694595337,-0.40196606516838074,-0.41182926297187805,-0.4105267822742462,-0.4176667630672455,-0.4155797064304352,-0.4171697795391083,-0.4172457754611969]
[-0.4193851351737976,-0.41836845874786377,-0.41931766271591187,-0.41828224062919617,-0.41747990250587463,-0.41645553708076477,-0.41885605454444885,-0.41470566391944885,-0.4162853956222534,-0.41793349385261536,-0.4239024519920349,-0.426969438791275,-0.4207164943218231,-0.41592147946357727,-0.40901049971580505,-0.42015865445137024,-0.42205706238746643,-0.5467928647994995,-0.4264422655105591,-0.4123702347278595,-0.40505990386009216,-0.40782248973846436,-0.41271498799324036,-0.4127720296382904,-0.41665834188461304,-0.4171597957611084,-0.41777580976486206,-0.41804593801498413]
[-0.4191734790802002,-0.4170157313346863,-0.41790080070495605,-0.41655007004737854,-0.41726452112197876,-0.41682857275009155,-0.4164903461933136,-0.4123494327068329,-0.4173596501350403,-0.41763755679130554,-0.41889211535453796,-0.42230933904647827,-0.41891247034072876,-0.41766613721847534,-0.4172224998474121,-0.4115552008152008,-0.40178894996643066,-0.38345828652381897,-0.4205244481563568,-0.4181528091430664,-0.40971219539642334,-0.4098108410835266,-0.4155394434928894,-0.4137234687805176,-0.41623279452323914,-0.4166101813316345,-0.4184383749961853,-0.41687819361686707]
[-0.41923728585243225,-0.41865384578704834,-0.419794499874115,-0.4182734191417694,-0.4189172387123108,-0.4181063175201416,-0.41981810331344604,-0.41900429129600525,-0.4167357087135315,-0.420749306678772,-0.41936367750167847,-0.4221784770488739,-0.41746780276298523,-0.41539299488067627,-0.41637590527534485,-0.41648921370506287,-0.41051793098449707,-0.40065038204193115,-0.41833987832069397,-0.41932013630867004,-0.4166657626628876,-0.41187092661857605,-0.4139364957809448,-0.4134314954280853,-0.41423165798187256,-0.4128066897392273,-0.4166887402534485,-0.41499361395835876]
