[-0.4166111648082733,-0.41826313734054565,-0.4187657833099365,-0.41832566261291504,-0.41930779814720154,-0.41871389746665955,-0.41975638270378113,-0.4190128445625305,-0.4194040596485138,-0.4187059700489044,-0.419879287481308,-0.41744744777679443,-0.41985610127449036,-0.4195265471935272,-0.418857604265213,-0.4171591103076935,-0.41284453868865967,-0.41598233580589294,-0.4134170413017273,-0.41221746802330017,-0.39245399832725525,-0.3912191390991211,-0.41547420620918274,-0.4134391248226166,-0.41559335589408875,-0.4153434634208679,-0.41218578815460205,-0.4074222445487976]
[-0.41983455419540405,-0.4196983873844147,-0.4197482466697693,-0.41914308071136475,-0.4200846254825592,-0.41874417662620544,-0.4203931987285614,-0.419355183839798,-0.4198044538497925,-0.417897492647171,-0.4181462228298187,-0.4165570139884949,-0.420209139585495,-0.4233953654766083,-0.420134574174881,-0.4196073114871979,-0.4129406809806824,-0.41355234384536743,-0.41354861855506897,-0.41440317034721375,-0.40191650390625,-0.40374472737312317,-0.4181665778160095,-0.41424599289894104,-0.4172056317329407,-0.4160679876804352,-0.4161778688430786,-0.4127475619316101]
[-0.4211070239543915,-0.42052263021469116,-0.42044681310653687,-0.4201188385486603,-0.4203982949256897,-0.41942358016967773,-0.4210720956325531,-0.4195418655872345,-0.4202864170074463,-0.4183044731616974,-0.4148256778717041,-0.41206660866737366,-0.40716561675071716,-0.3565182685852051,-0.45668548345565796,-0.43565449118614197,-0.4004742503166199,-0.40821877121925354,-0.4131917655467987,-0.41141125559806824,-0.4096885323524475,-0.4124971926212311,-0.41976216435432434,-0.4140061140060425,-0.41724976897239685,-0.4153774380683899,-0.41802024841308594,-0.41434529423713684]
[-0.4211670160293579,-0.42050695419311523,-0.4204949140548706,-0.419698566198349,-0.4203244745731354,-0.41994014382362366,-0.4212953746318817,-0.41883593797683716,-0.41965559124946594,-0.41733622550964355,-0.4371505081653595,-0.41529011726379395,0.09855803847312927,1.2241917848587036,-0.20827573537826538,-0.5044787526130676,-0.42576920986175537,-0.4005001187324524,-0.40913742780685425,-0.41201549768447876,-0.41429099440574646,-0.4134196937084198,-0.41822102665901184,-0.4141661822795868,-0.4176819324493408,-0.4142126142978668,-0.41665369272232056,-0.41320493817329407]
[-0.42084264755249023,-0.4204629361629486,-0.41965439915657043,-0.4199707806110382,-0.4210348427295685,-0.4197978377342224,-0.4206102788448334,-0.4189119338989258,-0.4177873432636261,-0.4039403796195984,0.025384128093719482,1.6309130191802979,2.0800209045410156,3.4744179248809814,2.6601979732513428,1.2854337692260742,-0.3966256380081177,-0.4091370403766632,-0.4067106246948242,-0.40861043334007263,-0.41379979252815247,-0.41540828347206116,-0.41692209243774414,-0.41622599959373474,-0.41939401626586914,-0.4165324866771698,-0.4186131954193115,-0.4164237082004547]
[-0.42109906673431396,-0.4202713966369629,-0.4199911057949066,-0.41946232318878174,-0.42013174295425415,-0.4199170768260956,-0.42123129963874817,-0.4192427396774292,-0.41736215353012085,-0.41144153475761414,1.885824203491211,3.4378926753997803,3.0062663555145264,2.4399309158325195,3.0037381649017334,2.7912774085998535,0.14757469296455383,-0.4149462878704071,-0.409155011177063,-0.40662682056427,-0.4119589328765869,-0.4124049246311188,-0.4151846170425415,-0.4171200096607208,-0.4199332296848297,-0.41771215200424194,-0.41804543137550354,-0.41608303785324097]
[-0.4208351969718933,-0.41951048374176025,-0.41957002878189087,-0.41869762539863586,-0.4206191599369049,-0.4195799231529236,-0.4200718402862549,-0.4188500940799713,-0.41670331358909607,-0.3882977068424225,1.7254871129989624,2.7863693237304688,2.9093868732452393,2.135413408279419,1.8756312131881714,2.6234424114227295,1.6104782819747925,0.8407461643218994,-0.27002590894699097,-0.32832977175712585,-0.3925464451313019,-0.40815046429634094,-0.4119373559951782,-0.41629651188850403,-0.4186193645000458,-0.4190524220466614,-0.4196835160255432,-0.4175703525543213]
[-0.4212040901184082,-0.4194892346858978,-0.41933828592300415,-0.419328898191452,-0.42091622948646545,-0.41860371828079224,-0.4197113811969757,-0.4186548888683319,-0.41876456141471863,-0.40485912561416626,0.6197394132614136,2.1072804927825928,2.96258282661438,3.253300666809082,2.26749587059021,2.604775905609131,2.990649938583374,2.92718505859375,1.8943357467651367,1.8177086114883423,-0.1469065546989441,-0.424943208694458,-0.4125121831893921,-0.4158277213573456,-0.4174782335758209,-0.41989827156066895,-0.4192909002304077,-0.4178425073623657]
[-0.4218214750289917,-0.4200376570224762,-0.4189261198043823,-0.4186111092567444,-0.420134037733078,-0.4186397194862366,-0.4197574853897095,-0.4195830523967743,-0.41816991567611694,-0.4134112596511841,-0.332821249961853,0.5518379211425781,1.1125792264938354,2.451709747314453,2.8486995697021484,3.0860888957977295,3.2022855281829834,3.3829264640808105,2.966090202331543,2.9333691596984863,1.9266870021820068,-0.33311137557029724,-0.4092457890510559,-0.4125882685184479,-0.4139997959136963,-0.41923484206199646,-0.41895627975463867,-0.417845755815506]
[-0.42200666666030884,-0.419909805059433,-0.41806402802467346,-0.4192226231098175,-0.42027968168258667,-0.4186782240867615,-0.41941478848457336,-0.4176059663295746,-0.416710764169693,-0.4123552739620209,-0.3958929181098938,-0.35594677925109863,-0.2615315914154053,0.8765953779220581,2.687620162963867,2.6337437629699707,2.4891130924224854,2.392400026321411,2.6327476501464844,2.9481213092803955,3.06046462059021,1.435622215270996,-0.39432474970817566,-0.40593481063842773,-0.4107661843299866,-0.41733622550964355,-0.41908133029937744,-0.4173954725265503]
[-0.42039167881011963,-0.4202170968055725,-0.4187941253185272,-0.41795894503593445,-0.4200849235057831,-0.4185923933982849,-0.4203662574291229,-0.4174216389656067,-0.4188897907733917,-0.4157857894897461,-0.41785937547683716,-0.4130096733570099,-0.3746243715286255,-0.4341789484024048,0.1443268358707428,0.07105258107185364,-0.1255888044834137,1.0313252210617065,1.9963550567626953,3.12711501121521,3.035489320755005,2.1257948875427246,0.6537472009658813,-0.38457387685775757,-0.4010579288005829,-0.4155269265174866,-0.4192030727863312,-0.4183655381202698]
[-0.41966405510902405,-0.41896259784698486,-0.41853517293930054,-0.4185734987258911,-0.4193890690803528,-0.41832080483436584,-0.41916215419769287,-0.418037474155426,-0.41824331879615784,-0.41619160771369934,-0.41499802470207214,-0.41126376390457153,-0.40019360184669495,-0.3708944320678711,-0.3755052983760834,-0.4014631509780884,-0.37547847628593445,-0.33946388959884644,0.33500969409942627,2.538357734680176,2.986771583557129,2.594463348388672,1.1438815593719482,-0.37153857946395874,-0.4041524827480316,-0.41271287202835083,-0.416665256023407,-0.4166307747364044]
[-0.4193378686904907,-0.4183385372161865,-0.41927191615104675,-0.41851967573165894,-0.4175991117954254,-0.41671639680862427,-0.42003756761550903,-0.4181368052959442,-0.4165570139884949,-0.4187447428703308,-0.41896793246269226,-0.4124065637588501,-0.4130396544933319,-0.40633267164230347,-0.4089908301830292,-0.41225525736808777,-0.41984766721725464,-0.41249457001686096,-0.1038418859243393,2.1944947242736816,2.3722944259643555,2.7129709720611572,2.3052239418029785,0.04507496953010559,-0.3966718912124634,-0.4120241701602936,-0.4167236387729645,-0.418753445148468]
[-0.4201543629169464,-0.41873636841773987,-0.4178907573223114,-0.41765740513801575,-0.41908618807792664,-0.4171537458896637,-0.41862595081329346,-0.41793233156204224,-0.41640058159828186,-0.4174293875694275,-0.41748785972595215,-0.4190310835838318,-0.4230288863182068,-0.4169084131717682,-0.40788373351097107,-0.41228553652763367,-0.4163476228713989,-0.432332307100296,-0.2264995276927948,2.115858316421509,2.7542808055877686,3.074009418487549,2.9435853958129883,0.1267998367547989,-0.3968810439109802,-0.4112788736820221,-0.41689005494117737,-0.41623222827911377]
[-0.41978389024734497,-0.4184233546257019,-0.41808220744132996,-0.41733527183532715,-0.41630005836486816,-0.4162457287311554,-0.41891297698020935,-0.4205751419067383,-0.4199497401714325,-0.4275585114955902,-0.4469502866268158,-0.3822719156742096,-0.3997400999069214,-0.44621503353118896,-0.38477009534835815,-0.39968132972717285,-0.41188138723373413,-0.42666953802108765,-0.33161604404449463,1.5006548166275024,2.9482128620147705,2.8666977882385254,2.282721996307373,0.009236946702003479,-0.40293699502944946,-0.41458624601364136,-0.42010238766670227,-0.4190882742404938]
[-0.41883227229118347,-0.41748932003974915,-0.41732916235923767,-0.41710925102233887,-0.4158545434474945,-0.41806840896606445,-0.41079801321029663,-0.4122941792011261,-0.3907007575035095,-0.37088966369628906,-0.1581425964832306,0.5918459892272949,0.12474893033504486,0.7993638515472412,0.5677264928817749,-0.299887090921402,-0.4016978144645691,-0.41485899686813354,-0.42435503005981445,0.5759537220001221,2.30446195602417,2.4953174591064453,2.7880969047546387,-0.32860034704208374,-0.3946698009967804,-0.4106901288032532,-0.417532742023468,-0.4160945415496826]
[-0.4199049770832062,-0.41857269406318665,-0.41642093658447266,-0.41206634044647217,-0.3949951231479645,-0.3808166980743408,-0.35603004693984985,-0.2833872437477112,0.1200919896364212,0.8856322765350342,2.3640856742858887,1.7674440145492554,2.3785736560821533,3.2850329875946045,2.1015946865081787,0.2518399953842163,-0.4038941264152527,-0.41380438208580017,-0.4600675106048584,0.8839409351348877,2.6427557468414307,2.47808575630188,2.798001527786255,-0.3396625816822052,-0.39817705750465393,-0.41212478280067444,-0.4219209551811218,-0.4203088581562042]
[-0.41884645819664,-0.4162311851978302,-0.4147564172744751,-0.4102012515068054,-0.4068021774291992,0.7975444793701172,2.949235439300537,3.01265287399292,2.8145909309387207,2.7864644527435303,3.0148463249206543,2.7531211376190186,3.289139747619629,2.5490028858184814,1.9590179920196533,0.43885788321495056,-0.36734333634376526,-0.446157842874527,-0.17651750147342682,1.749017357826233,2.4867963790893555,2.274169683456421,2.412928819656372,-0.3577689528465271,-0.39625197649002075,-0.4091755747795105,-0.4195678234100342,-0.4189562499523163]
[-0.42049717903137207,-0.4200610816478729,-0.41271039843559265,-0.2699306309223175,1.1490098237991333,3.0737266540527344,3.1111631393432617,3.3560924530029297,3.0204503536224365,2.821713447570801,3.194585084915161,3.10809326171875,3.0772783756256104,2.885572910308838,1.9470443725585938,0.916101336479187,1.7115522623062134,1.8148210048675537,2.260699510574341,2.9677388668060303,2.607652425765991,2.498455286026001,1.0000007152557373,-0.3812500238418579,-0.405659943819046,-0.4122183620929718,-0.4213893711566925,-0.4192630350589752]
[-0.41701677441596985,-0.41029587388038635,-0.3285468816757202,1.6920263767242432,3.1113171577453613,2.713230848312378,3.043972969055176,2.124689817428589,2.325650930404663,2.126169204711914,3.2887938022613525,2.0022525787353516,3.045818328857422,3.0502121448516846,2.3916842937469482,2.7972300052642822,3.5614449977874756,2.960521936416626,2.7041358947753906,3.0448596477508545,2.417692184448242,0.24114951491355896,-0.3775874078273773,-0.3978010416030884,-0.4105512797832489,-0.4142199158668518,-0.4173433780670166,-0.41672492027282715]
[-0.4155234396457672,-0.22878116369247437,0.14148488640785217,2.5898661613464355,2.4605650901794434,0.5489003658294678,1.8169879913330078,2.1719255447387695,1.4937611818313599,2.709027051925659,3.3500454425811768,2.6103899478912354,2.7161874771118164,3.186840295791626,2.3560519218444824,2.706418037414551,3.139484167098999,2.9108033180236816,2.703632354736328,2.397653818130493,0.9394923448562622,-0.3633597493171692,-0.41031691431999207,-0.40342265367507935,-0.4136829078197479,-0.4170275032520294,-0.41934627294540405,-0.4190855622291565]
[-0.41453179717063904,-0.3844600319862366,-0.07276226580142975,2.2810328006744385,3.5486671924591064,2.3964900970458984,3.451312780380249,2.2240006923675537,2.4586124420166016,2.732159376144409,2.9501700401306152,3.1802704334259033,3.273919105529785,3.122201919555664,2.734143018722534,2.769745349884033,2.8594655990600586,2.2476420402526855,1.0721635818481445,-0.3084813356399536,-0.38345101475715637,-0.3993549942970276,-0.410163938999176,-0.4080761671066284,-0.41555923223495483,-0.4171783924102783,-0.4189813733100891,-0.4183746874332428]
[-0.4143010973930359,-0.427947461605072,-0.4009060859680176,-0.6997456550598145,0.7163313627243042,2.16792631149292,4.689258098602295,3.3957576751708984,3.479628324508667,3.5360989570617676,2.823906898498535,3.2766342163085938,2.147475242614746,1.6051108837127686,1.6842505931854248,0.512160062789917,-0.16150639951229095,-0.35453855991363525,-0.3977990448474884,-0.40011805295944214,-0.4105958938598633,-0.40939444303512573,-0.4135001301765442,-0.41439393162727356,-0.4192219078540802,-0.41764670610427856,-0.4212362468242645,-0.42042478919029236]
[-0.41026756167411804,-0.41781219840049744,-0.3901922404766083,-0.32352757453918457,-0.35653620958328247,-0.7172648906707764,1.9269294738769531,1.8402212858200073,3.019704818725586,2.6885735988616943,2.142655849456787,1.2488253116607666,-0.3147808313369751,-0.3042001724243164,-0.34374815225601196,-0.3492898941040039,-0.3885509669780731,-0.4005416929721832,-0.40949299931526184,-0.40471431612968445,-0.41197994351387024,-0.41288986802101135,-0.41683709621429443,-0.41714921593666077,-0.4194416105747223,-0.41990286111831665,-0.4206451177597046,-0.4193970561027527]
[-0.4151448607444763,-0.4109625816345215,-0.4070379137992859,-0.40623292326927185,-0.38789641857147217,-0.45981910824775696,-0.49783310294151306,-0.4405008852481842,-0.5673156976699829,-0.4447387456893921,-0.4776270389556885,-0.4101853370666504,-0.39133918285369873,-0.39877545833587646,-0.40304991602897644,-0.40462419390678406,-0.4108763337135315,-0.4087413549423218,-0.41610267758369446,-0.40680497884750366,-0.41453680396080017,-0.416763573884964,-0.4174298644065857,-0.4154627323150635,-0.41997867822647095,-0.41894063353538513,-0.4194512963294983,-0.42095425724983215]
[-0.41612866520881653,-0.4089795649051666,-0.4068790078163147,-0.39811691641807556,-0.3868979811668396,-0.4024127721786499,-0.4063877761363983,-0.39041125774383545,-0.370280385017395,-0.4236687123775482,-0.3884132206439972,-0.38830751180648804,-0.384741872549057,-0.40135079622268677,-0.40990912914276123,-0.4098343849182129,-0.4143248498439789,-0.4134898781776428,-0.4162769019603729,-0.4144071042537689,-0.41668185591697693,-0.4167289137840271,-0.4187504053115845,-0.4171573221683502,-0.4187197685241699,-0.41959086060523987,-0.41994377970695496,-0.4192531704902649]
[-0.425078809261322,-0.41597801446914673,-0.4195655882358551,-0.4162746071815491,-0.42514094710350037,-0.4082815945148468,-0.3976699411869049,-0.3834955394268036,-0.3857370615005493,-0.39286261796951294,-0.3936897814273834,-0.3992448151111603,-0.41040951013565063,-0.41479864716529846,-0.4204806089401245,-0.41600480675697327,-0.41628044843673706,-0.41582873463630676,-0.4209122657775879,-0.41625553369522095,-0.41654133796691895,-0.4157870411872864,-0.4172881841659546,-0.41668716073036194,-0.4171005189418793,-0.4169810712337494,-0.419026643037796,-0.41523846983909607]
[-0.4230589270591736,-0.42634516954421997,-0.4261058568954468,-0.42371517419815063,-0.43357881903648376,-0.424058198928833,-0.4030921757221222,-0.39505645632743835,-0.4023450016975403,-0.4052543044090271,-0.4026719331741333,-0.4132508635520935,-0.41695696115493774,-0.42044296860694885,-0.4205225110054016,-0.4174826443195343,-0.4157150685787201,-0.4165480434894562,-0.4204409122467041,-0.41748982667922974,-0.41854754090309143,-0.4175892472267151,-0.41824954748153687,-0.4184243679046631,-0.4176863133907318,-0.41432663798332214,-0.41496095061302185,-0.4060174822807312]
