[-0.41771480441093445,-0.4182860553264618,-0.4197583794593811,-0.41893747448921204,-0.4197176694869995,-0.4179725646972656,-0.4199160039424896,-0.41828134655952454,-0.42005422711372375,-0.41944342851638794,-0.419039249420166,-0.41765961050987244,-0.4195011556148529,-0.41850414872169495,-0.420442134141922,-0.418684184551239,-0.4214091897010803,-0.4182600677013397,-0.4213183522224426,-0.4206697940826416,-0.4227288067340851,-0.41954827308654785,-0.4239670932292938,-0.41953206062316895,-0.42248016595840454,-0.42589205503463745,-0.43818289041519165,-0.4494968354701996]
[-0.4184424579143524,-0.41913846135139465,-0.4190042316913605,-0.4183482825756073,-0.41871389746665955,-0.4182629883289337,-0.42000681161880493,-0.4193989932537079,-0.41994571685791016,-0.41990193724632263,-0.41887325048446655,-0.4166374206542969,-0.41869136691093445,-0.4179924726486206,-0.41898560523986816,-0.4159078299999237,-0.4187854528427124,-0.41608187556266785,-0.4181270897388458,-0.4158703684806824,-0.4186016917228699,-0.4146948754787445,-0.4198267459869385,-0.4165261685848236,-0.4158017337322235,-0.4177470803260803,-0.4249442219734192,-0.4404067099094391]
[-0.42091813683509827,-0.41966331005096436,-0.4186738431453705,-0.4185849130153656,-0.4193200170993805,-0.4180319309234619,-0.41974785923957825,-0.4182775914669037,-0.41944366693496704,-0.41825976967811584,-0.4184912443161011,-0.4168124198913574,-0.41975387930870056,-0.4161457419395447,-0.417704701423645,-0.41799694299697876,-0.4188314974308014,-0.4172353446483612,-0.416928231716156,-0.4180890619754791,-0.41723209619522095,-0.4147217869758606,-0.41419705748558044,-0.4185228943824768,-0.42054423689842224,-0.4240333139896393,-0.4269837439060211,-0.4369760751724243]
[-0.4207141697406769,-0.42001375555992126,-0.41901206970214844,-0.4184645712375641,-0.4202193021774292,-0.41878795623779297,-0.4198676347732544,-0.4182147979736328,-0.4182914197444916,-0.41784483194351196,-0.4178394377231598,-0.41646841168403625,-0.418809711933136,-0.4170405864715576,-0.417707622051239,-0.4155067503452301,-0.4185788035392761,-0.41569221019744873,-0.41792213916778564,-0.4153052568435669,-0.4136735796928406,-0.4108526408672333,-0.4064106047153473,-0.39867281913757324,-0.40833309292793274,-0.42035219073295593,-0.4248245358467102,-0.4292161464691162]
[-0.4204971194267273,-0.42019814252853394,-0.4193054139614105,-0.41825035214424133,-0.42001819610595703,-0.41895097494125366,-0.41908279061317444,-0.41708073019981384,-0.4186728894710541,-0.4170413613319397,-0.41823744773864746,-0.41425880789756775,-0.4175185561180115,-0.4128757119178772,-0.410277783870697,-0.40910008549690247,-0.4111988842487335,-0.4070039689540863,-0.40802499651908875,-0.4160793423652649,-0.405620813369751,-0.3948839008808136,-0.45494091510772705,-0.44160839915275574,-0.4021700918674469,-0.40835922956466675,-0.4224817454814911,-0.4207914471626282]
[-0.42053326964378357,-0.42022672295570374,-0.4192168712615967,-0.4183652997016907,-0.4204656779766083,-0.41890764236450195,-0.4197293519973755,-0.41740819811820984,-0.4183047115802765,-0.4172782301902771,-0.4172717332839966,-0.41471269726753235,-0.41583094000816345,-0.41005364060401917,-0.422230988740921,-0.407008558511734,-0.42172297835350037,-0.4043245315551758,-0.40328994393348694,-0.3986870348453522,-0.3519211411476135,0.3968789875507355,1.3788973093032837,-0.11266303062438965,-0.39721861481666565,-0.38941800594329834,-0.4185084104537964,-0.42009395360946655]
[-0.4214078187942505,-0.4196953773498535,-0.4193671941757202,-0.41930094361305237,-0.42030197381973267,-0.4178554117679596,-0.4195929765701294,-0.4174807369709015,-0.41807422041893005,-0.4156930148601532,-0.41467899084091187,-0.4103034436702728,-0.4073660671710968,-0.3839845061302185,-0.0434289425611496,1.587764024734497,0.5356080532073975,-0.39071011543273926,-0.3877808451652527,-0.3958301544189453,-0.24570775032043457,1.68268620967865,3.346608877182007,2.3646578788757324,-0.32213786244392395,-0.400534063577652,-0.41923096776008606,-0.42162519693374634]
[-0.42159855365753174,-0.4203752875328064,-0.419811874628067,-0.41995492577552795,-0.421098917722702,-0.4186154305934906,-0.41856589913368225,-0.41735953092575073,-0.41843733191490173,-0.41571056842803955,-0.41314393281936646,-0.4036142826080322,-0.3955399990081787,0.0023296326398849487,2.302330493927002,3.1337594985961914,2.078425645828247,-0.3879384696483612,-0.38199883699417114,-0.4072272479534149,0.39062902331352234,2.2841851711273193,2.959746837615967,1.078020453453064,-0.39173460006713867,-0.39756181836128235,-0.4157024025917053,-0.4139936566352844]
[-0.42065760493278503,-0.41972801089286804,-0.41961029171943665,-0.4184177815914154,-0.41980651021003723,-0.41780656576156616,-0.41690579056739807,-0.4162565767765045,-0.4169609546661377,-0.417208194732666,-0.40814408659935,-0.3828132748603821,0.20706507563591003,1.989051103591919,2.1988651752471924,2.91082501411438,1.8922696113586426,-0.36524760723114014,-0.3870486617088318,-0.418440043926239,-0.3345652222633362,0.7415831089019775,2.0016250610351562,1.4328769445419312,-0.4055638015270233,-0.39957916736602783,-0.41801196336746216,-0.4157465398311615]
[-0.4204486012458801,-0.41984057426452637,-0.41994377970695496,-0.41858717799186707,-0.4191669225692749,-0.41789329051971436,-0.41665971279144287,-0.41719192266464233,-0.41382071375846863,-0.41130179166793823,-0.42700615525245667,0.40973660349845886,2.5935094356536865,3.4333579540252686,2.316798686981201,0.6140792369842529,-0.32409220933914185,-0.3726328909397125,-0.38668927550315857,-0.4028719961643219,-0.2912958860397339,2.126248598098755,2.9313695430755615,1.5958174467086792,-0.3992599546909332,-0.39484140276908875,-0.41180628538131714,-0.4145222008228302]
[-0.42112064361572266,-0.41839587688446045,-0.4196776747703552,-0.4185032844543457,-0.41869544982910156,-0.416941374540329,-0.41610845923423767,-0.41476190090179443,-0.4029746353626251,-0.3803081512451172,0.6347365379333496,2.5430502891540527,3.1758553981781006,2.7930257320404053,0.2595821022987366,-0.3538246154785156,-0.393465518951416,-0.40234506130218506,-0.39148762822151184,-0.4176918566226959,-0.06435200572013855,2.2525713443756104,2.599477767944336,0.4095582067966461,-0.38213005661964417,-0.40337929129600525,-0.4155139625072479,-0.41686171293258667]
[-0.42142319679260254,-0.4181355834007263,-0.41912657022476196,-0.41873857378959656,-0.4186912178993225,-0.4172692894935608,-0.4165540039539337,-0.4136562943458557,-0.40372592210769653,0.030306413769721985,2.1508421897888184,3.284071922302246,2.3542401790618896,-0.20508655905723572,-0.3647401034832001,-0.40256425738334656,-0.3970022201538086,-0.3988536596298218,-0.4088638722896576,-0.2031066119670868,1.9882640838623047,2.688767671585083,-0.23532253503799438,-0.3899350166320801,-0.3890032172203064,-0.4053073823451996,-0.41514429450035095,-0.41395696997642517]
[-0.42109888792037964,-0.4189586043357849,-0.4196333885192871,-0.41843608021736145,-0.4176589250564575,-0.4158341884613037,-0.41423752903938293,-0.41385969519615173,0.18286338448524475,2.3091423511505127,2.3910443782806396,2.956779956817627,0.6187770366668701,-0.3837130665779114,-0.4072708189487457,-0.4159994423389435,-0.39759695529937744,-0.4340648949146271,0.37990865111351013,2.51027512550354,2.579334259033203,0.640884280204773,-0.4112333357334137,-0.4073554575443268,-0.41103461384773254,-0.41051480174064636,-0.4172680377960205,-0.4177377223968506]
[-0.42035847902297974,-0.41965001821517944,-0.4191626012325287,-0.418619304895401,-0.41828984022140503,-0.4160310626029968,-0.4130711257457733,-0.4129936397075653,2.018446207046509,3.0213088989257812,2.3704776763916016,1.747119665145874,-0.42658933997154236,-0.3856460750102997,-0.39392855763435364,-0.3455275893211365,-0.12903612852096558,1.112974762916565,2.7658586502075195,2.87968111038208,2.3329710960388184,-0.38027647137641907,-0.4171569049358368,-0.4093243181705475,-0.41530731320381165,-0.4156985878944397,-0.4180013835430145,-0.4182471036911011]
[-0.4200965464115143,-0.4188239872455597,-0.41878730058670044,-0.41847527027130127,-0.41811659932136536,-0.415353924036026,-0.41089990735054016,-0.4156733751296997,2.519724130630493,2.716306447982788,1.8336483240127563,1.1686656475067139,-0.4914247989654541,-0.4864141047000885,1.1719202995300293,2.01003098487854,2.503791093826294,2.790310859680176,2.94913649559021,2.417424201965332,1.3588937520980835,-0.37581098079681396,-0.4088853597640991,-0.412177711725235,-0.4188786447048187,-0.4191296100616455,-0.4214368760585785,-0.4193868935108185]
[-0.4199114739894867,-0.4188432991504669,-0.41949430108070374,-0.4194541871547699,-0.41836509108543396,-0.4150080978870392,-0.4098157584667206,-0.41005921363830566,1.6641719341278076,3.1684279441833496,1.7666176557540894,1.959022045135498,-0.04427212476730347,1.1476067304611206,2.75880765914917,2.923311471939087,3.025700807571411,2.6697072982788086,2.928102731704712,2.0058112144470215,-0.35828858613967896,-0.39746910333633423,-0.4152581989765167,-0.41899511218070984,-0.42017653584480286,-0.41874319314956665,-0.42052048444747925,-0.41898420453071594]
[-0.4191780388355255,-0.4176684021949768,-0.4186052978038788,-0.41765373945236206,-0.41728854179382324,-0.4150591194629669,-0.4121997654438019,-0.4114672839641571,-0.09701789170503616,2.2323808670043945,2.5197465419769287,2.646782398223877,3.016481399536133,2.564046621322632,2.7910308837890625,2.406492233276367,2.9443199634552,2.6750335693359375,2.3418467044830322,-0.02445921301841736,-0.40256714820861816,-0.408470094203949,-0.41835206747055054,-0.41680067777633667,-0.42113614082336426,-0.41989511251449585,-0.4205838441848755,-0.4191421568393707]
[-0.42000511288642883,-0.4187149405479431,-0.4193439483642578,-0.4185340702533722,-0.4189584255218506,-0.4152950346469879,-0.4131866991519928,-0.4133337438106537,-0.4164915382862091,-0.20840319991111755,1.2404181957244873,2.0667834281921387,1.8112399578094482,2.206361770629883,2.832704782485962,2.5897154808044434,3.2755329608917236,1.8495290279388428,-0.03487101197242737,-0.38939085602760315,-0.4075412452220917,-0.4123552739620209,-0.41929179430007935,-0.4179908335208893,-0.42077723145484924,-0.4190712869167328,-0.41936537623405457,-0.41853293776512146]
[-0.42014893889427185,-0.4182884097099304,-0.4178805649280548,-0.4170330762863159,-0.41730964183807373,-0.4142591059207916,-0.4132706820964813,-0.4110381603240967,-0.3992602229118347,-0.4546792209148407,-0.38801315426826477,0.7723530530929565,0.8642226457595825,1.8710297346115112,3.0274605751037598,2.8157362937927246,2.423157215118408,0.25264063477516174,-0.3989602029323578,-0.40254515409469604,-0.40649619698524475,-0.410906583070755,-0.4180450737476349,-0.4172412157058716,-0.4203842878341675,-0.41892576217651367,-0.4205448627471924,-0.41889718174934387]
[-0.42123550176620483,-0.4184509217739105,-0.4177738130092621,-0.4171389639377594,-0.41703590750694275,-0.41544246673583984,-0.4144860506057739,-0.41068580746650696,-0.40231430530548096,-0.41016262769699097,-0.4034711420536041,-0.38072770833969116,0.8479915857315063,2.875504970550537,2.7509143352508545,2.520153045654297,1.1776902675628662,-0.36925292015075684,-0.39628535509109497,-0.40359601378440857,-0.40953490138053894,-0.4137858748435974,-0.41774219274520874,-0.4178708791732788,-0.4196489453315735,-0.4186394214630127,-0.4206109642982483,-0.4183427095413208]
[-0.42026424407958984,-0.41810840368270874,-0.41778096556663513,-0.4156903624534607,-0.4170528054237366,-0.4153170585632324,-0.4148818254470825,-0.4122786521911621,-0.4105747938156128,-0.4138544797897339,-0.402292937040329,-0.4236941337585449,0.9596743583679199,2.5167558193206787,2.642566442489624,1.8405911922454834,-0.32609450817108154,-0.3848777711391449,-0.40621477365493774,-0.41005998849868774,-0.4152480363845825,-0.4151514768600464,-0.4173887073993683,-0.4171931743621826,-0.4183654189109802,-0.4183836877346039,-0.4201876223087311,-0.41859641671180725]
[-0.418974369764328,-0.41851675510406494,-0.4189152121543884,-0.41704824566841125,-0.41770869493484497,-0.4163878262042999,-0.4171271324157715,-0.41380053758621216,-0.410383939743042,-0.41211220622062683,-0.4024984836578369,-0.41326290369033813,2.0564022064208984,2.6068577766418457,2.833284854888916,1.6348531246185303,-0.38335174322128296,-0.39513903856277466,-0.4092574417591095,-0.41332364082336426,-0.41847532987594604,-0.4178195893764496,-0.4167312681674957,-0.4172922372817993,-0.41799962520599365,-0.4183087944984436,-0.4207477271556854,-0.41829821467399597]
[-0.41953304409980774,-0.41754674911499023,-0.41760241985321045,-0.4161289632320404,-0.4177982211112976,-0.41507938504219055,-0.4166659414768219,-0.41260212659835815,-0.4153459072113037,-0.4153144657611847,-0.4054235816001892,-0.40633898973464966,1.7730969190597534,3.0620813369750977,2.456700563430786,0.5244427919387817,-0.3879413306713104,-0.3975399136543274,-0.41488519310951233,-0.41561341285705566,-0.4180493950843811,-0.41679733991622925,-0.41707366704940796,-0.4168771803379059,-0.4181203246116638,-0.41910111904144287,-0.42031559348106384,-0.41897571086883545]
[-0.41826847195625305,-0.4182088077068329,-0.4186986982822418,-0.41796544194221497,-0.4187942445278168,-0.4157349467277527,-0.41708675026893616,-0.41459545493125916,-0.4175390303134918,-0.4167271554470062,-0.4084928035736084,-0.3986107110977173,0.3583884537220001,2.33686900138855,2.2346105575561523,-0.32255691289901733,-0.39752691984176636,-0.40619391202926636,-0.4166121184825897,-0.4164647161960602,-0.4182531535625458,-0.4169999063014984,-0.4179823696613312,-0.4171494245529175,-0.4187711477279663,-0.4189666211605072,-0.42005452513694763,-0.4187092185020447]
[-0.4184841215610504,-0.4165371060371399,-0.4185176491737366,-0.4167913496494293,-0.41795411705970764,-0.41705790162086487,-0.4190281331539154,-0.4151380956172943,-0.4181422293186188,-0.4181239604949951,-0.41688209772109985,-0.39987844228744507,-0.4550502598285675,0.2105833888053894,0.40214839577674866,-0.39034754037857056,-0.4141765832901001,-0.41236597299575806,-0.4152715802192688,-0.4168302118778229,-0.4183568060398102,-0.41703781485557556,-0.4181099236011505,-0.41734641790390015,-0.4187483489513397,-0.41890209913253784,-0.4212062656879425,-0.4206494987010956]
[-0.4189188480377197,-0.41783273220062256,-0.4180981516838074,-0.4181627929210663,-0.4182071387767792,-0.41775110363960266,-0.41968104243278503,-0.4186943471431732,-0.42058560252189636,-0.41838446259498596,-0.4174944758415222,-0.40101465582847595,-0.4432618021965027,-0.5085189938545227,-0.40951040387153625,-0.4069786071777344,-0.41133081912994385,-0.41483351588249207,-0.4166663885116577,-0.418095201253891,-0.41782933473587036,-0.41750088334083557,-0.41796842217445374,-0.41770491003990173,-0.4199153780937195,-0.4191717207431793,-0.4210585951805115,-0.420960396528244]
[-0.4190528988838196,-0.4159458577632904,-0.4182223975658417,-0.41853439807891846,-0.4196961224079132,-0.4179411232471466,-0.4199216663837433,-0.42001354694366455,-0.4196859896183014,-0.416585773229599,-0.4172459542751312,-0.40889376401901245,-0.43152493238449097,-0.4177202582359314,-0.41617095470428467,-0.407157838344574,-0.4098791778087616,-0.4126976430416107,-0.41617441177368164,-0.4157255291938782,-0.4180605113506317,-0.41694504022598267,-0.4183005690574646,-0.41643989086151123,-0.4195132255554199,-0.4174478054046631,-0.41981786489486694,-0.4194505214691162]
[-0.4180913269519806,-0.4194222390651703,-0.41977789998054504,-0.41886940598487854,-0.42011815309524536,-0.4193846583366394,-0.41928595304489136,-0.4212341606616974,-0.41916534304618835,-0.41749873757362366,-0.41901499032974243,-0.4114023745059967,-0.41562023758888245,-0.40491801500320435,-0.40549570322036743,-0.40819334983825684,-0.4099010229110718,-0.4100029170513153,-0.4124927818775177,-0.4140012860298157,-0.4161204993724823,-0.4183189868927002,-0.41816750168800354,-0.4175984859466553,-0.42002469301223755,-0.41852086782455444,-0.42023226618766785,-0.41738951206207275]
