[-0.41749387979507446,-0.4188433885574341,-0.419956773519516,-0.4178740382194519,-0.41995272040367126,-0.4186949133872986,-0.4199945330619812,-0.4182450771331787,-0.42043328285217285,-0.41934144496917725,-0.4214519262313843,-0.418532133102417,-0.4239790737628937,-0.4203810691833496,-0.4191421568393707,-0.41699108481407166,-0.41343769431114197,-0.4162473976612091,-0.4166533648967743,-0.4139557480812073,-0.4154764413833618,-0.41589242219924927,-0.41600096225738525,-0.41656893491744995,-0.41734400391578674,-0.4148116111755371,-0.4141547381877899,-0.41117140650749207]
[-0.4188840687274933,-0.4192558825016022,-0.4200248122215271,-0.41811907291412354,-0.41918009519577026,-0.4184298813343048,-0.4191761612892151,-0.41842910647392273,-0.41863521933555603,-0.4160866439342499,-0.4181937277317047,-0.4166741669178009,-0.4257814586162567,-0.4158622920513153,-0.4137892723083496,-0.41562002897262573,-0.41331008076667786,-0.41441333293914795,-0.41690537333488464,-0.41501617431640625,-0.41582179069519043,-0.41437551379203796,-0.4172140657901764,-0.4166862368583679,-0.4178636372089386,-0.41712281107902527,-0.4174173176288605,-0.4150983691215515]
[-0.420337438583374,-0.41938266158103943,-0.4197802245616913,-0.4185807704925537,-0.41983136534690857,-0.4188844859600067,-0.4194549322128296,-0.41894441843032837,-0.41898247599601746,-0.4172966480255127,-0.41686883568763733,-0.420379638671875,-0.41771385073661804,-0.41705524921417236,-0.4111487865447998,-0.4090863764286041,-0.4043351113796234,-0.40789487957954407,-0.41635504364967346,-0.4149605631828308,-0.41630643606185913,-0.41611939668655396,-0.4185222387313843,-0.4150363504886627,-0.4174295663833618,-0.41752147674560547,-0.41817691922187805,-0.4175850749015808]
[-0.421553373336792,-0.42043548822402954,-0.42034974694252014,-0.41872438788414,-0.42063283920288086,-0.41910356283187866,-0.41951942443847656,-0.41809558868408203,-0.41966018080711365,-0.41649407148361206,-0.41191479563713074,-0.41311484575271606,-0.44977518916130066,-0.4930359721183777,-0.567388653755188,-0.4165630638599396,-0.3911077082157135,-0.410196989774704,-0.41240859031677246,-0.41719913482666016,-0.4198416769504547,-0.4165799021720886,-0.4210749566555023,-0.4169805943965912,-0.4196568727493286,-0.41684553027153015,-0.41797685623168945,-0.4157218635082245]
[-0.4199012517929077,-0.4191323518753052,-0.4196878671646118,-0.4176904857158661,-0.4199575185775757,-0.4182654321193695,-0.4181325435638428,-0.41732892394065857,-0.41848552227020264,-0.4154477119445801,-0.3941982090473175,-0.32585597038269043,0.2951909303665161,1.9360549449920654,1.0371736288070679,-0.36347830295562744,-0.3811447024345398,-0.4053557813167572,-0.406901091337204,-0.4132566452026367,-0.4135207235813141,-0.4145565330982208,-0.41990959644317627,-0.41595157980918884,-0.41897955536842346,-0.4184812307357788,-0.4186772108078003,-0.4172147512435913]
[-0.42116862535476685,-0.4198351502418518,-0.4194808304309845,-0.41858378052711487,-0.41953158378601074,-0.41820815205574036,-0.41876810789108276,-0.4167390465736389,-0.41717490553855896,-0.4124535620212555,-0.2397921085357666,1.9384543895721436,3.06022310256958,2.3401377201080322,2.898463010787964,1.8613096475601196,-0.37887337803840637,-0.4116499423980713,-0.4164167046546936,-0.40684282779693604,-0.4121073782444,-0.41454336047172546,-0.418960839509964,-0.4178580343723297,-0.4195888936519623,-0.4187261164188385,-0.4186823070049286,-0.4166037142276764]
[-0.42131611704826355,-0.419325053691864,-0.41837528347969055,-0.41839927434921265,-0.41936832666397095,-0.4175695776939392,-0.4183965027332306,-0.4172214865684509,-0.41647058725357056,-0.41388431191444397,-0.38192102313041687,1.235767126083374,3.4011173248291016,1.943570852279663,2.0353941917419434,2.93497371673584,1.1484687328338623,-0.3006483316421509,-0.3949085474014282,-0.4069264829158783,-0.4067626893520355,-0.41142430901527405,-0.41786137223243713,-0.41564682126045227,-0.4183650016784668,-0.4185541570186615,-0.42026758193969727,-0.4185129702091217]
[-0.4224018156528473,-0.4199463725090027,-0.41924983263015747,-0.4183691442012787,-0.41860413551330566,-0.4172971248626709,-0.41734400391578674,-0.4165467321872711,-0.4152987599372864,-0.4100395441055298,-0.4063807725906372,0.5113413333892822,2.9150824546813965,3.1875967979431152,1.9811441898345947,2.2801101207733154,2.7421886920928955,1.953803300857544,-0.27097439765930176,-0.39102527499198914,-0.40341654419898987,-0.4093777537345886,-0.4179428219795227,-0.4166516065597534,-0.4182106852531433,-0.4182051420211792,-0.4194645881652832,-0.4177266061306]
[-0.4220757782459259,-0.419019490480423,-0.4188753366470337,-0.41817712783813477,-0.41865813732147217,-0.41692349314689636,-0.41862741112709045,-0.41659942269325256,-0.4152657985687256,-0.4133835434913635,-0.42426806688308716,0.808074951171875,2.0931947231292725,2.6266438961029053,2.7387382984161377,2.9159648418426514,2.3425710201263428,3.0763533115386963,1.3256160020828247,-0.3827878534793854,-0.4021623730659485,-0.4049170911312103,-0.41559651494026184,-0.41619446873664856,-0.41733235120773315,-0.4164655804634094,-0.41900378465652466,-0.4185080826282501]
[-0.42110034823417664,-0.41928619146347046,-0.4194529950618744,-0.41764217615127563,-0.41889533400535583,-0.41712579131126404,-0.41797539591789246,-0.4167995750904083,-0.4155977666378021,-0.40751978754997253,-0.34694868326187134,1.7427136898040771,2.982348918914795,2.387080669403076,2.701909065246582,2.7360265254974365,2.217437505722046,2.767857313156128,2.162144422531128,-0.36749881505966187,-0.39902764558792114,-0.4032018780708313,-0.41400736570358276,-0.4159215986728668,-0.4176275134086609,-0.4179355800151825,-0.4186530113220215,-0.417843759059906]
[-0.42087164521217346,-0.41951486468315125,-0.41896766424179077,-0.4179947078227997,-0.4186670184135437,-0.41628292202949524,-0.41829416155815125,-0.4152218997478485,-0.4165914058685303,-0.4138876497745514,0.5232948064804077,2.4359681606292725,2.9916093349456787,2.329253673553467,1.3276392221450806,1.5482947826385498,0.7115410566329956,2.8916430473327637,2.5398266315460205,0.7466261386871338,-0.3846166729927063,-0.40360721945762634,-0.4074646234512329,-0.4131382703781128,-0.4176022708415985,-0.4176136255264282,-0.4192059338092804,-0.4178979694843292]
[-0.41942697763442993,-0.41891103982925415,-0.41829198598861694,-0.41855737566947937,-0.41955628991127014,-0.4178129732608795,-0.417030394077301,-0.4127166271209717,-0.4234964847564697,-0.24663691222667694,1.4920690059661865,3.2346420288085938,1.7202266454696655,-0.2915422320365906,-0.3444371819496155,-0.4046982228755951,-0.038777656853199005,2.5143113136291504,2.326859474182129,1.9120993614196777,-0.39731380343437195,-0.40577369928359985,-0.40235015749931335,-0.4134196639060974,-0.4149726927280426,-0.4177897572517395,-0.4192008674144745,-0.418907105922699]
[-0.42013683915138245,-0.41856399178504944,-0.418230801820755,-0.4189084768295288,-0.4184194803237915,-0.4161092936992645,-0.41855818033218384,-0.4152671992778778,-0.41685715317726135,0.2863074243068695,0.8977657556533813,0.10814155638217926,-0.41441699862480164,-0.37287190556526184,-0.3933725357055664,-0.519382119178772,0.5285065174102783,2.7211697101593018,3.050020456314087,2.523383140563965,0.1232929527759552,-0.3271148204803467,-0.4014981985092163,-0.4058346450328827,-0.4151560068130493,-0.41776013374328613,-0.41990670561790466,-0.4182790219783783]
[-0.4198562204837799,-0.4184114634990692,-0.4174387753009796,-0.41794779896736145,-0.4184930920600891,-0.4187408983707428,-0.4160583019256592,-0.4139660894870758,-0.4367437958717346,-0.3299597203731537,-0.4149591028690338,-0.4646357297897339,-0.4067710340023041,-0.3934803903102875,-0.4139385521411896,-0.3674381971359253,1.7856218814849854,2.0047402381896973,2.91544246673584,2.5679004192352295,2.4635910987854004,1.9051265716552734,-0.41981613636016846,-0.39928731322288513,-0.4171956777572632,-0.4160573184490204,-0.4184248745441437,-0.41768211126327515]
[-0.4197985529899597,-0.41731348633766174,-0.4176373779773712,-0.4170246422290802,-0.4193360209465027,-0.41657572984695435,-0.41195088624954224,-0.3420417904853821,0.03955434262752533,-0.39742884039878845,-0.432263046503067,-0.4261596202850342,-0.4028773307800293,-0.42637166380882263,0.23695707321166992,2.1289215087890625,2.7887260913848877,2.5054922103881836,2.5237720012664795,2.276179075241089,3.459282636642456,2.2004573345184326,-0.40713921189308167,-0.4050178527832031,-0.41324320435523987,-0.41589704155921936,-0.41784214973449707,-0.41576480865478516]
[-0.4183550477027893,-0.4180763363838196,-0.4178403913974762,-0.41735512018203735,-0.4181256592273712,-0.4164872169494629,-0.40808340907096863,-0.06065252423286438,1.314945101737976,0.8485877513885498,-0.43221592903137207,-0.4316878318786621,-0.3342139720916748,0.8947005271911621,2.8858044147491455,3.0453672409057617,2.9681994915008545,2.005986452102661,0.28721654415130615,0.9275310039520264,2.235936403274536,1.5215219259262085,-0.3722919821739197,-0.4006388783454895,-0.4096701443195343,-0.41202089190483093,-0.4142364263534546,-0.4177653193473816]
[-0.41991400718688965,-0.4184272289276123,-0.4169795513153076,-0.417141318321228,-0.4181307852268219,-0.4141181707382202,-0.42727887630462646,0.7026727199554443,1.9085707664489746,2.159259080886841,1.7841992378234863,1.2320162057876587,1.9986279010772705,2.4758145809173584,2.6781766414642334,1.7752107381820679,1.4471920728683472,0.6993228197097778,-0.63948655128479,0.38516029715538025,1.7435542345046997,0.9183875322341919,-0.14959831535816193,-0.36012715101242065,-0.4070465564727783,-0.4003851115703583,-0.41267138719558716,-0.41730499267578125]
[-0.4193192720413208,-0.4185839891433716,-0.4152977764606476,-0.41592803597450256,-0.41838985681533813,-0.4114304780960083,-0.3513246178627014,1.4418585300445557,2.2988169193267822,2.6620683670043945,2.306816339492798,2.1004679203033447,2.869248628616333,3.061800003051758,2.8375425338745117,1.3991527557373047,-0.40211886167526245,-0.14240387082099915,0.594875693321228,2.079167604446411,2.0225532054901123,1.901318073272705,1.7656863927841187,0.744484543800354,-0.44154834747314453,-0.37369611859321594,-0.4067375957965851,-0.41568735241889954]
[-0.4199063181877136,-0.41622114181518555,-0.417270302772522,-0.4174082279205322,-0.41795530915260315,-0.4094858765602112,-0.2650194764137268,1.9229273796081543,3.0172064304351807,2.339808464050293,2.2181742191314697,2.81935715675354,3.5632829666137695,2.757667064666748,2.2290403842926025,-0.28350043296813965,-0.3684348464012146,-0.07874111831188202,2.310356378555298,2.9825868606567383,1.9983267784118652,2.9564177989959717,3.005485773086548,2.9801313877105713,1.6053560972213745,0.19293290376663208,-0.4179251790046692,-0.4161330759525299]
[-0.4188215732574463,-0.41746801137924194,-0.41596025228500366,-0.4166308641433716,-0.4205186367034912,-0.4075808823108673,-0.14350038766860962,2.530932903289795,2.136101484298706,2.764639139175415,2.272268056869507,1.100244164466858,0.9546250104904175,1.2740137577056885,0.6361725330352783,0.23369556665420532,0.42789867520332336,1.864933967590332,2.152332305908203,2.386699676513672,2.7890257835388184,3.1277730464935303,3.2953383922576904,3.7104151248931885,1.997485637664795,-0.3832559585571289,-0.41014161705970764,-0.41230589151382446]
[-0.4180629849433899,-0.415915846824646,-0.4162820279598236,-0.41375666856765747,-0.4173053801059723,-0.40673425793647766,-0.3252629339694977,1.5572710037231445,1.6132320165634155,1.3891899585723877,-0.23311735689640045,-0.4363192915916443,-0.4774221181869507,-0.4246232211589813,-0.43483400344848633,-0.41333064436912537,-0.3566773235797882,-0.14360229671001434,0.3335846960544586,0.907433271408081,0.8841292858123779,0.4917580783367157,0.30322369933128357,3.388197422027588,1.1837666034698486,-0.4320754408836365,-0.4134393632411957,-0.40944939851760864]
[-0.4173303246498108,-0.41705772280693054,-0.41607466340065,-0.4141451418399811,-0.4178827106952667,-0.4084280729293823,-0.4392750859260559,-0.36176058650016785,-0.2316909283399582,-0.3647710084915161,-0.4011499881744385,-0.4031386971473694,-0.4104045331478119,-0.41210639476776123,-0.41876938939094543,-0.41636791825294495,-0.3915579319000244,-0.3538471758365631,-0.34389883279800415,-0.3914295732975006,-0.357210636138916,-0.3497585356235504,-0.6299170255661011,0.6651670932769775,0.5928164720535278,-0.2993074655532837,-0.42084333300590515,-0.40906476974487305]
[-0.41793468594551086,-0.4159599840641022,-0.41594889760017395,-0.4115651547908783,-0.41677340865135193,-0.4095035791397095,-0.40574488043785095,-0.3946349322795868,-0.39059534668922424,-0.39935100078582764,-0.4103846549987793,-0.40261757373809814,-0.4056670665740967,-0.41154277324676514,-0.41531306505203247,-0.41336625814437866,-0.4020044207572937,-0.3901018500328064,-0.40621504187583923,-0.3995210528373718,-0.38913312554359436,-0.3844226598739624,-0.4700363576412201,-0.3951311707496643,0.8858280181884766,0.9476217031478882,-0.40261325240135193,-0.4135873317718506]
[-0.41821879148483276,-0.4163183867931366,-0.416233628988266,-0.41258305311203003,-0.4165944457054138,-0.4130263328552246,-0.41095831990242004,-0.40193843841552734,-0.3997946083545685,-0.40158969163894653,-0.4075436592102051,-0.4055684208869934,-0.40765827894210815,-0.4103659689426422,-0.41853728890419006,-0.4149128496646881,-0.41190996766090393,-0.41117992997169495,-0.40609806776046753,-0.4007889926433563,-0.3980117738246918,-0.3992033898830414,-0.4227634370326996,-0.40511617064476013,0.7582521438598633,1.6410479545593262,0.2257227599620819,-0.41431164741516113]
[-0.41775864362716675,-0.41601067781448364,-0.41711363196372986,-0.41167446970939636,-0.4152541756629944,-0.4122592806816101,-0.41315901279449463,-0.41201251745224,-0.41257521510124207,-0.40854719281196594,-0.4159815311431885,-0.410386323928833,-0.41224777698516846,-0.40972739458084106,-0.419033020734787,-0.4154168367385864,-0.4169003665447235,-0.4144386351108551,-0.4198955297470093,-0.4142579734325409,-0.4154680669307709,-0.4152942895889282,-0.41840478777885437,-0.4086892902851105,0.381565123796463,1.0927937030792236,0.3098069131374359,-0.4064343273639679]
[-0.41838765144348145,-0.41739776730537415,-0.41931983828544617,-0.41435548663139343,-0.4148528575897217,-0.4150989353656769,-0.41484472155570984,-0.4153807461261749,-0.41631442308425903,-0.4134436547756195,-0.4157848656177521,-0.4109605848789215,-0.4150460660457611,-0.41447797417640686,-0.4192447364330292,-0.4156394302845001,-0.4183591902256012,-0.41721662878990173,-0.41851264238357544,-0.416785329580307,-0.4184322655200958,-0.4156113266944885,-0.41409367322921753,-0.4083935618400574,-0.307991087436676,-0.10944588482379913,-0.2727912366390228,-0.40815290808677673]
[-0.41980698704719543,-0.4179060757160187,-0.4203488528728485,-0.4141157865524292,-0.41467592120170593,-0.41329169273376465,-0.41580456495285034,-0.41582196950912476,-0.4188252091407776,-0.4138890206813812,-0.41697537899017334,-0.4137120842933655,-0.4165342450141907,-0.41480425000190735,-0.4174270033836365,-0.41673222184181213,-0.41888606548309326,-0.4174104630947113,-0.42066895961761475,-0.4156932234764099,-0.41718026995658875,-0.4151892066001892,-0.4135357737541199,-0.40096521377563477,-0.41325727105140686,-0.4093201458454132,-0.41839224100112915,-0.40976837277412415]
[-0.4182875454425812,-0.41798341274261475,-0.4206479787826538,-0.4182126224040985,-0.4144967496395111,-0.4166125953197479,-0.4188704490661621,-0.4198254942893982,-0.41908055543899536,-0.4155808687210083,-0.41999781131744385,-0.4155849516391754,-0.4145216941833496,-0.4155067801475525,-0.41678252816200256,-0.4204894006252289,-0.4187559187412262,-0.41793808341026306,-0.42286980152130127,-0.41814467310905457,-0.42024919390678406,-0.417524129152298,-0.41478246450424194,-0.40151679515838623,-0.4028598368167877,-0.409772127866745,-0.4075610637664795,-0.4013327360153198]
