[-0.41586408019065857,-0.41741201281547546,-0.4191359877586365,-0.4173545837402344,-0.41967225074768066,-0.4178658127784729,-0.4201800525188446,-0.41896775364875793,-0.41892924904823303,-0.41848224401474,-0.41873419284820557,-0.41618484258651733,-0.4203982353210449,-0.4195748567581177,-0.4212806522846222,-0.41960060596466064,-0.41584545373916626,-0.413798063993454,1.4494967460632324,2.9418740272521973,2.7691686153411865,1.4486119747161865,-0.34948045015335083,-0.38490062952041626,-0.4034539461135864,-0.407240092754364,-0.4099361002445221,-0.40660855174064636]
[-0.41738924384117126,-0.4175295829772949,-0.4182060658931732,-0.41660648584365845,-0.41949889063835144,-0.41753989458084106,-0.4197828769683838,-0.4184831380844116,-0.4177528917789459,-0.41559699177742004,-0.41441264748573303,-0.41491520404815674,-0.41965845227241516,-0.4175116717815399,-0.41828790307044983,-0.4175795316696167,-0.4177641272544861,-0.40106815099716187,1.24385666847229,2.475691556930542,1.442726969718933,-0.31232476234436035,-0.3868218958377838,-0.39945319294929504,-0.4074191153049469,-0.41178616881370544,-0.4159311354160309,-0.4139330983161926]
[-0.41987356543540955,-0.4182131886482239,-0.4175994098186493,-0.41625842452049255,-0.4187779724597931,-0.41636645793914795,-0.41759157180786133,-0.41795262694358826,-0.41298264265060425,-0.41607674956321716,-0.4115491509437561,-0.32378873229026794,-0.3284513056278229,-0.41028961539268494,-0.40610992908477783,-0.4179912507534027,-0.4104610085487366,-0.39937490224838257,0.5326002836227417,-0.07390034943819046,-0.3498718738555908,-0.39491745829582214,-0.4112311601638794,-0.41042861342430115,-0.4125538468360901,-0.4167311489582062,-0.4176866412162781,-0.4164968729019165]
[-0.4194544553756714,-0.4189949035644531,-0.4183136224746704,-0.41679319739341736,-0.41722992062568665,-0.41603100299835205,-0.4154009521007538,-0.4210907816886902,-0.4113679826259613,-0.38211363554000854,-0.33041295409202576,0.8079797029495239,0.18887931108474731,-0.4394896924495697,-0.5522476434707642,-0.4947158694267273,-0.4492015540599823,-0.438579797744751,-0.4014340043067932,-0.3973635733127594,-0.4022506773471832,-0.4085231125354767,-0.4138219654560089,-0.41550546884536743,-0.41686108708381653,-0.4165860414505005,-0.41912803053855896,-0.41750532388687134]
[-0.41964754462242126,-0.4182339310646057,-0.41780152916908264,-0.4177754521369934,-0.4165011942386627,-0.4179561138153076,-0.41619181632995605,-0.2972468137741089,-0.18595707416534424,0.8479576110839844,2.7722482681274414,3.4011168479919434,2.1158812046051025,2.5338292121887207,1.1328601837158203,0.27180564403533936,0.447419136762619,0.7786276340484619,-0.32881277799606323,-0.3984889090061188,-0.40707752108573914,-0.40369147062301636,-0.4157198965549469,-0.4164998531341553,-0.41773658990859985,-0.41744622588157654,-0.4193688631057739,-0.41742220520973206]
[-0.42000359296798706,-0.41898229718208313,-0.41815152764320374,-0.41699284315109253,-0.4126911163330078,-0.4152812063694,0.1232178658246994,1.680808186531067,2.657115936279297,2.58138370513916,3.7198598384857178,2.8657619953155518,2.773319721221924,2.138700246810913,2.9935219287872314,3.397545576095581,3.314296007156372,3.2020583152770996,0.9588022232055664,-0.40770941972732544,-0.402303010225296,-0.4035130739212036,-0.413617342710495,-0.4178462028503418,-0.4197506308555603,-0.4188692271709442,-0.4194844365119934,-0.4171472489833832]
[-0.4210546612739563,-0.41787445545196533,-0.41880369186401367,-0.41795480251312256,-0.4097180664539337,-0.38089919090270996,0.0283125638961792,2.2713582515716553,2.6884846687316895,2.495083808898926,2.1220428943634033,2.127593517303467,2.08305025100708,1.8045662641525269,2.0457472801208496,3.1494686603546143,2.7750298976898193,2.615807294845581,2.1760449409484863,0.27137839794158936,-0.3863813877105713,-0.4016227126121521,-0.40838825702667236,-0.4154092073440552,-0.418103963136673,-0.4178087115287781,-0.41996049880981445,-0.4174967408180237]
[-0.42150235176086426,-0.41982752084732056,-0.4181040823459625,-0.41853201389312744,-0.3709026873111725,0.2590698003768921,0.7010776996612549,2.699795722961426,1.9606685638427734,3.510613203048706,3.0922152996063232,2.451913595199585,2.661177158355713,2.1524155139923096,1.3873655796051025,2.0548110008239746,2.7485697269439697,2.4634792804718018,3.102224588394165,2.115957021713257,-0.40793856978416443,-0.4058646261692047,-0.407436341047287,-0.416098415851593,-0.41962578892707825,-0.41826388239860535,-0.4197867810726166,-0.4162847101688385]
[-0.42105740308761597,-0.4180527329444885,-0.41694220900535583,-0.4170333445072174,-0.4029223620891571,-0.3849408030509949,-0.4247927963733673,0.12426640093326569,-0.3439784049987793,-0.17792338132858276,0.16838881373405457,1.535699725151062,0.8444522619247437,2.0735597610473633,0.39175495505332947,0.06334605813026428,1.3066797256469727,1.7579907178878784,3.2096056938171387,2.9007678031921387,0.08355200290679932,-0.40564921498298645,-0.41118037700653076,-0.4170297086238861,-0.41949790716171265,-0.4182048738002777,-0.4204784631729126,-0.41722458600997925]
[-0.4212382137775421,-0.41938620805740356,-0.4186471402645111,-0.41930803656578064,-0.40930646657943726,-0.40703490376472473,-0.4303806722164154,-0.39498212933540344,-0.41028013825416565,-0.3522205352783203,-0.4142967462539673,0.07583454251289368,0.16933673620224,-0.44668856263160706,-0.11308463662862778,-0.6721922159194946,1.0340484380722046,2.194129228591919,3.129992723464966,2.2179784774780273,-0.41074302792549133,-0.4074600636959076,-0.4148627817630768,-0.41710323095321655,-0.4204641580581665,-0.41896313428878784,-0.4198108911514282,-0.41693228483200073]
[-0.419756680727005,-0.41884610056877136,-0.416949063539505,-0.4176616668701172,-0.4156283736228943,-0.41153454780578613,-0.41464221477508545,-0.4106670320034027,-0.41864216327667236,-0.4018733501434326,-0.3940676152706146,-0.4536117911338806,-0.3255500793457031,-0.2718381881713867,0.15682891011238098,0.06760315597057343,2.240996837615967,3.027275800704956,2.6392247676849365,0.04674595594406128,-0.3968229293823242,-0.40908950567245483,-0.4168306291103363,-0.41780543327331543,-0.42086154222488403,-0.41857028007507324,-0.4209217429161072,-0.4173279404640198]
[-0.42009836435317993,-0.41879841685295105,-0.4189102053642273,-0.4174784719944,-0.4200597405433655,-0.41588714718818665,-0.41469496488571167,-0.410104900598526,-0.4087713658809662,-0.40516120195388794,-0.39259231090545654,-0.4148666560649872,0.4729667603969574,1.961015224456787,1.8839523792266846,1.993474006652832,2.8004684448242188,2.30446457862854,0.7849818468093872,-0.37653329968452454,-0.38851994276046753,-0.4122801423072815,-0.4202597141265869,-0.4182792007923126,-0.4197615087032318,-0.41902315616607666,-0.4204449951648712,-0.41862568259239197]
[-0.4191565215587616,-0.4167588949203491,-0.41747811436653137,-0.4153682291507721,-0.4193480610847473,-0.4157852232456207,-0.42069265246391296,-0.41477346420288086,-0.4174448251724243,-0.41596850752830505,-0.41098979115486145,-0.40778177976608276,1.7720483541488647,3.5102663040161133,2.396730899810791,2.153230905532837,2.3250339031219482,1.951138973236084,0.31835806369781494,-0.3758382201194763,-0.3923357129096985,-0.40720683336257935,-0.4190099239349365,-0.4207962453365326,-0.41941338777542114,-0.41843700408935547,-0.4207826256752014,-0.4197002053260803]
[-0.42068585753440857,-0.41798555850982666,-0.41853421926498413,-0.41528570652008057,-0.4194813668727875,-0.41773706674575806,-0.42008110880851746,-0.4155314862728119,-0.4179465174674988,-0.41389361023902893,-0.409789502620697,-0.41330984234809875,1.8361245393753052,2.7752232551574707,2.8757011890411377,1.9213871955871582,2.5883615016937256,1.8023040294647217,1.993994951248169,0.4961639940738678,-0.4005134701728821,-0.40870797634124756,-0.41603735089302063,-0.417385071516037,-0.4206293523311615,-0.41902679204940796,-0.4196278750896454,-0.419626921415329]
[-0.42133450508117676,-0.4178350269794464,-0.4184967875480652,-0.4158784747123718,-0.4173518419265747,-0.4167816638946533,-0.42057546973228455,-0.41548189520835876,-0.4183974266052246,-0.41299694776535034,-0.4173731505870819,-0.4273904263973236,-0.6192852258682251,1.2411431074142456,2.651705741882324,3.1649720668792725,3.6065900325775146,2.4235289096832275,2.7125673294067383,1.2520297765731812,-0.27883532643318176,-0.40453535318374634,-0.4170566499233246,-0.41653504967689514,-0.41966965794563293,-0.41911157965660095,-0.4189659655094147,-0.4194052219390869]
[-0.42210114002227783,-0.41894498467445374,-0.4187384843826294,-0.4172343611717224,-0.41938936710357666,-0.41858890652656555,-0.42033785581588745,-0.4180740714073181,-0.4184243679046631,-0.4157685935497284,-0.4253433346748352,-0.44728678464889526,0.14011621475219727,2.7251763343811035,2.938941478729248,2.2160699367523193,1.463073968887329,0.4548238217830658,-0.022042348980903625,0.897958517074585,1.7210533618927002,-0.35074007511138916,-0.4094836115837097,-0.4072038531303406,-0.4157906770706177,-0.4148007035255432,-0.4193858504295349,-0.4201027452945709]
[-0.4210805892944336,-0.4193631708621979,-0.4172584116458893,-0.4166834056377411,-0.41816315054893494,-0.41887766122817993,-0.4187934696674347,-0.41633594036102295,-0.41567906737327576,-0.4110702872276306,-0.4190194606781006,-0.44614094495773315,1.1591796875,3.5979628562927246,2.557164430618286,-0.3921468257904053,-0.3978405296802521,-0.3888435363769531,-0.4814686179161072,0.9415470361709595,2.8101134300231934,1.2230604887008667,-0.3571140766143799,-0.38481569290161133,-0.4058605134487152,-0.413204550743103,-0.4192814826965332,-0.4204998314380646]
[-0.4200860261917114,-0.41923582553863525,-0.41691404581069946,-0.41816821694374084,-0.4188729524612427,-0.4186093211174011,-0.419533908367157,-0.41656431555747986,-0.4096435010433197,-0.3983704745769501,-0.395446240901947,-0.2564423680305481,2.0118398666381836,1.8639674186706543,0.5532219409942627,-0.3475258946418762,-0.3627086877822876,-0.394501656293869,-0.5565695762634277,0.8366671800613403,2.2969584465026855,1.8456271886825562,0.45142313838005066,-0.4010627567768097,-0.3992055356502533,-0.40969371795654297,-0.415801465511322,-0.41833940148353577]
[-0.419626921415329,-0.4180005192756653,-0.41790542006492615,-0.4148252606391907,-0.41214269399642944,-0.41985538601875305,-0.4074326157569885,-0.41011345386505127,-0.39305543899536133,-0.40630167722702026,-0.18467693030834198,2.3731253147125244,3.3520750999450684,2.11855411529541,-0.04524249583482742,-0.46669793128967285,-0.3731011748313904,-0.4974186420440674,-0.6630550622940063,1.1366314888000488,1.7486730813980103,2.9561009407043457,2.4456846714019775,-0.35560929775238037,-0.40359383821487427,-0.41332384943962097,-0.42105984687805176,-0.422398179769516]
[-0.42284199595451355,-0.4246520400047302,-0.3729921877384186,-0.40131908655166626,-0.42558711767196655,-0.40506842732429504,-0.3912276029586792,-0.3600912392139435,-0.049670495092868805,1.1787192821502686,2.7315962314605713,2.350520372390747,3.084953784942627,2.493165969848633,1.45613694190979,0.5206069946289062,1.2196649312973022,0.9401280879974365,1.227246880531311,2.2544987201690674,2.145390033721924,3.5502405166625977,2.3652455806732178,-0.34321361780166626,-0.4041828513145447,-0.41572609543800354,-0.4181903600692749,-0.41862037777900696]
[-0.42412975430488586,0.2366587519645691,1.600967526435852,1.848201870918274,1.7581920623779297,0.3530631959438324,0.9532018899917603,2.3381102085113525,3.0598599910736084,3.2070159912109375,2.9375550746917725,2.5884323120117188,2.0691065788269043,2.1580803394317627,2.6536295413970947,2.0251214504241943,3.0937983989715576,1.9924941062927246,2.7149369716644287,2.8258578777313232,2.3564698696136475,1.8608061075210571,-0.19365108013153076,-0.37841179966926575,-0.4069705605506897,-0.4149986207485199,-0.42045366764068604,-0.41936194896698]
[-0.41216087341308594,1.1569594144821167,2.9528298377990723,3.4417755603790283,3.773364782333374,3.5069594383239746,2.673496723175049,2.5190393924713135,2.6412408351898193,2.5628821849823,2.894467353820801,2.392918109893799,2.091529607772827,2.12528133392334,3.1149611473083496,3.000131368637085,3.3360753059387207,2.9008591175079346,2.517063856124878,2.127084732055664,0.9346305131912231,-0.3287231922149658,-0.37794923782348633,-0.3996455669403076,-0.4108515679836273,-0.4180269241333008,-0.4222206473350525,-0.42051059007644653]
[-0.42367061972618103,1.2369616031646729,2.924612045288086,3.280078649520874,3.8731777667999268,3.0194504261016846,3.425295352935791,3.8610408306121826,2.777212142944336,2.801924705505371,3.0512495040893555,2.5673389434814453,2.432236433029175,2.5492355823516846,2.8773679733276367,2.294729232788086,2.3760733604431152,0.7452067136764526,-0.35623836517333984,-0.3279136121273041,-0.4084208309650421,-0.3903709650039673,-0.4086865186691284,-0.40654608607292175,-0.41459721326828003,-0.41734209656715393,-0.4231286346912384,-0.4201531410217285]
[-0.41650310158729553,0.32066455483436584,1.9642179012298584,2.8638620376586914,3.449273109436035,2.7024648189544678,3.03342866897583,2.8448095321655273,2.5707201957702637,2.3501691818237305,1.5003471374511719,0.2746503949165344,-0.306749165058136,-0.22586342692375183,-0.33655208349227905,-0.28294265270233154,-0.3068341314792633,-0.3463937044143677,-0.38110435009002686,-0.39861178398132324,-0.4083046019077301,-0.4050738215446472,-0.41109544038772583,-0.41109326481819153,-0.41643211245536804,-0.41939082741737366,-0.42163270711898804,-0.4199874699115753]
[-0.4242420196533203,-0.39760977029800415,-0.4450722336769104,-0.6099600791931152,-0.6477847099304199,-0.4801747798919678,-0.4092012345790863,-0.4603634476661682,-0.4114112854003906,-0.38555335998535156,-0.4565902054309845,-0.4125257432460785,-0.3772166967391968,-0.4061763286590576,-0.4123506546020508,-0.4087273180484772,-0.4051153361797333,-0.4100223779678345,-0.4180588722229004,-0.40308550000190735,-0.41457393765449524,-0.40824174880981445,-0.4136756360530853,-0.413882851600647,-0.4185284674167633,-0.41763150691986084,-0.4206851124763489,-0.4192917048931122]
[-0.421044260263443,-0.4032302796840668,-0.43976888060569763,-0.4580216407775879,-0.38307660818099976,-0.39036476612091064,-0.4127272367477417,-0.42833882570266724,-0.3764345347881317,-0.40536147356033325,-0.4051966071128845,-0.38108575344085693,-0.37445148825645447,-0.40393298864364624,-0.41114774346351624,-0.4180023968219757,-0.4171334207057953,-0.4145989418029785,-0.4158553183078766,-0.4138498902320862,-0.41754981875419617,-0.4136844873428345,-0.416567862033844,-0.4164813458919525,-0.417487770318985,-0.4182542562484741,-0.4184943437576294,-0.4212085008621216]
[-0.4270879626274109,-0.4107281565666199,-0.4212625324726105,-0.4000483453273773,-0.4039785861968994,-0.39234110713005066,-0.4033816456794739,-0.3802167475223541,-0.38855504989624023,-0.39400413632392883,-0.3952048420906067,-0.39073652029037476,-0.39806780219078064,-0.4079902470111847,-0.4152925908565521,-0.4218252897262573,-0.4165024161338806,-0.41804370284080505,-0.4245454668998718,-0.41804635524749756,-0.41908973455429077,-0.41697561740875244,-0.4169731140136719,-0.4159544110298157,-0.4178731143474579,-0.4161224663257599,-0.4179123640060425,-0.41986143589019775]
[-0.4213293194770813,-0.420362263917923,-0.4158673584461212,-0.4045547544956207,-0.41049298644065857,-0.411499559879303,-0.3969666659832001,-0.3963770270347595,-0.40443292260169983,-0.40425652265548706,-0.4019058346748352,-0.407227098941803,-0.4075469970703125,-0.41346946358680725,-0.41541191935539246,-0.41747456789016724,-0.4167766273021698,-0.4146711826324463,-0.42173609137535095,-0.4183925688266754,-0.420173704624176,-0.4187502861022949,-0.41623204946517944,-0.41820111870765686,-0.4187355935573578,-0.4142589867115021,-0.41573023796081543,-0.41510632634162903]
