[-0.4169360101222992,-0.4180481731891632,-0.42026644945144653,-0.4187868535518646,-0.42105743288993835,-0.41990020871162415,-0.41956111788749695,-0.41865378618240356,-0.41869616508483887,-0.4183007776737213,-0.4194878339767456,-0.417646199464798,-0.4216868579387665,-0.4161706566810608,-0.4143444299697876,-0.414320707321167,-0.4083355665206909,-0.4246905446052551,0.2061883807182312,1.7533050775527954,2.7961788177490234,2.376749277114868,0.4959375560283661,-0.30703073740005493,-0.397724986076355,-0.40632760524749756,-0.4108143448829651,-0.4075755774974823]
[-0.4191037118434906,-0.4198177754878998,-0.4207744002342224,-0.4200948178768158,-0.42083561420440674,-0.4202450215816498,-0.4206081032752991,-0.4191839396953583,-0.41846609115600586,-0.41761869192123413,-0.41970211267471313,-0.41631415486335754,-0.41898873448371887,-0.41902539134025574,-0.409640908241272,-0.42117786407470703,-0.4272894263267517,-0.021838881075382233,2.5965583324432373,2.474327802658081,3.0094971656799316,1.4681450128555298,-0.3341711163520813,-0.39302220940589905,-0.408604234457016,-0.41027116775512695,-0.41570889949798584,-0.4134126305580139]
[-0.4212051331996918,-0.42034393548965454,-0.42141294479370117,-0.4199966490268707,-0.4212217628955841,-0.42062777280807495,-0.42149102687835693,-0.41947200894355774,-0.419301837682724,-0.4175468683242798,-0.42005372047424316,-0.4167826473712921,-0.4142460227012634,-0.35615384578704834,-0.44151008129119873,-0.37980520725250244,1.365599513053894,2.7675535678863525,2.970140218734741,3.0329160690307617,1.2555652856826782,-0.2725047469139099,-0.3967808187007904,-0.4080028235912323,-0.4137999713420868,-0.412274569272995,-0.4176270663738251,-0.41330569982528687]
[-0.4213842749595642,-0.4206523597240448,-0.42114147543907166,-0.42020314931869507,-0.420828253030777,-0.42002713680267334,-0.4203547239303589,-0.4191911220550537,-0.4201017916202545,-0.4183553457260132,-0.41863900423049927,-0.41612187027931213,-0.3659442067146301,1.1090162992477417,1.499639630317688,1.9662165641784668,3.58280873298645,2.867877244949341,2.438094139099121,2.4390716552734375,-0.09710671752691269,-0.4076283872127533,-0.4045834243297577,-0.4110313057899475,-0.4153006076812744,-0.4147823452949524,-0.41814953088760376,-0.4132418632507324]
[-0.4203570783138275,-0.41979119181632996,-0.4211854636669159,-0.4198630154132843,-0.4212838411331177,-0.41985148191452026,-0.4198674261569977,-0.4182228744029999,-0.4189436733722687,-0.41678017377853394,-0.41469085216522217,-0.4037306010723114,0.724012017250061,3.228072166442871,2.499682903289795,3.4260199069976807,1.7845476865768433,1.451433539390564,2.52323579788208,1.4485352039337158,-0.4160606265068054,-0.4060169756412506,-0.4102153182029724,-0.4137386381626129,-0.4181528091430664,-0.41661709547042847,-0.4187553822994232,-0.415337473154068]
[-0.4208015501499176,-0.4199913442134857,-0.421220600605011,-0.4196804165840149,-0.4211953282356262,-0.4200447201728821,-0.4198811948299408,-0.41819465160369873,-0.4194556772708893,-0.4165954887866974,-0.41168490052223206,-0.3323161005973816,2.6965456008911133,2.322723865509033,2.2297184467315674,2.7635648250579834,2.153527021408081,1.6001075506210327,0.7908201217651367,-0.3775652348995209,-0.39658263325691223,-0.4052262604236603,-0.4143975079059601,-0.41675111651420593,-0.4211257994174957,-0.41795632243156433,-0.417766273021698,-0.41645264625549316]
[-0.4212808609008789,-0.4196113646030426,-0.4205668866634369,-0.4197390377521515,-0.42096012830734253,-0.4193781912326813,-0.4202984869480133,-0.41849273443222046,-0.4183715283870697,-0.4157489836215973,-0.40964144468307495,-0.30157268047332764,2.5874743461608887,2.292553186416626,2.36769962310791,1.8332566022872925,0.8917181491851807,0.13124945759773254,-0.34809303283691406,-0.3884400725364685,-0.4050620198249817,-0.4110598862171173,-0.4185824692249298,-0.4188283681869507,-0.420049250125885,-0.4173654615879059,-0.4185486435890198,-0.41782447695732117]
[-0.4212299883365631,-0.4198181629180908,-0.42094168066978455,-0.41991299390792847,-0.4210979640483856,-0.41921424865722656,-0.41989150643348694,-0.4188048541545868,-0.4182814657688141,-0.4153576195240021,-0.40830525755882263,-0.29881754517555237,2.2133800983428955,3.301732063293457,2.8505442142486572,0.7478383779525757,-0.382723331451416,-0.38835230469703674,-0.39116179943084717,-0.39901968836784363,-0.35998594760894775,-0.4029151499271393,-0.42298081517219543,-0.4174385964870453,-0.4198506772518158,-0.4184587299823761,-0.4189104437828064,-0.41819825768470764]
[-0.42129600048065186,-0.41980504989624023,-0.4207749366760254,-0.4197636544704437,-0.42042824625968933,-0.41986995935440063,-0.41958966851234436,-0.4175519645214081,-0.41642525792121887,-0.413248747587204,-0.39772093296051025,0.05653330683708191,2.5057473182678223,3.2597622871398926,2.287773370742798,-0.30351635813713074,-0.3814213275909424,-0.39743682742118835,-0.4106599986553192,-0.4040410816669464,-0.2849048674106598,-0.4067513346672058,-0.4211595356464386,-0.4199288487434387,-0.41960540413856506,-0.4190172255039215,-0.4186984598636627,-0.41808265447616577]
[-0.4213889539241791,-0.4199809730052948,-0.42090535163879395,-0.41954949498176575,-0.4202888011932373,-0.41902562975883484,-0.41880011558532715,-0.41770195960998535,-0.41628599166870117,-0.4099518656730652,-0.39039817452430725,1.395047664642334,2.817800521850586,2.491959810256958,1.1171139478683472,-0.34858444333076477,-0.3923569321632385,-0.4034527540206909,-0.41494476795196533,-0.40322110056877136,-0.39908239245414734,-0.4150967597961426,-0.4145571291446686,-0.41813692450523376,-0.4208902418613434,-0.41892263293266296,-0.41926348209381104,-0.41872626543045044]
[-0.42175811529159546,-0.4201618432998657,-0.4216749966144562,-0.4200562536716461,-0.4201342761516571,-0.419778436422348,-0.4179404377937317,-0.41636234521865845,-0.414968341588974,-0.4065878987312317,-0.24827873706817627,2.2271878719329834,2.8575518131256104,2.0013766288757324,-0.11972647160291672,-0.38044315576553345,-0.4006032645702362,-0.40830308198928833,-0.41209444403648376,-0.4056701064109802,-0.3741726577281952,-0.3867625594139099,-0.41227054595947266,-0.4109649956226349,-0.4155469536781311,-0.41890019178390503,-0.41901251673698425,-0.41837257146835327]
[-0.42177149653434753,-0.42074915766716003,-0.42140328884124756,-0.420258104801178,-0.42004188895225525,-0.41893187165260315,-0.41690924763679504,-0.41461116075515747,-0.4089995324611664,-0.4018424153327942,0.8780726194381714,2.383193016052246,2.455681324005127,0.8875539302825928,-0.3737785518169403,-0.395496666431427,-0.40779781341552734,-0.4093494415283203,-0.4183536767959595,-0.3307330012321472,0.9102253913879395,0.3076942265033722,-0.41348376870155334,-0.4038894772529602,-0.4143823981285095,-0.4166525602340698,-0.4183163642883301,-0.4178619980812073]
[-0.42106324434280396,-0.42062321305274963,-0.4213325083255768,-0.42035695910453796,-0.41952234506607056,-0.41912004351615906,-0.4153560996055603,-0.4132433235645294,-0.3959008455276489,0.4444437325000763,2.5124731063842773,2.6450605392456055,2.1462199687957764,-0.35120365023612976,-0.3996422588825226,-0.4049718976020813,-0.4039294421672821,-0.4140804409980774,-0.1799452304840088,2.136408567428589,2.5553138256073,1.2253206968307495,-0.3173329830169678,-0.38943010568618774,-0.40730082988739014,-0.4132000803947449,-0.41865357756614685,-0.41802242398262024]
[-0.4201233685016632,-0.42029494047164917,-0.42065420746803284,-0.4199347198009491,-0.4188891351222992,-0.41830992698669434,-0.41688409447669983,-0.4127236008644104,-0.20349809527397156,2.1426620483398438,2.794793128967285,2.2596163749694824,2.023468017578125,-0.4247126877307892,-0.31188061833381653,-0.2004719078540802,0.2585444152355194,1.0792207717895508,1.9434454441070557,2.88889479637146,3.0969231128692627,2.7185306549072266,0.44353559613227844,-0.394909143447876,-0.40472808480262756,-0.41277366876602173,-0.4179108142852783,-0.41764551401138306]
[-0.4196930229663849,-0.4204917848110199,-0.4207191467285156,-0.41902676224708557,-0.418521910905838,-0.4167242646217346,-0.4131220877170563,-0.40341994166374207,1.133788824081421,2.4359166622161865,2.481215238571167,2.409285545349121,1.4360140562057495,0.8394852876663208,2.229830741882324,2.1064937114715576,2.3369510173797607,2.923251152038574,2.1192116737365723,2.664034366607666,2.912055253982544,2.9088921546936035,1.352298378944397,-0.38617709279060364,-0.4066324830055237,-0.41379883885383606,-0.4184691309928894,-0.41827377676963806]
[-0.41884589195251465,-0.41953209042549133,-0.4205546975135803,-0.41985756158828735,-0.4186239242553711,-0.41708651185035706,-0.41443684697151184,-0.39733123779296875,2.016899824142456,2.513660192489624,2.647082567214966,2.4272799491882324,1.7370132207870483,2.226344108581543,3.0723559856414795,3.107421636581421,3.042424201965332,2.18290376663208,1.7015725374221802,2.085606098175049,2.498474597930908,2.2824888229370117,1.7853608131408691,-0.3824302852153778,-0.4081071615219116,-0.41425052285194397,-0.41696053743362427,-0.41723713278770447]
[-0.4198775291442871,-0.4200129210948944,-0.41989681124687195,-0.41935449838638306,-0.4183770418167114,-0.41563311219215393,-0.40691980719566345,-0.0395626425743103,2.5146780014038086,2.619961738586426,2.782802104949951,1.900329828262329,3.0103495121002197,3.5004029273986816,3.1956894397735596,2.3102216720581055,2.4623820781707764,2.36736798286438,2.0352606773376465,2.558248281478882,2.898690700531006,1.9432854652404785,0.9046570062637329,-0.3815506100654602,-0.40843868255615234,-0.4155336320400238,-0.41953521966934204,-0.41877084970474243]
[-0.42102697491645813,-0.41916176676750183,-0.42003098130226135,-0.419534832239151,-0.41849568486213684,-0.4155760705471039,-0.3431248664855957,1.1997214555740356,2.6534883975982666,2.5948503017425537,2.4871528148651123,2.255283832550049,2.8277413845062256,1.6625159978866577,2.4669198989868164,2.000779867172241,1.437483787536621,2.1837527751922607,2.122387170791626,2.548224449157715,2.699894905090332,0.98743736743927,-0.11964266002178192,-0.397554486989975,-0.4036869704723358,-0.41161760687828064,-0.417156845331192,-0.41921597719192505]
[-0.42081770300865173,-0.41908153891563416,-0.4199082553386688,-0.4186192452907562,-0.4185929298400879,-0.4135461151599884,-0.12744376063346863,2.4936606884002686,2.989469289779663,2.5161335468292236,2.474559783935547,2.6288886070251465,2.6692309379577637,2.6477272510528564,2.881061315536499,1.7147150039672852,2.4873509407043457,2.480903148651123,2.402219772338867,3.2261738777160645,2.4735491275787354,1.6443206071853638,0.1809273660182953,-0.3514455556869507,-0.39408817887306213,-0.4138147234916687,-0.41897058486938477,-0.4208390712738037]
[-0.420111745595932,-0.4193871021270752,-0.4194093644618988,-0.41817110776901245,-0.4191429913043976,-0.4138648808002472,-0.012026362121105194,2.5527584552764893,2.7008278369903564,2.6091790199279785,2.62734317779541,2.45078182220459,2.7954511642456055,3.020690679550171,2.7773284912109375,2.6575865745544434,3.3701584339141846,2.7851455211639404,2.1860575675964355,2.4790658950805664,1.7662670612335205,0.7647688388824463,0.2445116937160492,0.09502267837524414,-0.4139820337295532,-0.41770413517951965,-0.4149942994117737,-0.41907408833503723]
[-0.41928911209106445,-0.4183967411518097,-0.41899314522743225,-0.41672584414482117,-0.4186423718929291,-0.41384121775627136,-0.21464908123016357,1.8680920600891113,2.6552677154541016,2.883230209350586,2.0838570594787598,2.3735451698303223,2.1598238945007324,2.6727983951568604,2.445525884628296,2.5836992263793945,2.9632151126861572,2.6434624195098877,1.449649691581726,0.5140799283981323,-0.3570699393749237,-0.3839571177959442,-0.3220265507698059,0.5058000087738037,-0.3073469400405884,-0.4172038733959198,-0.41447657346725464,-0.4172254204750061]
[-0.4188900291919708,-0.41868019104003906,-0.4189445972442627,-0.41756898164749146,-0.4192250967025757,-0.4128883481025696,-0.4058532416820526,0.7790989875793457,2.2532405853271484,2.4596171379089355,2.625023365020752,2.3003451824188232,2.600245237350464,2.8061516284942627,2.3594295978546143,2.2511448860168457,1.8253939151763916,0.408151775598526,-0.3116641640663147,-0.4162578582763672,-0.4161165952682495,-0.4125079810619354,-0.41348767280578613,-0.03869704157114029,0.07990024983882904,-0.4025074541568756,-0.4148041903972626,-0.41715744137763977]
[-0.41963258385658264,-0.41795942187309265,-0.41945332288742065,-0.4176139831542969,-0.41812390089035034,-0.41397741436958313,-0.411214143037796,-0.35018646717071533,1.638016939163208,2.5334219932556152,2.7256102561950684,1.9510159492492676,1.048993468284607,0.9061706066131592,-0.025598734617233276,-0.35908085107803345,-0.3957691490650177,-0.40104612708091736,-0.40678510069847107,-0.40945374965667725,-0.41463661193847656,-0.4106258451938629,-0.4188060164451599,-0.41937509179115295,-0.005040422081947327,0.3643547296524048,-0.3814924955368042,-0.41157838702201843]
[-0.42030641436576843,-0.41806232929229736,-0.41913607716560364,-0.41673681139945984,-0.41880738735198975,-0.41521069407463074,-0.4073256850242615,-0.39570093154907227,-0.3533663749694824,-0.05300960689783096,-0.1986348181962967,-0.3470648527145386,-0.3473992347717285,-0.35784149169921875,-0.4045868217945099,-0.40221622586250305,-0.40599045157432556,-0.407320499420166,-0.4078785181045532,-0.40843725204467773,-0.4121687114238739,-0.41581645607948303,-0.4116857945919037,-0.4214627146720886,0.09209208190441132,1.1544544696807861,0.2729296088218689,-0.40285924077033997]
[-0.42016053199768066,-0.41764163970947266,-0.419780433177948,-0.41668248176574707,-0.41883140802383423,-0.4156673848628998,-0.417751669883728,-0.4077633321285248,-0.4237114489078522,-0.4245130121707916,-0.3970143496990204,-0.40881502628326416,-0.3952498733997345,-0.3991139531135559,-0.4145808815956116,-0.4155900478363037,-0.4121648371219635,-0.4093603491783142,-0.41796624660491943,-0.41622886061668396,-0.41625750064849854,-0.4159156084060669,-0.4134007692337036,-0.4175814688205719,0.02401547133922577,0.7974672317504883,-0.17732252180576324,-0.4058562219142914]
[-0.4206005334854126,-0.41880297660827637,-0.4194919764995575,-0.41707324981689453,-0.4183112680912018,-0.4164522588253021,-0.4169033467769623,-0.414354532957077,-0.41372284293174744,-0.40690353512763977,-0.403032511472702,-0.40229785442352295,-0.4019881784915924,-0.4072624742984772,-0.41527196764945984,-0.4137521982192993,-0.4153291881084442,-0.41662073135375977,-0.4186156988143921,-0.41869133710861206,-0.41945797204971313,-0.4169159531593323,-0.4130540192127228,-0.4091293513774872,-0.3811599612236023,-0.353096067905426,-0.3910602033138275,-0.41179537773132324]
[-0.4207943081855774,-0.4178772270679474,-0.41951993107795715,-0.4166419804096222,-0.4174273908138275,-0.4163661599159241,-0.41699501872062683,-0.4173784852027893,-0.4189051389694214,-0.4171309173107147,-0.41844993829727173,-0.4169429540634155,-0.41144421696662903,-0.4119828939437866,-0.4159708619117737,-0.41541337966918945,-0.4157020151615143,-0.4166603088378906,-0.4185297191143036,-0.4176436960697174,-0.4181026220321655,-0.41606977581977844,-0.41340017318725586,-0.4081016182899475,-0.406645804643631,-0.40595078468322754,-0.41544854640960693,-0.4175284504890442]
[-0.41951754689216614,-0.4182945191860199,-0.41931241750717163,-0.41880112886428833,-0.41912296414375305,-0.4188375473022461,-0.4194328784942627,-0.4197823703289032,-0.41993892192840576,-0.41571736335754395,-0.4187115430831909,-0.41704729199409485,-0.41614460945129395,-0.4177495539188385,-0.4182354509830475,-0.4163362979888916,-0.4159783720970154,-0.4189610481262207,-0.42047426104545593,-0.41840219497680664,-0.41969215869903564,-0.4144033193588257,-0.4130460321903229,-0.4092310965061188,-0.40964093804359436,-0.40868088603019714,-0.41334840655326843,-0.4095139503479004]
